0 9
1 21
2 24
3 39
4 47
5 39
6 38
7 38
8 41
9 46
10 38
11 31
12 38
13 46
14 51
15 52
16 46
17 46
18 46
19 43
20 35
21 57
22 65
23 69
24 83
25 90
26 81
27 75
28 85
29 82
30 105
31 71
32 86
33 71
34 75
35 89
36 94
37 85
38 92
39 113
40 96
41 94
42 85
43 105
44 86
45 88
46 130
47 72
48 109
49 104
50 86
51 115
52 90
53 97
54 105
55 116
56 104
57 124
58 94
59 123
60 121
61 147
62 114
63 103
64 130
65 115
66 128
67 122
68 122
69 141
70 90
71 105
72 115
73 122
74 109
75 121
76 136
77 137
78 141
79 136
80 125
81 138
82 140
83 146
84 141
85 158
86 125
87 132
88 113
89 130
90 135
91 171
92 151
93 168
94 206
95 188
96 163
97 185
98 209
99 185
100 148
101 213
102 192
103 205
104 228
105 213
106 221
107 185
108 203
109 209
110 214
111 185
112 212
113 236
114 209
115 225
116 219
117 213
118 218
119 242
120 192
121 233
122 238
123 209
124 199
125 227
126 215
127 198
128 206
129 189
130 205
131 221
132 193
133 207
134 216
135 226
136 183
137 188
138 211
139 206
140 219
141 238
142 229
143 194
144 222
145 224
146 188
147 248
148 212
149 229
150 221
151 214
152 224
153 196
154 185
155 194
156 224
157 217
158 177
159 186
160 278
161 203
162 197
163 224
