0 9
1 30
2 41
3 38
4 37
5 44
6 35
7 50
8 41
9 59
10 48
11 68
12 49
13 40
14 64
15 54
16 54
17 56
18 59
19 56
20 54
21 70
22 85
23 66
24 64
25 75
26 97
27 96
28 88
29 96
30 93
31 108
32 100
33 94
34 99
35 102
36 105
37 120
38 107
39 95
40 97
41 97
42 113
43 138
44 119
45 101
46 118
47 121
48 145
49 130
50 114
51 131
52 122
53 149
54 129
55 162
56 133
57 127
58 141
59 153
60 125
61 127
62 134
63 171
64 159
65 170
66 182
67 194
68 173
69 187
70 194
71 184
72 193
73 196
74 190
75 183
76 192
77 214
78 220
79 221
80 215
81 228
82 215
83 212
84 201
85 221
86 206
87 212
88 179
89 243
90 202
91 206
92 177
93 193
94 206
95 216
96 218
97 243
98 201
99 239
100 201
101 198
102 200
103 198
104 218
105 250
106 211
107 225
108 187
109 228
110 167
111 218
112 188
113 263
114 218
115 231
116 226
117 191
118 204
119 219
120 216
121 200
122 222
123 220
124 186
125 212
126 218
127 197
128 186
129 184
130 217
131 205
132 218
133 201
134 238
135 221
136 213
137 199
138 205
139 204
140 183
141 181
142 229
143 196
144 211
145 198
146 225
147 197
148 184
149 201
150 224
151 199
152 185
153 224
154 203
155 209
156 226
