0 0
1 0
2 0
3 7
4 18
5 22
6 23
7 22
8 30
9 28
10 31
11 37
12 31
13 26
14 32
15 25
16 26
17 31
18 29
19 27
20 27
21 35
22 36
23 39
24 45
25 38
26 51
27 52
28 54
29 57
30 60
31 67
32 65
33 71
34 67
35 62
36 66
37 76
38 68
39 77
40 63
41 79
42 70
43 68
44 88
45 80
46 76
47 74
48 80
49 67
50 82
51 72
52 83
53 96
54 94
55 87
56 71
57 89
58 83
59 80
60 94
61 77
62 101
63 93
64 72
65 87
66 65
67 72
68 89
69 69
70 97
71 90
72 93
73 101
74 73
75 92
76 89
77 89
78 95
79 87
80 84
81 95
82 101
83 84
84 96
85 100
86 95
87 75
88 93
89 87
90 86
91 90
92 96
93 104
94 107
95 95
96 92
97 99
98 111
99 96
100 102
101 98
102 100
103 95
104 98
105 105
106 106
107 112
108 92
109 92
110 103
111 87
112 101
113 113
114 103
115 87
116 99
117 94
118 103
119 86
120 98
121 99
122 107
123 80
124 91
125 102
126 100
127 94
128 101
129 97
130 100
131 108
132 110
133 110
134 109
135 121
136 100
137 110
138 111
