0 9
1 38
2 51
3 46
4 49
5 48
6 44
7 46
8 58
9 47
10 52
11 51
12 38
13 62
14 59
15 53
16 40
17 62
18 61
19 70
20 61
21 70
22 81
23 86
24 102
25 98
26 95
27 97
28 91
29 88
30 90
31 106
32 110
33 118
34 94
35 118
36 119
37 111
38 114
39 123
40 131
41 125
42 141
43 155
44 140
45 150
46 152
47 177
48 177
49 172
50 184
51 210
52 166
53 188
54 172
55 148
56 148
57 168
58 193
59 166
60 184
61 169
62 182
63 183
64 153
65 191
66 169
67 169
68 173
69 169
70 172
71 148
72 161
73 153
74 172
75 184
76 170
77 194
78 164
79 159
80 176
81 195
82 179
83 188
84 164
85 157
86 179
87 178
88 180
89 181
90 195
91 156
92 190
93 159
94 156
95 155
96 172
97 185
98 171
99 172
100 139
101 181
102 189
103 168
104 191
105 200
106 192
107 217
108 163
109 179
110 161
111 160
112 143
113 138
114 146
115 163
116 149
117 187
118 173
119 160
120 178
121 185
122 175
123 169
124 147
125 167
126 185
127 182
128 184
129 183
130 168
131 168
132 135
133 186
134 154
135 193
136 205
137 192
138 157
139 163
140 165
141 175
142 167
143 154
