0 0
1 0
2 0
3 0
4 0
5 0
6 0
7 0
8 0
9 0
10 0
11 0
12 0
13 0
14 0
15 0
16 0
17 0
18 0
19 0
20 0
21 0
22 0
23 0
24 0
25 20
26 21
27 30
28 25
29 26
30 32
31 36
32 32
33 30
34 28
35 31
36 33
37 33
38 39
39 40
40 39
41 35
42 37
43 41
44 52
45 47
46 49
47 37
48 44
49 42
50 40
51 39
52 40
53 45
54 38
55 45
56 64
57 71
58 74
59 76
60 76
61 74
62 66
63 69
64 70
65 85
66 77
67 88
68 87
69 88
70 87
71 90
72 84
73 85
74 90
75 84
76 92
77 94
78 83
79 97
80 87
81 85
82 93
83 106
84 104
85 101
86 105
87 93
88 96
89 109
90 101
91 100
92 93
93 90
94 89
95 89
96 105
97 100
98 91
99 99
100 91
101 96
102 99
103 94
104 100
105 107
106 97
107 96
108 101
109 100
110 100
111 113
112 102
113 107
114 106
115 114
116 103
117 113
118 97
119 108
120 103
121 114
122 109
123 109
124 101
125 110
126 99
127 109
128 110
129 113
130 102
131 109
132 105
133 110
134 106
135 110
136 121
137 110
138 123
139 111
140 105
141 126
142 112
143 102
144 115
145 113
146 116
147 118
148 133
149 124
150 118
151 128
152 113
153 139
154 128
