0 0
1 27
2 28
3 27
4 40
5 46
6 39
7 40
8 40
9 36
10 44
11 42
12 47
13 38
14 46
15 54
16 50
17 56
18 58
19 47
20 44
21 58
22 73
23 72
24 82
25 73
26 68
27 95
28 86
29 77
30 98
31 97
32 106
33 94
34 118
35 81
36 111
37 118
38 108
39 119
40 123
41 110
42 119
43 125
44 128
45 129
46 115
47 127
48 137
49 126
50 133
51 134
52 128
53 130
54 167
55 172
56 158
57 182
58 172
59 148
60 164
61 176
62 185
63 200
64 223
65 191
66 233
67 234
68 253
69 209
70 196
71 248
72 259
73 210
74 252
75 202
76 246
77 252
78 244
79 226
80 234
81 236
82 243
83 223
84 195
85 242
86 256
87 231
88 215
89 238
90 232
91 233
92 205
93 228
94 253
95 209
96 245
97 213
98 215
99 189
100 237
101 241
102 226
103 238
104 228
105 205
106 218
107 240
108 253
109 219
110 249
111 203
112 231
113 241
114 231
115 217
116 238
117 235
118 246
119 203
120 214
121 239
122 232
123 217
124 237
125 234
126 213
127 269
128 247
129 212
130 247
131 223
132 216
133 211
134 228
135 251
136 230
137 250
138 224
139 217
140 185
141 237
142 259
143 224
144 241
145 226
146 227
147 231
148 249
149 210
150 235
151 234
152 208
153 229
154 231
155 238
156 235
157 237
158 245
159 248
160 213
161 216
162 252
163 235
164 230
165 222
166 246
167 229
168 230
169 251
170 192
171 238
172 234
173 249
174 247
175 208
176 216
177 193
