0 0
1 0
2 0
3 1
4 1
5 0
6 1
7 1
8 1
9 0
10 1
11 0
12 1
13 1
14 1
15 1
16 1
17 0
18 0
19 0
20 0
21 0
22 0
23 0
24 0
25 0
26 0
27 0
28 0
29 0
30 31
31 38
32 41
33 66
34 73
35 80
36 87
37 79
38 82
39 100
40 83
41 93
42 83
43 85
44 89
45 95
46 102
47 109
48 110
49 117
50 119
51 108
52 117
53 103
54 128
55 117
56 124
57 130
58 138
59 127
60 142
61 144
62 130
63 142
64 135
65 138
66 149
67 159
68 127
69 143
70 147
71 144
72 151
73 145
74 157
75 146
76 159
77 167
78 164
79 174
80 171
81 180
82 192
83 193
84 178
85 161
86 199
87 181
88 186
89 189
90 191
91 203
92 207
93 205
94 202
95 209
96 211
97 193
98 196
99 219
100 218
101 211
102 194
103 202
104 223
105 194
106 222
107 207
108 223
109 225
110 204
111 211
112 204
113 192
114 225
115 204
116 206
117 206
118 186
119 205
120 202
121 187
122 220
123 220
124 194
125 198
126 215
127 213
128 198
129 199
130 198
131 202
132 202
133 205
134 208
135 211
136 208
137 219
138 203
