0 0
1 0
2 0
3 1
4 2
5 1
6 0
7 1
8 0
9 0
10 0
11 0
12 0
13 0
14 0
15 0
16 0
17 0
18 0
19 0
20 0
21 0
22 0
23 0
24 0
25 0
26 0
27 0
28 0
29 0
30 1
31 1
32 14
33 15
34 21
35 21
36 21
37 16
38 21
39 26
40 31
41 28
42 26
43 24
44 30
45 30
46 31
47 24
48 23
49 22
50 25
51 26
52 20
53 27
54 22
55 29
56 23
57 32
58 30
59 32
60 30
61 31
62 35
63 42
64 34
65 35
66 32
67 26
68 46
69 48
70 50
71 47
72 44
73 49
74 44
75 50
76 46
77 42
78 45
79 51
80 56
81 54
82 45
83 37
84 47
85 51
86 49
87 54
88 56
89 53
90 51
91 46
92 55
93 54
94 50
95 47
96 48
97 47
98 46
99 57
100 56
101 60
102 53
103 50
104 64
105 46
106 59
107 59
108 61
109 67
110 76
111 53
112 63
113 60
114 65
115 54
116 43
117 60
118 55
119 58
120 65
121 77
122 51
123 61
124 67
125 63
126 56
127 64
128 59
129 73
130 73
131 66
132 71
133 68
134 65
135 74
136 76
137 69
138 68
139 62
140 60
141 57
142 51
143 64
144 56
145 59
146 60
147 62
148 82
149 61
150 61
151 63
152 63
153 61
154 64
155 59
156 66
157 78
158 56
159 57
160 60
161 61
162 69
163 54
164 71
165 72
166 77
167 73
168 68
169 78
170 66
171 71
172 62
173 66
