0 0
1 0
2 0
3 0
4 0
5 0
6 0
7 0
8 0
9 0
10 0
11 0
12 0
13 0
14 0
15 0
16 0
17 0
18 19
19 23
20 20
21 24
22 49
23 48
24 55
25 53
26 56
27 53
28 59
29 48
30 59
31 55
32 59
33 53
34 69
35 66
36 71
37 69
38 70
39 68
40 74
41 77
42 68
43 70
44 86
45 73
46 73
47 76
48 73
49 74
50 91
51 73
52 69
53 73
54 70
55 75
56 76
57 62
58 80
59 93
60 82
61 81
62 80
63 73
64 76
65 76
66 94
67 78
68 93
69 86
70 79
71 83
72 90
73 86
74 85
75 81
76 88
77 90
78 85
79 78
80 99
81 99
82 88
83 94
84 80
85 102
86 88
87 82
88 92
89 94
90 92
91 92
92 99
93 103
94 106
95 101
96 115
97 112
98 116
99 110
100 110
101 116
102 103
103 114
104 116
105 119
106 121
107 125
108 129
109 108
110 117
111 115
112 112
113 124
114 127
115 113
116 108
117 103
118 120
119 114
120 121
121 129
122 110
123 106
124 129
125 113
126 123
127 119
128 136
129 116
130 128
131 118
132 120
133 104
134 134
135 123
136 130
137 141
138 136
