0 9
1 28
2 34
3 31
4 44
5 39
6 42
7 39
8 44
9 32
10 54
11 42
12 49
13 51
14 40
15 45
16 28
17 46
18 47
19 42
20 49
21 46
22 66
23 61
24 70
25 59
26 59
27 69
28 67
29 60
30 73
31 102
32 70
33 78
34 86
35 71
36 79
37 87
38 95
39 108
40 86
41 83
42 73
43 85
44 97
45 92
46 93
47 103
48 94
49 107
50 99
51 92
52 85
53 102
54 101
55 88
56 94
57 103
58 125
59 104
60 97
61 98
62 95
63 86
64 78
65 103
66 111
67 106
68 117
69 85
70 107
71 124
72 133
73 102
74 120
75 131
76 126
77 101
78 101
79 136
80 134
81 114
82 127
83 144
84 104
85 119
86 142
87 149
88 133
89 123
90 152
91 115
92 112
93 119
94 114
95 125
96 147
97 123
98 130
99 133
100 170
101 128
102 136
103 131
104 146
105 205
106 162
107 166
108 165
109 185
110 187
111 152
112 175
113 200
114 168
115 172
116 177
117 185
118 164
119 182
120 192
121 142
122 184
123 198
124 189
125 191
126 214
127 222
128 210
129 207
130 229
131 205
132 185
133 132
134 182
135 173
136 199
137 157
138 176
139 212
140 196
141 163
142 199
143 220
144 207
145 208
146 218
147 209
148 189
149 214
150 218
151 223
152 189
153 177
154 227
155 221
156 201
157 204
158 228
159 200
160 219
161 219
