0 0
1 0
2 0
3 0
4 0
5 0
6 0
7 1
8 0
9 0
10 0
11 0
12 0
13 0
14 0
15 9
16 23
17 30
18 33
19 36
20 30
21 49
22 58
23 66
24 61
25 77
26 87
27 84
28 96
29 103
30 94
31 94
32 114
33 113
34 122
35 131
36 114
37 115
38 128
39 111
40 107
41 125
42 123
43 118
44 129
45 141
46 148
47 138
48 144
49 162
50 142
51 144
52 148
53 149
54 151
55 155
56 152
57 151
58 143
59 143
60 182
61 170
62 184
63 187
64 163
65 178
66 180
67 181
68 194
69 155
70 165
71 188
72 193
73 181
74 212
75 230
76 210
77 255
78 220
79 256
80 237
81 253
82 263
83 251
84 243
85 230
86 248
87 227
88 223
89 243
90 248
91 271
92 231
93 225
94 233
95 251
96 262
97 251
98 259
99 246
100 246
101 247
102 242
103 246
104 252
105 246
106 252
107 255
108 257
109 245
110 269
111 233
112 243
113 245
114 247
115 230
116 268
117 236
118 274
119 228
120 244
121 256
122 247
123 231
124 251
125 245
