0 0
1 0
2 0
3 0
4 0
5 0
6 0
7 2
8 1
9 1
10 1
11 0
12 1
13 1
14 0
15 0
16 1
17 0
18 0
19 0
20 0
21 0
22 2
23 51
24 59
25 52
26 57
27 65
28 76
29 75
30 68
31 74
32 71
33 73
34 79
35 71
36 82
37 92
38 89
39 92
40 84
41 98
42 87
43 106
44 104
45 106
46 107
47 104
48 108
49 94
50 119
51 114
52 107
53 119
54 104
55 126
56 126
57 117
58 125
59 90
60 137
61 123
62 133
63 135
64 115
65 124
66 107
67 116
68 124
69 138
70 136
71 123
72 120
73 148
74 148
75 153
76 128
77 123
78 133
79 143
80 147
81 150
82 120
83 141
84 133
85 138
86 157
87 148
88 159
89 137
90 155
91 157
92 149
93 156
94 155
95 145
96 150
97 172
98 166
99 163
100 167
101 173
102 163
103 175
104 167
105 182
106 171
107 173
108 162
109 184
110 181
111 211
112 215
113 242
114 230
115 233
116 237
117 225
118 219
119 222
120 223
121 257
122 239
123 234
124 235
125 237
126 247
127 225
128 233
129 249
130 234
131 224
132 240
133 237
134 271
135 247
136 231
137 255
138 253
139 263
140 250
141 242
142 253
143 228
144 238
145 241
146 243
147 214
148 209
149 249
150 235
151 223
152 244
153 229
154 226
155 220
156 246
157 244
158 259
159 260
160 246
161 230
162 254
163 242
164 248
165 229
