0 0
1 0
2 0
3 0
4 0
5 0
6 0
7 0
8 0
9 0
10 0
11 0
12 0
13 0
14 0
15 0
16 0
17 0
18 0
19 0
20 0
21 0
22 0
23 0
24 0
25 0
26 0
27 0
28 22
29 31
30 26
31 29
32 28
33 26
34 29
35 33
36 41
37 37
38 44
39 39
40 40
41 36
42 40
43 34
44 43
45 37
46 35
47 31
48 33
49 39
50 39
51 36
52 38
53 43
54 43
55 42
56 39
57 35
58 38
59 36
60 34
61 40
62 40
63 40
64 43
65 41
66 45
67 39
68 41
69 40
70 40
71 48
72 46
73 68
74 73
75 70
76 71
77 73
78 70
79 72
80 73
81 75
82 77
83 69
84 86
85 82
86 84
87 78
88 83
89 95
90 89
91 82
92 88
93 91
94 92
95 94
96 90
97 84
98 77
99 93
100 83
101 88
102 91
103 102
104 84
105 91
106 90
107 91
108 87
109 92
110 95
111 95
112 96
113 97
114 97
115 95
116 108
117 117
118 95
119 114
120 116
121 106
122 104
123 99
124 101
125 98
126 104
127 105
128 110
129 120
130 113
131 122
132 110
133 125
134 119
135 115
136 113
137 116
138 121
139 125
140 123
141 120
142 127
143 143
144 128
145 120
146 124
147 128
