0 0
1 0
2 0
3 1
4 0
5 0
6 0
7 0
8 0
9 0
10 0
11 0
12 0
13 0
14 0
15 0
16 0
17 0
18 0
19 0
20 0
21 0
22 0
23 0
24 17
25 20
26 18
27 26
28 31
29 46
30 44
31 35
32 53
33 45
34 43
35 42
36 44
37 48
38 42
39 55
40 55
41 50
42 50
43 43
44 58
45 55
46 54
47 51
48 53
49 56
50 52
51 54
52 54
53 69
54 50
55 46
56 50
57 52
58 46
59 58
60 58
61 53
62 58
63 45
64 51
65 61
66 54
67 44
68 54
69 49
70 63
71 56
72 51
73 52
74 53
75 57
76 49
77 55
78 68
79 69
80 63
81 59
82 72
83 54
84 65
85 66
86 56
87 65
88 53
89 72
90 65
91 58
92 66
93 77
94 73
95 54
96 64
97 63
98 64
99 54
100 60
101 63
102 61
103 62
104 65
105 67
106 60
107 45
108 59
109 62
110 52
111 58
112 51
113 48
114 49
115 60
116 54
117 47
118 49
119 52
120 60
121 52
122 63
123 59
124 60
125 53
126 55
127 52
128 54
129 54
130 57
131 53
132 68
133 73
134 67
135 54
136 56
137 64
138 66
139 54
140 62
141 58
142 64
143 56
144 67
145 56
146 59
147 69
148 54
149 61
150 55
151 56
152 54
153 52
154 59
155 60
156 51
157 56
158 63
159 58
160 70
161 66
162 55
163 69
164 61
165 54
166 56
167 66
168 61
169 59
170 53
171 58
172 52
