0 0
1 0
2 0
3 0
4 0
5 0
6 0
7 1
8 0
9 0
10 0
11 0
12 0
13 0
14 0
15 0
16 0
17 0
18 0
19 0
20 0
21 0
22 0
23 0
24 0
25 0
26 14
27 17
28 26
29 24
30 27
31 28
32 28
33 29
34 31
35 35
36 26
37 25
38 29
39 38
40 22
41 20
42 27
43 30
44 22
45 27
46 30
47 27
48 29
49 22
50 27
51 35
52 29
53 29
54 26
55 30
56 34
57 24
58 27
59 30
60 28
61 23
62 20
63 20
64 29
65 27
66 30
67 24
68 25
69 23
70 25
71 25
72 24
73 22
74 32
75 33
76 24
77 33
78 28
79 25
80 28
81 31
82 26
83 22
84 30
85 28
86 30
87 24
88 24
89 33
90 26
91 30
92 25
93 26
94 35
95 29
96 32
97 37
98 35
99 25
100 27
101 33
102 25
103 22
104 27
105 22
106 24
107 36
108 19
109 23
110 47
111 43
112 50
113 57
114 49
115 46
116 46
117 51
118 49
119 58
120 59
121 49
122 56
123 50
124 58
125 63
126 49
127 51
128 64
129 59
130 63
131 62
132 41
133 63
134 53
135 48
136 49
137 42
138 58
139 49
140 51
141 51
142 65
143 70
144 53
145 61
146 61
147 54
148 44
149 55
150 52
151 62
152 56
153 57
154 70
155 60
156 72
157 75
158 61
159 69
160 58
161 60
162 59
163 78
164 85
165 79
