0 0
1 0
2 0
3 1
4 0
5 1
6 0
7 0
8 0
9 0
10 0
11 0
12 0
13 0
14 0
15 0
16 0
17 0
18 0
19 0
20 0
21 0
22 0
23 0
24 47
25 48
26 47
27 67
28 68
29 77
30 76
31 89
32 85
33 83
34 85
35 88
36 92
37 85
38 94
39 106
40 108
41 101
42 94
43 105
44 105
45 98
46 106
47 107
48 86
49 109
50 100
51 100
52 96
53 105
54 101
55 110
56 104
57 107
58 118
59 105
60 107
61 110
62 112
63 115
64 116
65 126
66 113
67 120
68 124
69 152
70 124
71 138
72 147
73 129
74 104
75 142
76 133
77 140
78 135
79 146
80 137
81 134
82 133
83 154
84 160
85 155
86 189
87 179
88 158
89 160
90 195
91 176
92 133
93 176
94 187
95 214
96 189
97 218
98 201
99 202
100 215
101 216
102 202
103 168
104 179
105 195
106 185
107 203
108 196
109 183
110 220
111 193
112 195
113 181
114 197
115 195
116 192
117 174
118 214
119 205
120 181
121 196
122 181
123 188
124 190
125 200
126 204
127 189
128 196
129 210
130 181
131 170
132 214
133 196
134 167
135 173
136 201
137 189
138 200
139 198
140 208
141 188
142 213
143 200
144 215
145 203
146 204
147 190
148 202
149 197
150 183
151 192
152 206
153 212
154 199
155 194
156 191
157 187
158 196
159 187
160 206
161 200
162 172
163 189
164 191
165 193
166 189
167 214
168 190
