0 0
1 0
2 0
3 0
4 3
5 21
6 18
7 21
8 23
9 30
10 34
11 30
12 26
13 27
14 31
15 33
16 33
17 32
18 36
19 31
20 41
21 47
22 45
23 37
24 42
25 51
26 39
27 45
28 44
29 43
30 47
31 56
32 42
33 50
34 64
35 54
36 54
37 50
38 67
39 49
40 60
41 59
42 47
43 44
44 61
45 58
46 64
47 58
48 55
49 69
50 52
51 58
52 65
53 65
54 65
55 69
56 67
57 64
58 61
59 70
60 69
61 64
62 67
63 73
64 71
65 54
66 63
67 61
68 70
69 59
70 68
71 62
72 64
73 67
74 72
75 64
76 58
77 68
78 63
79 82
80 70
81 63
82 63
83 61
84 66
85 61
86 54
87 60
88 55
89 56
90 63
91 52
92 48
93 58
94 57
95 57
96 60
97 50
98 63
99 51
100 57
101 58
102 71
103 71
104 74
105 74
106 81
107 75
108 78
109 70
110 79
111 70
112 79
113 63
114 67
115 66
116 73
117 68
118 68
119 73
120 71
121 71
122 69
123 66
124 59
125 57
126 60
127 63
128 75
129 64
130 63
131 70
132 66
133 80
134 78
135 74
136 74
137 77
138 71
139 76
140 58
141 74
142 65
143 62
144 82
145 85
146 89
147 77
148 59
149 72
150 72
151 81
152 76
153 65
154 75
155 71
156 66
157 71
158 88
159 73
160 83
161 64
162 68
163 58
164 74
165 70
166 66
