0 0
1 21
2 21
3 29
4 31
5 32
6 36
7 33
8 32
9 40
10 40
11 24
12 43
13 46
14 52
15 54
16 43
17 54
18 55
19 59
20 57
21 60
22 66
23 67
24 71
25 75
26 87
27 72
28 84
29 71
30 80
31 82
32 90
33 93
34 102
35 91
36 93
37 100
38 114
39 100
40 106
41 118
42 116
43 119
44 110
45 115
46 109
47 123
48 121
49 112
50 93
51 118
52 113
53 125
54 137
55 136
56 122
57 113
58 135
59 137
60 134
61 144
62 141
63 144
64 144
65 140
66 141
67 144
68 138
69 152
70 136
71 149
72 147
73 124
74 150
75 121
76 147
77 144
78 175
79 148
80 151
81 177
82 134
83 159
84 168
85 167
86 169
87 169
88 139
89 167
90 171
91 201
92 203
93 213
94 211
95 243
96 223
97 259
98 238
99 239
100 245
101 260
102 208
103 209
104 240
105 251
106 245
107 225
108 255
109 269
110 256
111 239
112 249
113 202
114 244
115 223
116 272
117 244
118 247
119 239
120 251
121 242
122 235
123 244
124 245
125 246
126 236
127 251
128 239
129 234
130 262
131 245
132 244
133 237
134 238
135 242
136 252
137 225
138 239
139 224
140 269
141 238
142 232
143 250
144 228
145 236
146 267
147 264
148 221
149 251
150 248
151 242
152 271
153 247
154 236
