0 9
1 38
2 41
3 46
4 43
5 44
6 51
7 49
8 51
9 49
10 59
11 58
12 47
13 65
14 58
15 45
16 41
17 53
18 48
19 67
20 38
21 64
22 78
23 77
24 85
25 96
26 96
27 92
28 94
29 115
30 106
31 134
32 110
33 100
34 120
35 84
36 88
37 116
38 125
39 104
40 113
41 103
42 147
43 124
44 126
45 146
46 163
47 158
48 140
49 146
50 140
51 134
52 128
53 112
54 159
55 134
56 137
57 128
58 141
59 146
60 134
61 137
62 133
63 147
64 151
65 146
66 151
67 183
68 191
69 222
70 214
71 236
72 215
73 210
74 217
75 186
76 219
77 220
78 199
79 211
80 200
81 215
82 217
83 184
84 208
85 201
86 184
87 231
88 215
89 180
90 210
91 226
92 210
93 236
94 215
95 225
96 200
97 244
98 238
99 220
100 179
101 201
102 222
103 227
104 220
105 201
106 205
107 213
108 226
109 208
110 191
111 197
112 207
113 221
114 201
115 219
116 195
117 211
118 204
119 235
120 194
121 226
122 206
123 215
124 201
125 239
126 243
127 194
128 212
129 231
130 182
131 198
132 221
133 212
134 201
135 193
136 203
137 203
138 185
139 207
140 234
141 226
142 220
143 199
144 221
145 207
146 199
147 193
148 178
149 219
150 222
151 196
152 208
153 196
154 194
155 235
156 195
157 235
158 232
159 197
160 216
161 196
162 205
