0 0
1 0
2 0
3 0
4 0
5 0
6 0
7 0
8 0
9 0
10 0
11 0
12 0
13 0
14 0
15 0
16 0
17 0
18 0
19 0
20 0
21 0
22 0
23 0
24 0
25 25
26 35
27 35
28 33
29 39
30 42
31 38
32 42
33 41
34 44
35 41
36 47
37 51
38 53
39 53
40 53
41 54
42 47
43 45
44 48
45 57
46 39
47 44
48 47
49 42
50 52
51 49
52 45
53 37
54 44
55 49
56 55
57 48
58 51
59 58
60 53
61 54
62 45
63 57
64 46
65 61
66 52
67 55
68 49
69 40
70 45
71 44
72 45
73 45
74 36
75 52
76 54
77 57
78 42
79 55
80 41
81 62
82 63
83 59
84 57
85 50
86 46
87 60
88 60
89 60
90 56
91 56
92 67
93 55
94 54
95 56
96 60
97 48
98 53
99 56
100 64
101 52
102 61
103 61
104 47
105 52
106 56
107 54
108 61
109 60
110 71
111 66
112 61
113 68
114 68
115 67
116 64
117 63
118 71
119 70
120 59
121 73
122 60
123 79
124 56
125 62
126 57
127 49
128 52
129 58
130 53
131 57
132 47
133 55
134 56
135 54
136 48
137 57
138 49
139 51
140 56
141 63
142 62
143 55
144 64
145 56
146 48
147 66
148 52
149 51
150 57
151 48
152 60
153 49
154 53
155 63
156 74
157 66
158 66
159 66
160 53
161 60
162 77
163 64
164 62
165 70
166 69
167 54
168 57
169 63
170 63
