0 0
1 0
2 0
3 0
4 0
5 0
6 0
7 0
8 0
9 0
10 0
11 0
12 0
13 0
14 0
15 0
16 0
17 0
18 0
19 0
20 0
21 0
22 0
23 0
24 0
25 0
26 0
27 0
28 12
29 12
30 20
31 22
32 16
33 27
34 24
35 28
36 21
37 23
38 27
39 19
40 21
41 25
42 20
43 19
44 26
45 21
46 15
47 26
48 26
49 28
50 29
51 24
52 29
53 24
54 23
55 26
56 23
57 24
58 27
59 22
60 27
61 26
62 28
63 27
64 27
65 21
66 24
67 27
68 20
69 23
70 22
71 21
72 19
73 23
74 25
75 25
76 31
77 19
78 23
79 27
80 29
81 32
82 28
83 31
84 30
85 24
86 20
87 26
88 21
89 22
90 22
91 30
92 32
93 25
94 33
95 34
96 35
97 34
98 27
99 27
100 38
101 33
102 32
103 29
104 27
105 32
106 31
107 25
108 31
109 32
110 35
111 32
112 35
113 28
114 25
115 26
116 23
117 23
118 22
119 27
120 25
121 29
122 13
123 24
124 27
125 21
126 22
127 25
128 32
129 26
130 30
131 28
132 29
133 23
134 26
135 26
136 27
137 36
138 35
139 36
140 27
141 37
142 36
143 31
144 20
145 29
146 31
147 34
148 36
149 37
150 31
151 39
152 30
153 35
154 30
155 40
156 36
157 26
158 33
159 30
160 28
