0 0
1 19
2 25
3 31
4 30
5 32
6 33
7 38
8 30
9 34
10 35
11 35
12 33
13 36
14 39
15 28
16 39
17 29
18 34
19 37
20 39
21 53
22 59
23 47
24 41
25 52
26 42
27 51
28 50
29 45
30 55
31 49
32 58
33 42
34 60
35 57
36 58
37 72
38 73
39 80
40 72
41 80
42 77
43 75
44 74
45 81
46 86
47 78
48 78
49 92
50 92
51 73
52 69
53 63
54 90
55 82
56 80
57 81
58 91
59 93
60 75
61 91
62 71
63 86
64 78
65 90
66 97
67 84
68 109
69 79
70 96
71 77
72 77
73 84
74 79
75 92
76 92
77 95
78 87
79 82
80 106
81 83
82 90
83 99
84 107
85 86
86 88
87 103
88 92
89 102
90 99
91 124
92 68
93 106
94 81
95 99
96 103
97 82
98 98
99 88
100 104
101 104
102 86
103 99
104 97
105 88
106 113
107 116
108 93
109 101
110 101
111 91
112 102
113 94
114 102
115 96
116 113
117 111
118 106
119 106
120 88
121 122
122 98
123 100
124 98
125 125
126 119
