0 0
1 0
2 0
3 0
4 1
5 0
6 1
7 0
8 1
9 1
10 2
11 0
12 1
13 2
14 2
15 1
16 1
17 0
18 0
19 0
20 0
21 0
22 0
23 0
24 0
25 0
26 0
27 0
28 0
29 18
30 17
31 17
32 24
33 24
34 25
35 22
36 25
37 32
38 24
39 28
40 30
41 29
42 27
43 22
44 22
45 22
46 24
47 26
48 25
49 23
50 24
51 25
52 24
53 18
54 20
55 21
56 24
57 23
58 26
59 24
60 23
61 24
62 18
63 24
64 23
65 26
66 28
67 24
68 31
69 32
70 25
71 17
72 26
73 24
74 23
75 19
76 35
77 38
78 35
79 36
80 36
81 40
82 42
83 36
84 38
85 33
86 35
87 39
88 40
89 53
90 44
91 37
92 37
93 40
94 45
95 44
96 44
97 44
98 50
99 39
100 45
101 43
102 46
103 46
104 36
105 45
106 44
107 38
108 51
109 44
110 41
111 41
112 45
113 45
114 47
115 47
116 51
117 41
118 43
119 55
120 49
121 48
122 49
123 49
124 50
125 53
126 51
127 51
128 54
129 49
130 52
131 55
132 49
133 55
134 48
135 47
136 43
137 51
138 56
139 59
140 55
141 54
142 57
143 61
144 53
145 45
146 49
147 49
148 52
149 56
150 56
151 51
152 66
153 52
154 59
155 57
156 54
157 49
158 42
159 44
160 38
161 41
162 40
163 39
164 44
165 42
