0 0
1 11
2 26
3 25
4 23
5 25
6 21
7 22
8 28
9 33
10 32
11 31
12 34
13 38
14 39
15 42
16 36
17 33
18 42
19 42
20 32
21 51
22 55
23 49
24 58
25 66
26 58
27 70
28 77
29 79
30 85
31 84
32 72
33 64
34 90
35 93
36 67
37 80
38 96
39 100
40 94
41 91
42 83
43 107
44 101
45 87
46 91
47 100
48 103
49 101
50 100
51 111
52 101
53 113
54 102
55 92
56 115
57 110
58 117
59 117
60 130
61 124
62 95
63 107
64 115
65 92
66 108
67 111
68 119
69 89
70 125
71 111
72 118
73 111
74 115
75 114
76 120
77 123
78 130
79 101
80 123
81 119
82 124
83 114
84 127
85 109
86 137
87 126
88 124
89 123
90 122
91 115
92 137
93 119
94 130
95 123
96 132
97 128
98 115
99 112
100 149
101 127
102 121
103 137
104 131
105 133
106 161
107 124
108 134
109 127
110 136
111 102
112 137
113 132
114 137
115 144
116 113
117 140
118 128
119 128
120 143
121 131
122 136
123 156
124 131
125 141
126 128
127 125
128 122
129 134
130 124
131 137
132 120
133 126
134 163
135 139
136 158
137 131
138 138
139 130
140 152
141 141
142 150
143 107
144 150
145 160
146 137
147 165
