0 0
1 0
2 0
3 0
4 0
5 0
6 0
7 0
8 0
9 0
10 0
11 0
12 0
13 0
14 0
15 0
16 0
17 0
18 0
19 0
20 0
21 0
22 0
23 0
24 0
25 0
26 0
27 0
28 24
29 23
30 24
31 23
32 21
33 22
34 20
35 21
36 20
37 24
38 22
39 20
40 21
41 29
42 23
43 20
44 19
45 20
46 27
47 23
48 38
49 38
50 38
51 43
52 48
53 45
54 31
55 46
56 45
57 47
58 35
59 46
60 38
61 37
62 48
63 45
64 49
65 40
66 38
67 40
68 36
69 39
70 46
71 47
72 50
73 44
74 53
75 50
76 51
77 50
78 54
79 50
80 45
81 45
82 48
83 50
84 53
85 53
86 50
87 57
88 51
89 43
90 48
91 47
92 39
93 40
94 41
95 32
96 44
97 41
98 42
99 49
100 48
101 38
102 44
103 40
104 34
105 44
106 45
107 51
108 45
109 41
110 52
111 44
112 51
113 56
114 47
115 35
116 44
117 35
118 50
119 37
120 45
121 48
122 47
123 49
124 53
125 43
126 54
127 46
128 58
129 50
130 45
131 51
132 58
133 46
134 45
135 44
136 51
137 51
138 44
139 43
140 47
141 53
142 48
143 55
144 44
145 46
146 44
147 41
148 47
149 37
150 38
151 42
152 45
153 50
154 52
155 48
156 48
157 51
158 52
159 40
160 53
161 47
162 51
163 56
164 47
165 40
166 45
167 41
168 47
169 50
170 44
