0 9
1 22
2 33
3 33
4 36
5 43
6 40
7 52
8 47
9 50
10 39
11 38
12 65
13 50
14 41
15 52
16 43
17 49
18 40
19 40
20 46
21 58
22 45
23 67
24 55
25 57
26 95
27 57
28 64
29 87
30 74
31 57
32 90
33 84
34 75
35 79
36 111
37 97
38 86
39 88
40 103
41 86
42 91
43 95
44 94
45 111
46 111
47 113
48 133
49 104
50 104
51 122
52 112
53 124
54 127
55 117
56 108
57 117
58 119
59 114
60 77
61 110
62 120
63 116
64 115
65 123
66 113
67 135
68 106
69 131
70 133
71 121
72 104
73 118
74 104
75 108
76 112
77 104
78 145
79 105
80 119
81 138
82 129
83 129
84 125
85 120
86 108
87 120
88 111
89 129
90 119
91 120
92 131
93 127
94 138
95 129
96 127
97 140
98 119
99 170
100 180
101 204
102 193
103 217
104 205
105 187
106 209
107 211
108 204
109 197
110 217
111 222
112 228
113 237
114 204
115 207
116 167
117 230
118 211
119 197
120 193
121 233
122 164
123 216
124 217
125 244
126 199
127 183
128 233
129 232
130 235
131 181
132 244
133 212
134 224
135 218
136 224
137 208
138 232
139 201
140 211
141 198
142 190
143 224
144 201
145 191
146 218
147 215
148 183
149 189
150 213
151 203
152 192
153 208
154 213
155 203
156 215
157 215
