0 0
1 0
2 0
3 0
4 0
5 0
6 0
7 0
8 0
9 0
10 0
11 0
12 0
13 0
14 0
15 0
16 0
17 0
18 0
19 0
20 0
21 0
22 0
23 0
24 0
25 0
26 0
27 0
28 0
29 31
30 25
31 27
32 27
33 30
34 32
35 34
36 35
37 32
38 36
39 33
40 36
41 47
42 57
43 61
44 62
45 61
46 67
47 59
48 65
49 71
50 64
51 68
52 68
53 73
54 77
55 76
56 79
57 72
58 70
59 65
60 68
61 67
62 64
63 74
64 78
65 74
66 89
67 86
68 75
69 84
70 89
71 92
72 87
73 84
74 91
75 93
76 94
77 81
78 83
79 79
80 68
81 78
82 93
83 94
84 93
85 91
86 92
87 89
88 98
89 105
90 115
91 102
92 99
93 100
94 106
95 104
96 102
97 102
98 103
99 105
100 102
101 92
102 96
103 92
104 96
105 92
106 95
107 99
108 104
109 105
110 98
111 96
112 107
113 107
114 100
115 102
116 106
117 96
118 98
119 104
120 99
121 100
122 105
123 115
124 113
125 113
126 103
127 108
128 116
129 109
130 108
131 124
132 117
133 134
134 113
135 109
136 123
137 109
138 127
139 120
140 129
141 128
142 126
143 133
144 133
145 127
146 125
147 114
148 117
149 123
150 129
151 129
152 131
153 132
154 135
155 128
156 129
157 136
158 131
159 113
160 139
161 127
162 135
163 130
164 126
165 133
166 117
167 141
168 130
169 126
170 133
171 117
172 121
