0 0
1 0
2 0
3 0
4 0
5 0
6 0
7 1
8 0
9 0
10 0
11 0
12 0
13 0
14 0
15 0
16 0
17 0
18 0
19 0
20 0
21 0
22 0
23 0
24 0
25 0
26 0
27 0
28 39
29 63
30 71
31 80
32 71
33 92
34 87
35 99
36 96
37 88
38 100
39 102
40 95
41 103
42 111
43 112
44 102
45 115
46 137
47 138
48 126
49 118
50 128
51 131
52 139
53 146
54 140
55 152
56 158
57 161
58 152
59 162
60 145
61 162
62 169
63 181
64 186
65 184
66 220
67 180
68 187
69 226
70 208
71 262
72 231
73 254
74 234
75 227
76 252
77 241
78 257
79 213
80 248
81 255
82 242
83 259
84 241
85 239
86 250
87 251
88 241
89 236
90 230
91 251
92 257
93 235
94 244
95 240
96 226
97 255
98 240
99 248
100 249
101 250
102 235
103 249
104 242
105 244
106 236
107 238
108 245
109 234
110 242
111 235
112 222
113 257
114 256
115 214
116 247
117 245
118 255
119 230
120 231
121 261
122 234
123 269
124 240
125 248
126 258
127 242
128 239
129 256
130 232
131 233
132 240
133 254
134 251
135 266
136 245
137 240
138 267
139 242
140 251
141 263
142 237
143 230
144 242
145 245
146 271
147 265
148 248
