0 0
1 0
2 1
3 1
4 0
5 0
6 0
7 2
8 2
9 0
10 0
11 1
12 1
13 1
14 1
15 1
16 1
17 1
18 1
19 1
20 0
21 0
22 0
23 1
24 2
25 0
26 0
27 0
28 0
29 0
30 0
31 1
32 25
33 26
34 26
35 29
36 28
37 30
38 36
39 34
40 39
41 37
42 40
43 42
44 42
45 37
46 26
47 27
48 33
49 30
50 27
51 23
52 27
53 35
54 31
55 31
56 34
57 37
58 41
59 26
60 32
61 35
62 36
63 31
64 33
65 33
66 31
67 35
68 35
69 23
70 27
71 32
72 35
73 31
74 40
75 27
76 31
77 29
78 45
79 47
80 47
81 56
82 58
83 48
84 56
85 55
86 59
87 52
88 64
89 66
90 57
91 55
92 64
93 68
94 61
95 57
96 63
97 63
98 69
99 57
100 43
101 53
102 55
103 61
104 52
105 60
106 53
107 59
108 45
109 56
110 54
111 57
112 50
113 56
114 60
115 67
116 51
117 66
118 62
119 68
120 62
121 59
122 77
123 77
124 74
125 69
126 65
127 72
128 71
129 65
130 58
131 68
132 68
133 59
134 67
135 75
136 71
137 68
138 62
139 64
140 60
141 61
142 73
143 69
144 58
145 57
146 73
147 59
148 60
149 69
150 61
151 72
152 66
153 65
154 66
155 76
156 76
157 70
158 66
159 72
160 69
161 67
