0 0
1 0
2 0
3 1
4 0
5 1
6 0
7 0
8 1
9 1
10 1
11 1
12 0
13 0
14 1
15 2
16 2
17 1
18 1
19 0
20 0
21 0
22 0
23 0
24 1
25 2
26 1
27 1
28 2
29 2
30 12
31 28
32 32
33 34
34 37
35 37
36 40
37 42
38 41
39 42
40 39
41 38
42 46
43 38
44 35
45 36
46 52
47 41
48 41
49 44
50 47
51 46
52 60
53 62
54 65
55 64
56 72
57 69
58 68
59 77
60 65
61 80
62 69
63 69
64 75
65 86
66 87
67 78
68 91
69 89
70 86
71 90
72 76
73 93
74 94
75 91
76 93
77 89
78 104
79 106
80 95
81 102
82 92
83 91
84 106
85 101
86 96
87 99
88 88
89 103
90 112
91 95
92 94
93 94
94 91
95 107
96 94
97 113
98 107
99 110
100 104
101 107
102 106
103 111
104 108
105 104
106 108
107 106
108 108
109 114
110 110
111 124
112 110
113 109
114 114
115 116
116 119
117 123
118 117
119 119
120 117
121 114
122 117
123 125
124 126
125 122
126 128
127 129
128 133
129 123
