0 0
1 0
2 0
3 1
4 0
5 1
6 1
7 0
8 2
9 1
10 1
11 1
12 0
13 0
14 1
15 1
16 2
17 1
18 2
19 1
20 1
21 1
22 1
23 1
24 0
25 20
26 28
27 30
28 37
29 39
30 43
31 39
32 49
33 49
34 50
35 52
36 47
37 50
38 50
39 56
40 51
41 55
42 56
43 55
44 64
45 56
46 56
47 52
48 56
49 63
50 63
51 57
52 54
53 65
54 66
55 50
56 53
57 57
58 69
59 71
60 62
61 80
62 67
63 63
64 66
65 70
66 64
67 80
68 75
69 74
70 65
71 64
72 61
73 74
74 66
75 74
76 64
77 82
78 99
79 109
80 124
81 113
82 125
83 114
84 131
85 116
86 129
87 122
88 119
89 129
90 116
91 131
92 127
93 123
94 119
95 122
96 119
97 134
98 131
99 127
100 134
101 133
102 126
103 137
104 131
105 153
106 137
107 150
108 140
109 140
110 156
111 154
112 148
113 157
114 129
115 155
116 160
117 168
118 180
119 176
120 185
121 190
122 169
123 181
124 172
125 175
126 187
127 167
128 184
129 196
130 217
131 216
132 197
133 232
134 229
135 227
136 243
137 241
138 234
139 209
140 229
141 236
142 229
143 243
144 252
145 239
146 239
147 233
148 255
149 241
150 241
151 239
152 233
153 224
154 237
155 251
156 235
157 225
158 222
159 252
160 248
