0 0
1 0
2 0
3 0
4 0
5 0
6 0
7 0
8 0
9 0
10 0
11 0
12 0
13 0
14 0
15 0
16 0
17 0
18 19
19 25
20 32
21 48
22 52
23 57
24 71
25 87
26 70
27 85
28 85
29 94
30 102
31 87
32 106
33 85
34 96
35 100
36 112
37 107
38 118
39 126
40 118
41 116
42 121
43 104
44 124
45 118
46 123
47 123
48 114
49 122
50 112
51 115
52 107
53 140
54 113
55 124
56 141
57 130
58 123
59 124
60 125
61 120
62 157
63 154
64 143
65 159
66 150
67 153
68 159
69 150
70 170
71 158
72 172
73 167
74 158
75 186
76 169
77 157
78 180
79 240
80 225
81 233
82 249
83 262
84 223
85 238
86 227
87 256
88 252
89 259
90 258
91 240
92 256
93 252
94 239
95 262
96 219
97 252
98 237
99 250
100 242
101 256
102 251
103 242
104 228
105 253
106 247
107 253
108 231
109 248
110 207
111 236
112 252
113 246
114 238
115 249
116 223
117 263
118 225
119 222
120 239
121 247
122 249
123 242
124 243
125 258
126 249
127 240
128 249
129 253
130 251
131 252
132 237
133 238
134 224
135 246
136 227
137 253
138 226
139 244
140 244
141 240
142 245
143 244
144 238
145 249
146 245
147 272
148 235
149 233
150 239
151 248
