0 0
1 0
2 0
3 0
4 0
5 0
6 0
7 0
8 0
9 0
10 0
11 0
12 0
13 0
14 0
15 0
16 0
17 0
18 0
19 0
20 0
21 0
22 0
23 0
24 0
25 0
26 0
27 0
28 0
29 0
30 0
31 0
32 0
33 0
34 0
35 0
36 0
37 0
38 1
39 2
40 0
41 1
42 0
43 0
44 0
45 0
46 0
47 0
48 0
49 0
50 0
51 0
52 0
53 0
54 0
55 0
56 0
57 0
58 0
59 0
60 0
61 0
62 0
63 0
64 0
65 0
66 0
67 0
68 0
69 0
70 0
71 0
72 0
73 0
74 0
75 0
76 0
77 0
78 0
79 0
80 0
81 0
82 0
83 0
84 0
85 0
86 0
87 0
88 0
89 0
90 0
91 0
92 0
93 0
94 0
95 0
96 0
97 0
98 0
99 0
100 0
101 0
102 0
103 0
104 0
105 19
106 23
107 17
108 19
109 24
110 17
111 21
112 19
113 22
114 22
115 22
116 21
117 22
118 24
119 16
120 21
121 19
122 20
123 23
124 20
125 15
126 24
127 19
128 23
129 17
130 20
131 18
132 22
133 15
134 12
135 18
136 24
137 19
138 27
139 20
140 23
141 20
142 21
143 20
144 26
145 22
146 27
147 19
148 27
149 27
150 22
151 20
152 20
153 21
154 24
155 18
156 20
157 25
158 22
159 16
160 20
161 28
162 26
163 24
164 24
165 27
166 20
