0 0
1 0
2 0
3 0
4 0
5 1
6 0
7 1
8 1
9 1
10 0
11 1
12 1
13 0
14 0
15 0
16 2
17 1
18 1
19 0
20 1
21 0
22 0
23 0
24 1
25 2
26 1
27 1
28 0
29 1
30 0
31 2
32 2
33 1
34 3
35 0
36 2
37 1
38 1
39 0
40 0
41 17
42 18
43 22
44 23
45 23
46 17
47 20
48 19
49 26
50 21
51 16
52 20
53 18
54 28
55 28
56 49
57 38
58 46
59 36
60 45
61 50
62 43
63 54
64 59
65 45
66 52
67 46
68 44
69 46
70 55
71 47
72 53
73 51
74 51
75 47
76 47
77 49
78 43
79 58
80 44
81 54
82 44
83 58
84 56
85 51
86 54
87 47
88 53
89 48
90 52
91 53
92 48
93 46
94 37
95 44
96 42
97 47
98 48
99 57
100 43
101 49
102 46
103 53
104 50
105 56
106 53
107 51
108 65
109 48
110 64
111 64
112 77
113 57
114 64
115 56
116 59
117 51
118 52
119 57
120 57
121 55
122 55
123 57
124 63
125 59
126 63
127 67
128 61
129 69
130 57
131 62
132 57
133 47
134 54
135 49
136 61
137 54
138 55
139 58
140 63
141 59
142 51
143 48
144 54
145 61
146 65
147 62
148 63
149 66
150 58
151 61
152 62
153 54
154 63
155 56
156 70
157 54
158 62
159 51
160 58
161 62
162 68
163 74
164 59
165 62
166 61
167 51
168 63
169 67
170 51
171 68
172 60
