0 0
1 0
2 0
3 0
4 0
5 0
6 0
7 0
8 0
9 0
10 0
11 0
12 0
13 0
14 0
15 0
16 0
17 0
18 0
19 0
20 0
21 0
22 29
23 49
24 52
25 48
26 46
27 55
28 42
29 52
30 64
31 75
32 76
33 73
34 77
35 68
36 66
37 77
38 77
39 70
40 87
41 73
42 81
43 79
44 83
45 81
46 82
47 87
48 76
49 96
50 93
51 93
52 83
53 89
54 94
55 92
56 87
57 101
58 92
59 71
60 88
61 80
62 92
63 76
64 88
65 88
66 84
67 86
68 96
69 73
70 99
71 92
72 89
73 94
74 90
75 68
76 90
77 103
78 96
79 94
80 87
81 91
82 88
83 83
84 71
85 85
86 95
87 83
88 103
89 85
90 89
91 92
92 79
93 86
94 102
95 99
96 97
97 99
98 103
99 113
100 103
101 70
102 108
103 97
104 87
105 84
106 85
107 92
108 86
109 104
110 99
111 97
112 99
113 89
114 115
115 95
116 100
117 106
118 97
119 106
120 98
121 99
122 120
123 103
124 99
125 115
126 100
127 120
128 127
129 115
130 108
131 123
132 101
133 116
134 98
135 97
136 125
137 105
138 105
139 115
