0 0
1 0
2 0
3 0
4 0
5 0
6 0
7 0
8 0
9 0
10 0
11 0
12 0
13 0
14 0
15 0
16 0
17 0
18 0
19 0
20 0
21 0
22 0
23 12
24 20
25 21
26 21
27 28
28 23
29 21
30 20
31 9
32 24
33 20
34 21
35 27
36 26
37 29
38 28
39 27
40 23
41 28
42 20
43 23
44 30
45 27
46 26
47 32
48 33
49 28
50 32
51 30
52 50
53 44
54 56
55 52
56 50
57 45
58 54
59 50
60 52
61 59
62 50
63 48
64 49
65 55
66 53
67 54
68 58
69 57
70 66
71 55
72 62
73 70
74 49
75 79
76 55
77 61
78 62
79 60
80 59
81 57
82 61
83 69
84 64
85 55
86 59
87 65
88 57
89 61
90 56
91 68
92 67
93 58
94 54
95 58
96 53
97 58
98 68
99 50
100 52
101 57
102 56
103 51
104 57
105 55
106 60
107 61
108 59
109 57
110 56
111 49
112 58
113 62
114 67
115 62
116 60
117 58
118 57
119 58
120 60
121 56
122 61
123 63
124 65
125 69
126 70
127 70
128 62
129 56
130 66
131 62
132 75
133 65
134 67
135 72
136 78
137 68
138 73
139 72
140 78
141 60
142 66
143 70
144 62
145 69
146 67
147 70
148 76
149 63
150 72
151 72
152 70
153 77
154 71
155 74
156 87
157 80
158 77
159 76
160 80
161 73
162 70
163 74
164 74
165 77
166 66
167 64
168 64
169 75
170 89
171 74
172 76
