0 9
1 37
2 39
3 46
4 40
5 35
6 40
7 52
8 49
9 45
10 58
11 56
12 53
13 57
14 57
15 57
16 62
17 61
18 48
19 67
20 59
21 60
22 64
23 83
24 86
25 80
26 66
27 108
28 92
29 91
30 88
31 91
32 84
33 104
34 95
35 95
36 104
37 118
38 112
39 118
40 111
41 129
42 104
43 108
44 125
45 130
46 136
47 145
48 116
49 111
50 116
51 147
52 150
53 139
54 149
55 168
56 192
57 154
58 166
59 191
60 191
61 184
62 200
63 175
64 160
65 156
66 196
67 172
68 207
69 181
70 160
71 190
72 195
73 165
74 171
75 189
76 177
77 175
78 180
79 188
80 144
81 146
82 170
83 181
84 177
85 171
86 142
87 133
88 153
89 177
90 191
91 171
92 128
93 153
94 147
95 182
96 171
97 151
98 160
99 162
100 164
101 159
102 160
103 163
104 165
105 174
106 159
107 164
108 178
109 141
110 175
111 137
112 153
113 148
114 141
115 163
116 174
117 167
118 151
119 180
120 157
121 164
122 167
123 182
124 183
125 148
126 172
127 148
128 175
129 134
130 198
131 158
132 200
133 169
134 186
135 183
136 161
137 174
138 162
139 156
140 174
141 192
142 174
143 163
144 177
145 182
146 160
147 153
148 175
149 155
150 162
151 228
152 179
153 165
154 176
155 160
156 165
157 158
158 186
159 169
160 173
161 151
162 148
163 155
164 145
165 180
166 176
167 162
168 192
169 182
