0 0
1 0
2 0
3 0
4 0
5 0
6 1
7 1
8 0
9 1
10 0
11 0
12 0
13 0
14 0
15 0
16 0
17 0
18 0
19 1
20 0
21 0
22 0
23 0
24 0
25 0
26 0
27 0
28 0
29 0
30 0
31 0
32 0
33 0
34 0
35 0
36 0
37 0
38 0
39 1
40 0
41 0
42 21
43 21
44 23
45 22
46 16
47 23
48 19
49 24
50 27
51 28
52 24
53 29
54 36
55 26
56 34
57 27
58 28
59 29
60 26
61 21
62 31
63 27
64 22
65 20
66 17
67 22
68 20
69 14
70 25
71 28
72 27
73 27
74 24
75 22
76 29
77 29
78 29
79 25
80 29
81 30
82 25
83 26
84 28
85 35
86 28
87 30
88 23
89 24
90 21
91 26
92 32
93 25
94 31
95 24
96 26
97 28
98 33
99 28
100 32
101 31
102 22
103 29
104 24
105 27
106 27
107 26
108 28
109 21
110 33
111 25
112 20
113 21
114 25
115 17
116 20
117 30
118 29
119 21
120 26
121 30
122 32
123 26
124 20
125 20
126 20
127 23
128 24
129 23
130 26
131 33
132 22
133 26
134 23
135 22
136 20
137 22
138 21
139 32
140 21
141 17
142 19
143 29
144 19
145 30
146 20
147 28
148 33
149 21
150 27
151 24
152 28
153 32
154 28
155 26
156 30
157 33
158 25
159 33
160 33
161 30
162 33
163 35
164 32
165 27
166 27
167 19
