0 0
1 0
2 0
3 0
4 0
5 1
6 0
7 0
8 0
9 0
10 0
11 1
12 1
13 2
14 1
15 1
16 1
17 1
18 1
19 1
20 2
21 1
22 1
23 0
24 0
25 1
26 2
27 2
28 1
29 2
30 1
31 2
32 0
33 0
34 6
35 24
36 34
37 36
38 32
39 29
40 30
41 40
42 40
43 44
44 44
45 34
46 35
47 36
48 40
49 59
50 61
51 63
52 64
53 70
54 64
55 70
56 76
57 72
58 67
59 74
60 80
61 84
62 94
63 82
64 91
65 87
66 86
67 89
68 89
69 99
70 98
71 88
72 73
73 85
74 87
75 100
76 88
77 81
78 91
79 97
80 90
81 92
82 97
83 88
84 94
85 108
86 99
87 106
88 120
89 112
90 105
91 105
92 121
93 121
94 98
95 133
96 121
97 113
98 119
99 114
100 121
101 115
102 108
103 131
104 118
105 124
106 118
107 123
108 132
109 132
110 127
111 130
112 143
113 133
114 131
115 152
116 125
117 119
118 129
119 122
120 129
121 126
122 127
123 153
124 153
125 158
126 132
127 150
128 141
129 154
130 146
131 157
132 141
133 140
134 127
135 160
136 147
137 152
138 146
139 123
140 129
141 138
142 142
143 146
144 140
145 136
146 134
147 159
148 147
149 159
150 148
151 173
152 177
153 150
154 175
155 173
156 185
