0 0
1 0
2 0
3 0
4 0
5 0
6 0
7 0
8 0
9 0
10 0
11 0
12 0
13 0
14 0
15 0
16 0
17 1
18 1
19 1
20 0
21 0
22 0
23 0
24 0
25 0
26 13
27 14
28 16
29 16
30 14
31 17
32 19
33 20
34 18
35 18
36 21
37 18
38 13
39 14
40 15
41 15
42 20
43 14
44 18
45 12
46 19
47 20
48 15
49 13
50 20
51 15
52 19
53 18
54 17
55 22
56 24
57 20
58 20
59 21
60 20
61 20
62 22
63 14
64 19
65 14
66 17
67 13
68 18
69 22
70 15
71 19
72 16
73 26
74 30
75 33
76 33
77 33
78 32
79 32
80 35
81 39
82 43
83 32
84 32
85 31
86 41
87 31
88 35
89 38
90 31
91 34
92 38
93 37
94 38
95 37
96 33
97 36
98 37
99 34
100 36
101 31
102 40
103 30
104 36
105 31
106 35
107 39
108 37
109 30
110 29
111 32
112 34
113 26
114 37
115 29
116 42
117 37
118 39
119 33
120 26
121 36
122 35
123 42
124 38
125 44
126 39
127 35
128 37
129 27
130 36
131 43
132 31
133 40
134 32
135 38
136 40
137 33
138 34
139 33
