0 0
1 0
2 20
3 23
4 29
5 31
6 33
7 26
8 29
9 31
10 30
11 33
12 23
13 44
14 32
15 37
16 47
17 45
18 42
19 31
20 34
21 43
22 53
23 43
24 51
25 57
26 53
27 56
28 63
29 54
30 70
31 57
32 57
33 57
34 71
35 65
36 75
37 72
38 76
39 70
40 73
41 77
42 74
43 71
44 78
45 85
46 83
47 83
48 80
49 68
50 70
51 79
52 76
53 76
54 110
55 84
56 95
57 96
58 78
59 88
60 97
61 91
62 110
63 99
64 99
65 120
66 105
67 97
68 102
69 95
70 105
71 122
72 101
73 109
74 110
75 116
76 109
77 119
78 114
79 108
80 111
81 112
82 126
83 107
84 110
85 115
86 116
87 110
88 99
89 101
90 115
91 127
92 115
93 111
94 113
95 122
96 120
97 113
98 125
99 119
100 137
101 122
102 128
103 132
104 125
105 129
106 135
107 128
108 151
109 109
110 120
111 126
112 115
113 134
114 128
115 116
116 140
117 132
118 129
119 162
120 137
121 101
122 135
123 137
124 120
125 179
126 152
127 156
128 141
129 141
130 138
131 167
132 167
133 165
134 171
135 140
136 151
137 170
138 181
139 194
140 168
141 169
142 136
143 161
144 172
145 167
146 169
147 168
148 200
149 206
150 184
151 183
152 170
153 157
154 187
155 176
156 191
157 152
158 170
159 182
160 174
161 200
162 191
163 179
164 174
165 186
166 188
