0 0
1 0
2 0
3 0
4 0
5 0
6 0
7 0
8 0
9 0
10 0
11 0
12 0
13 0
14 0
15 0
16 0
17 0
18 0
19 0
20 0
21 0
22 24
23 31
24 38
25 39
26 53
27 49
28 58
29 54
30 51
31 54
32 47
33 56
34 68
35 64
36 74
37 78
38 76
39 77
40 67
41 81
42 82
43 79
44 89
45 88
46 85
47 93
48 94
49 84
50 85
51 72
52 87
53 78
54 71
55 81
56 83
57 78
58 80
59 77
60 85
61 83
62 80
63 77
64 91
65 84
66 102
67 98
68 95
69 99
70 92
71 82
72 94
73 100
74 84
75 83
76 91
77 97
78 86
79 100
80 108
81 104
82 117
83 105
84 94
85 102
86 106
87 92
88 111
89 97
90 89
91 102
92 90
93 88
94 91
95 105
96 98
97 103
98 92
99 94
100 95
101 72
102 83
103 98
104 89
105 108
106 85
107 101
108 101
109 74
110 90
111 93
112 110
113 101
114 87
115 98
116 94
117 103
118 100
119 97
120 90
121 110
122 98
123 97
124 103
125 104
126 104
127 97
128 87
