0 0
1 12
2 11
3 24
4 21
5 21
6 28
7 31
8 28
9 29
10 40
11 33
12 39
13 34
14 38
15 36
16 28
17 39
18 28
19 30
20 29
21 38
22 36
23 60
24 58
25 55
26 60
27 61
28 70
29 72
30 56
31 77
32 77
33 81
34 86
35 77
36 67
37 86
38 78
39 83
40 93
41 97
42 86
43 91
44 82
45 97
46 92
47 98
48 95
49 104
50 78
51 90
52 90
53 75
54 73
55 95
56 90
57 76
58 102
59 93
60 114
61 97
62 108
63 102
64 109
65 117
66 120
67 102
68 102
69 87
70 123
71 126
72 102
73 115
74 110
75 113
76 122
77 116
78 111
79 122
80 109
81 118
82 119
83 128
84 109
85 132
86 121
87 114
88 121
89 105
90 124
91 124
92 110
93 131
94 121
95 119
96 124
97 129
98 111
99 131
100 130
101 123
102 143
103 123
104 114
105 128
106 139
107 129
108 137
109 123
110 138
111 128
112 128
113 156
114 161
115 132
116 129
117 140
118 140
119 140
120 129
121 123
122 134
123 137
124 134
125 140
126 138
127 128
128 157
129 146
130 148
131 174
132 139
133 154
134 118
135 143
136 169
137 150
138 146
