0 0
1 6
2 24
3 21
4 38
5 36
6 37
7 35
8 39
9 37
10 46
11 35
12 41
13 43
14 40
15 44
16 44
17 53
18 45
19 44
20 43
21 61
22 53
23 67
24 74
25 71
26 84
27 83
28 74
29 92
30 100
31 91
32 105
33 90
34 120
35 106
36 90
37 107
38 108
39 116
40 104
41 118
42 115
43 128
44 101
45 113
46 119
47 123
48 116
49 128
50 129
51 105
52 108
53 120
54 117
55 148
56 134
57 139
58 146
59 134
60 129
61 141
62 149
63 139
64 129
65 144
66 146
67 126
68 166
69 167
70 141
71 143
72 142
73 174
74 175
75 180
76 179
77 182
78 189
79 182
80 185
81 160
82 184
83 209
84 208
85 209
86 211
87 229
88 190
89 217
90 218
91 236
92 221
93 214
94 245
95 219
96 213
97 227
98 241
99 209
100 218
101 239
102 243
103 243
104 258
105 252
106 208
107 222
108 250
109 223
110 225
111 220
112 219
113 213
114 226
115 225
116 208
117 225
118 227
119 227
120 240
121 224
122 250
123 230
124 256
125 256
126 234
127 246
128 236
129 245
130 240
131 203
132 245
133 230
134 245
135 256
136 234
137 219
138 255
139 246
140 214
141 240
142 217
143 230
144 218
145 261
146 243
147 250
148 251
149 251
150 232
151 237
152 219
153 255
