0 9
1 31
2 31
3 29
4 36
5 37
6 43
7 39
8 37
9 29
10 38
11 35
12 45
13 46
14 42
15 47
16 38
17 43
18 47
19 36
20 53
21 53
22 77
23 69
24 81
25 79
26 72
27 89
28 67
29 50
30 92
31 92
32 83
33 88
34 79
35 84
36 90
37 83
38 84
39 104
40 94
41 97
42 85
43 109
44 63
45 98
46 80
47 96
48 111
49 122
50 113
51 115
52 76
53 89
54 97
55 119
56 98
57 117
58 99
59 124
60 111
61 132
62 118
63 124
64 115
65 107
66 117
67 111
68 113
69 112
70 112
71 127
72 133
73 90
74 127
75 128
76 120
77 125
78 109
79 113
80 109
81 137
82 121
83 115
84 133
85 131
86 100
87 129
88 137
89 150
90 141
91 197
92 164
93 143
94 164
95 128
96 161
97 159
98 173
99 141
100 119
101 169
102 137
103 135
104 145
105 164
106 177
107 145
108 146
109 143
110 125
111 116
112 135
113 117
114 164
115 159
116 152
117 139
118 153
119 163
120 131
121 156
122 170
123 144
124 131
125 176
126 134
127 118
128 148
129 148
130 134
131 149
132 130
133 125
134 155
135 152
136 111
137 162
138 137
139 144
140 117
141 166
142 113
143 127
144 147
145 150
146 153
147 134
148 151
149 155
150 157
151 141
152 131
153 135
154 170
155 126
156 136
