0 0
1 0
2 0
3 21
4 23
5 29
6 32
7 29
8 40
9 36
10 33
11 44
12 35
13 36
14 41
15 40
16 43
17 41
18 37
19 42
20 51
21 51
22 59
23 53
24 66
25 74
26 70
27 75
28 82
29 87
30 90
31 89
32 81
33 112
34 108
35 90
36 107
37 123
38 89
39 102
40 128
41 122
42 112
43 118
44 134
45 134
46 131
47 135
48 124
49 146
50 126
51 141
52 143
53 138
54 132
55 163
56 144
57 154
58 152
59 158
60 152
61 155
62 174
63 199
64 178
65 205
66 214
67 207
68 242
69 227
70 243
71 249
72 243
73 259
74 256
75 242
76 228
77 241
78 247
79 240
80 252
81 226
82 250
83 235
84 262
85 241
86 240
87 238
88 237
89 240
90 256
91 250
92 251
93 237
94 246
95 257
96 235
97 238
98 253
99 243
100 229
101 250
102 241
103 236
104 243
105 249
106 229
107 242
108 246
109 271
110 231
111 228
112 245
113 247
114 251
115 242
116 248
117 232
118 254
119 245
120 256
121 251
122 254
123 256
124 235
125 240
126 249
127 233
128 256
129 236
130 252
131 258
132 248
133 252
134 230
135 239
136 248
137 240
138 237
139 266
140 268
141 250
142 258
143 260
144 231
145 239
146 231
147 240
148 242
149 245
150 240
151 251
152 243
153 242
154 237
155 246
156 243
157 268
158 249
159 249
160 268
161 249
162 238
163 250
164 236
