0 0
1 0
2 0
3 0
4 0
5 0
6 0
7 0
8 0
9 0
10 0
11 0
12 0
13 0
14 0
15 1
16 1
17 0
18 0
19 0
20 0
21 17
22 27
23 32
24 40
25 37
26 48
27 44
28 50
29 46
30 46
31 60
32 58
33 50
34 47
35 52
36 42
37 51
38 59
39 50
40 55
41 53
42 58
43 51
44 66
45 64
46 62
47 52
48 57
49 58
50 52
51 57
52 90
53 91
54 103
55 89
56 95
57 93
58 100
59 95
60 84
61 99
62 99
63 94
64 116
65 103
66 96
67 88
68 98
69 115
70 98
71 103
72 95
73 124
74 124
75 112
76 108
77 116
78 126
79 117
80 115
81 115
82 124
83 144
84 118
85 124
86 126
87 128
88 134
89 137
90 132
91 128
92 132
93 138
94 146
95 129
96 129
97 145
98 138
99 154
100 138
101 136
102 129
103 153
104 146
105 173
106 168
107 173
108 170
109 170
110 170
111 164
112 198
113 180
114 162
115 201
116 193
117 197
118 192
119 186
120 197
121 207
122 185
123 176
124 195
125 219
126 199
127 201
128 201
129 217
130 196
131 211
132 179
133 185
134 200
135 188
136 201
137 215
138 197
139 172
140 188
141 205
142 188
143 197
144 173
145 200
146 203
147 204
148 198
149 225
150 214
151 218
152 206
153 176
154 213
155 182
156 201
157 194
158 204
159 197
160 194
161 214
162 197
163 201
164 198
