0 0
1 0
2 0
3 0
4 0
5 2
6 1
7 0
8 0
9 1
10 1
11 1
12 2
13 2
14 2
15 4
16 1
17 4
18 2
19 1
20 0
21 3
22 2
23 0
24 2
25 13
26 32
27 33
28 49
29 46
30 68
31 76
32 78
33 81
34 86
35 83
36 84
37 74
38 77
39 88
40 110
41 92
42 105
43 111
44 101
45 108
46 106
47 105
48 108
49 106
50 107
51 107
52 108
53 119
54 111
55 102
56 113
57 121
58 120
59 110
60 120
61 124
62 114
63 126
64 113
65 130
66 120
67 136
68 135
69 124
70 131
71 152
72 155
73 132
74 120
75 149
76 167
77 162
78 182
79 157
80 156
81 144
82 164
83 174
84 158
85 198
86 219
87 192
88 230
89 243
90 231
91 245
92 235
93 250
94 248
95 237
96 253
97 249
98 234
99 233
100 242
101 229
102 235
103 252
104 247
105 256
106 219
107 244
108 240
109 252
110 235
111 239
112 240
113 249
114 261
115 249
116 248
117 250
118 227
119 233
120 225
121 261
122 235
123 234
124 249
125 225
126 257
127 258
128 239
129 238
130 243
131 244
132 262
133 249
134 240
135 224
136 220
137 256
138 246
139 219
140 245
141 236
142 239
143 258
144 244
145 245
146 233
147 229
148 232
149 247
150 238
151 232
152 252
153 221
154 248
155 228
156 218
157 232
