0 0
1 0
2 0
3 0
4 0
5 0
6 0
7 0
8 0
9 0
10 0
11 0
12 0
13 0
14 0
15 0
16 7
17 15
18 17
19 23
20 21
21 37
22 39
23 37
24 42
25 44
26 39
27 42
28 49
29 38
30 38
31 41
32 46
33 50
34 44
35 42
36 48
37 50
38 50
39 48
40 47
41 45
42 48
43 55
44 46
45 64
46 49
47 54
48 58
49 68
50 56
51 47
52 44
53 56
54 44
55 52
56 53
57 58
58 58
59 53
60 60
61 52
62 59
63 59
64 46
65 59
66 59
67 60
68 51
69 53
70 56
71 50
72 56
73 51
74 60
75 65
76 59
77 49
78 57
79 63
80 50
81 55
82 56
83 52
84 64
85 65
86 70
87 71
88 64
89 67
90 54
91 64
92 65
93 68
94 61
95 57
96 62
97 58
98 68
99 60
100 71
101 64
102 69
103 69
104 59
105 51
106 56
107 58
108 58
109 52
110 50
111 59
112 57
113 42
114 48
115 63
116 60
117 70
118 59
119 65
120 58
121 57
122 61
123 55
124 45
125 40
126 48
127 57
128 50
129 51
130 47
131 55
132 59
133 71
134 58
135 69
136 43
137 56
138 45
139 61
140 51
141 46
142 52
143 53
144 53
145 65
146 61
147 61
148 66
149 66
150 68
151 61
152 67
153 58
154 67
155 62
156 51
157 51
158 53
159 52
160 54
161 53
162 64
163 55
164 46
