0 0
1 0
2 0
3 0
4 0
5 0
6 0
7 0
8 0
9 0
10 0
11 0
12 0
13 0
14 0
15 0
16 13
17 30
18 31
19 32
20 33
21 49
22 55
23 59
24 68
25 68
26 78
27 79
28 81
29 85
30 92
31 90
32 96
33 112
34 103
35 113
36 116
37 105
38 121
39 121
40 128
41 118
42 110
43 115
44 138
45 114
46 116
47 140
48 119
49 135
50 131
51 134
52 147
53 159
54 145
55 136
56 164
57 179
58 153
59 151
60 174
61 179
62 165
63 198
64 182
65 178
66 201
67 185
68 207
69 200
70 209
71 215
72 237
73 245
74 238
75 276
76 224
77 241
78 249
79 258
80 234
81 233
82 230
83 245
84 257
85 248
86 229
87 236
88 242
89 253
90 241
91 248
92 231
93 252
94 248
95 248
96 215
97 256
98 211
99 241
100 261
101 240
102 229
103 266
104 241
105 236
106 247
107 232
108 254
109 239
110 223
111 256
112 235
113 266
114 236
115 238
116 243
117 226
118 251
119 231
120 241
121 255
122 251
123 250
124 242
125 249
126 244
127 234
128 242
129 239
