0 0
1 23
2 41
3 43
4 47
5 47
6 52
7 49
8 63
9 49
10 50
11 57
12 56
13 58
14 66
15 49
16 59
17 57
18 69
19 57
20 68
21 93
22 71
23 100
24 96
25 116
26 94
27 101
28 117
29 115
30 107
31 140
32 111
33 110
34 137
35 159
36 127
37 128
38 125
39 159
40 139
41 160
42 134
43 139
44 152
45 143
46 132
47 153
48 164
49 194
50 226
51 186
52 184
53 200
54 233
55 169
56 168
57 193
58 193
59 188
60 196
61 196
62 212
63 202
64 202
65 190
66 239
67 205
68 197
69 198
70 203
71 189
72 215
73 191
74 186
75 172
76 177
77 186
78 205
79 186
80 204
81 214
82 218
83 210
84 212
85 180
86 173
87 188
88 187
89 169
90 230
91 226
92 198
93 162
94 178
95 235
96 189
97 172
98 204
99 192
100 184
101 192
102 188
103 184
104 179
105 194
106 230
107 204
108 192
109 190
110 176
111 205
112 184
113 200
114 201
115 181
116 193
117 188
118 203
119 195
120 190
121 192
122 190
123 199
124 172
125 202
126 188
127 174
128 212
129 199
130 174
131 185
132 199
133 218
134 191
135 216
136 187
137 185
138 176
139 190
140 208
141 200
142 194
143 196
144 216
145 171
146 184
147 189
148 202
149 184
150 190
151 183
152 171
153 209
154 201
155 188
156 188
