0 0
1 0
2 0
3 0
4 0
5 0
6 0
7 0
8 0
9 0
10 0
11 0
12 0
13 0
14 0
15 0
16 0
17 0
18 0
19 0
20 0
21 0
22 0
23 0
24 0
25 19
26 25
27 30
28 38
29 34
30 36
31 50
32 74
33 65
34 72
35 72
36 76
37 69
38 58
39 65
40 74
41 69
42 61
43 72
44 75
45 76
46 75
47 81
48 85
49 81
50 80
51 81
52 75
53 77
54 83
55 85
56 83
57 95
58 69
59 80
60 88
61 83
62 92
63 87
64 85
65 83
66 83
67 92
68 81
69 81
70 88
71 92
72 73
73 95
74 76
75 80
76 74
77 93
78 89
79 70
80 88
81 94
82 73
83 78
84 76
85 83
86 93
87 86
88 99
89 80
90 94
91 104
92 94
93 90
94 99
95 87
96 101
97 83
98 80
99 86
100 96
101 91
102 70
103 80
104 75
105 81
106 75
107 82
108 100
109 85
110 102
111 90
112 78
113 94
114 94
115 86
116 89
117 88
118 84
119 81
120 106
121 83
122 95
123 101
124 100
125 91
126 113
127 99
128 97
