0 9
1 33
2 43
3 32
4 38
5 41
6 40
7 40
8 38
9 45
10 44
11 45
12 57
13 49
14 44
15 45
16 56
17 47
18 42
19 54
20 43
21 69
22 74
23 85
24 69
25 97
26 85
27 71
28 89
29 105
30 107
31 116
32 89
33 102
34 70
35 81
36 116
37 117
38 104
39 130
40 109
41 133
42 129
43 103
44 108
45 115
46 112
47 134
48 120
49 138
50 140
51 135
52 137
53 145
54 139
55 169
56 155
57 137
58 166
59 145
60 172
61 180
62 187
63 188
64 166
65 179
66 191
67 180
68 147
69 181
70 184
71 206
72 198
73 218
74 194
75 187
76 189
77 225
78 177
79 147
80 191
81 212
82 184
83 196
84 197
85 172
86 161
87 169
88 211
89 168
90 212
91 171
92 188
93 174
94 201
95 187
96 189
97 163
98 175
99 194
100 172
101 178
102 136
103 172
104 173
105 185
106 155
107 192
108 191
109 184
110 161
111 175
112 197
113 164
114 190
115 183
116 182
117 217
118 201
119 182
120 169
121 197
122 139
123 177
124 178
125 175
126 213
127 173
128 183
129 191
130 175
131 173
132 176
133 189
134 167
135 185
136 197
137 202
138 185
139 162
140 172
141 203
142 194
143 165
144 185
145 204
146 193
147 196
148 212
149 185
150 174
151 219
152 200
153 209
154 198
155 163
156 173
157 212
158 181
159 180
160 195
161 213
162 192
163 168
164 149
165 155
166 200
167 171
