0 9
1 28
2 29
3 33
4 37
5 36
6 36
7 37
8 45
9 46
10 37
11 51
12 50
13 52
14 47
15 54
16 55
17 51
18 63
19 51
20 52
21 54
22 70
23 54
24 50
25 70
26 71
27 66
28 71
29 82
30 88
31 99
32 101
33 89
34 83
35 105
36 92
37 81
38 100
39 78
40 100
41 102
42 85
43 92
44 80
45 83
46 97
47 104
48 101
49 99
50 107
51 119
52 121
53 93
54 99
55 108
56 96
57 111
58 125
59 108
60 106
61 83
62 119
63 129
64 102
65 90
66 122
67 114
68 93
69 113
70 131
71 113
72 120
73 119
74 125
75 112
76 116
77 98
78 106
79 129
80 123
81 135
82 148
83 142
84 126
85 130
86 142
87 115
88 135
89 150
90 119
91 140
92 127
93 129
94 141
95 86
96 118
97 142
98 127
99 146
100 173
101 159
102 130
103 138
104 167
105 188
106 152
107 176
108 196
109 204
110 202
111 204
112 175
113 179
114 233
115 214
116 160
117 205
118 187
119 208
120 206
121 202
122 178
123 191
124 175
125 185
126 209
127 207
128 201
129 217
130 213
131 215
132 209
133 217
134 207
135 205
136 214
137 210
138 204
139 183
140 187
141 187
142 223
143 189
144 220
145 180
146 234
147 234
148 225
149 174
150 177
151 196
152 227
153 205
154 236
155 189
156 197
157 204
