0 0
1 0
2 0
3 0
4 0
5 0
6 0
7 0
8 0
9 0
10 0
11 0
12 0
13 0
14 0
15 0
16 0
17 0
18 0
19 0
20 0
21 0
22 0
23 0
24 0
25 21
26 30
27 33
28 38
29 37
30 45
31 48
32 51
33 47
34 50
35 56
36 54
37 58
38 55
39 46
40 60
41 53
42 47
43 73
44 84
45 89
46 85
47 95
48 96
49 102
50 103
51 92
52 103
53 100
54 93
55 107
56 98
57 104
58 99
59 88
60 112
61 105
62 120
63 115
64 126
65 115
66 127
67 114
68 124
69 121
70 127
71 122
72 130
73 130
74 118
75 139
76 133
77 137
78 133
79 148
80 138
81 128
82 131
83 161
84 135
85 171
86 139
87 159
88 136
89 141
90 145
91 155
92 153
93 137
94 152
95 151
96 157
97 154
98 183
99 174
100 159
101 177
102 180
103 160
104 173
105 173
106 175
107 170
108 196
109 181
110 218
111 210
112 201
113 188
114 192
115 209
116 201
117 200
118 183
119 196
120 217
121 182
122 191
123 228
124 194
125 195
126 186
127 200
128 212
129 200
130 193
131 207
132 204
133 209
134 197
135 231
136 214
137 200
138 191
139 194
140 174
141 183
142 194
143 231
144 188
145 209
146 179
147 191
148 175
149 204
150 183
151 179
152 199
153 200
154 200
155 210
156 209
157 194
158 190
159 212
160 209
161 191
162 197
163 205
164 190
165 193
166 187
167 208
168 214
169 181
170 196
