0 0
1 0
2 7
3 21
4 27
5 27
6 22
7 26
8 29
9 25
10 33
11 27
12 33
13 35
14 24
15 34
16 26
17 38
18 35
19 37
20 40
21 38
22 40
23 37
24 43
25 48
26 40
27 41
28 43
29 38
30 53
31 42
32 46
33 45
34 46
35 37
36 39
37 53
38 57
39 49
40 58
41 50
42 58
43 54
44 56
45 60
46 53
47 59
48 56
49 54
50 64
51 55
52 64
53 65
54 71
55 44
56 74
57 62
58 64
59 65
60 71
61 72
62 72
63 60
64 60
65 50
66 62
67 65
68 75
69 67
70 67
71 58
72 63
73 60
74 68
75 65
76 59
77 73
78 71
79 74
80 66
81 64
82 58
83 77
84 78
85 68
86 74
87 65
88 78
89 75
90 81
91 72
92 52
93 76
94 70
95 78
96 67
97 72
98 72
99 86
100 86
101 79
102 84
103 78
104 73
105 59
106 83
107 76
108 43
109 67
110 71
111 78
112 80
113 77
114 85
115 80
116 78
117 79
118 82
119 85
120 82
121 90
122 75
123 81
124 92
125 76
126 88
127 92
128 89
129 83
130 89
131 81
132 70
133 68
134 62
135 77
136 77
137 74
138 73
139 75
140 88
141 87
142 85
143 84
144 67
145 83
