0 0
1 22
2 26
3 37
4 36
5 35
6 41
7 39
8 42
9 40
10 40
11 51
12 50
13 55
14 45
15 43
16 55
17 54
18 49
19 55
20 53
21 73
22 60
23 75
24 71
25 79
26 89
27 98
28 80
29 96
30 99
31 95
32 97
33 104
34 90
35 98
36 107
37 114
38 111
39 111
40 109
41 116
42 133
43 130
44 128
45 138
46 122
47 135
48 107
49 120
50 140
51 155
52 141
53 135
54 130
55 136
56 144
57 158
58 159
59 133
60 151
61 150
62 155
63 193
64 176
65 158
66 174
67 170
68 167
69 176
70 143
71 180
72 172
73 182
74 194
75 216
76 227
77 238
78 202
79 227
80 216
81 213
82 231
83 225
84 231
85 218
86 238
87 245
88 208
89 248
90 260
91 219
92 231
93 214
94 210
95 253
96 207
97 222
98 236
99 236
100 237
101 219
102 239
103 202
104 221
105 236
106 243
107 197
108 222
109 230
110 220
111 235
112 248
113 227
114 242
115 212
116 204
117 234
118 228
119 226
120 241
121 230
122 203
123 225
124 181
125 220
126 262
127 224
128 234
129 221
130 208
131 233
132 222
133 197
134 227
135 258
136 239
137 219
138 237
139 233
140 210
141 243
142 212
143 222
144 225
145 206
146 192
147 220
148 220
149 260
150 218
151 234
152 232
153 229
154 236
155 227
156 224
157 215
158 218
159 196
160 240
161 232
162 213
163 223
164 231
165 187
166 237
167 225
168 246
169 236
170 225
171 201
172 233
173 225
174 223
175 219
176 221
177 208
178 214
179 195
