0 9
1 32
2 30
3 36
4 36
5 41
6 50
7 53
8 46
9 50
10 41
11 57
12 44
13 56
14 51
15 52
16 45
17 58
18 49
19 61
20 61
21 66
22 61
23 75
24 77
25 74
26 70
27 80
28 96
29 106
30 113
31 86
32 105
33 87
34 109
35 110
36 83
37 108
38 102
39 103
40 122
41 133
42 125
43 135
44 124
45 138
46 137
47 138
48 131
49 138
50 113
51 136
52 152
53 140
54 146
55 165
56 175
57 193
58 199
59 181
60 182
61 178
62 185
63 191
64 172
65 181
66 181
67 181
68 171
69 161
70 179
71 180
72 156
73 189
74 180
75 212
76 157
77 139
78 173
79 181
80 182
81 200
82 188
83 178
84 175
85 146
86 175
87 151
88 163
89 151
90 198
91 194
92 177
93 169
94 165
95 156
96 162
97 160
98 168
99 168
100 195
101 184
102 182
103 185
104 165
105 200
106 183
107 123
108 166
109 185
110 194
111 196
112 184
113 187
114 172
115 172
116 154
117 157
118 169
119 168
120 161
121 199
122 179
123 189
124 174
125 185
126 175
127 198
128 188
129 220
130 205
131 187
132 182
133 180
134 178
135 172
136 183
137 196
138 198
139 180
140 189
141 190
142 172
143 190
144 187
145 166
146 197
147 166
148 162
149 194
150 155
151 181
152 163
153 177
154 183
155 181
156 181
157 154
158 147
159 166
160 172
161 159
162 168
163 165
