0 0
1 21
2 31
3 22
4 35
5 28
6 32
7 41
8 36
9 37
10 42
11 43
12 38
13 45
14 47
15 45
16 42
17 46
18 43
19 47
20 45
21 53
22 52
23 70
24 61
25 65
26 67
27 66
28 70
29 60
30 71
31 77
32 92
33 71
34 87
35 79
36 78
37 80
38 86
39 88
40 90
41 93
42 101
43 100
44 90
45 89
46 103
47 97
48 100
49 85
50 79
51 100
52 95
53 81
54 112
55 95
56 129
57 100
58 138
59 103
60 110
61 104
62 115
63 109
64 111
65 99
66 121
67 117
68 109
69 110
70 100
71 93
72 117
73 106
74 114
75 126
76 110
77 123
78 110
79 134
80 129
81 124
82 128
83 133
84 146
85 122
86 104
87 136
88 132
89 124
90 118
91 137
92 137
93 137
94 128
95 127
96 156
97 141
98 142
99 145
100 154
101 140
102 140
103 154
104 143
105 157
106 159
107 161
108 142
109 147
110 117
111 145
112 174
113 162
114 171
115 164
116 175
117 157
118 163
119 164
120 169
121 178
122 184
123 173
124 169
125 161
126 156
127 188
128 180
129 180
130 175
131 185
132 180
133 162
134 186
135 166
136 157
137 166
138 164
139 179
140 133
141 168
142 167
143 186
144 159
145 163
146 166
147 175
148 154
149 175
150 163
151 160
152 162
153 144
154 173
155 177
156 164
157 148
158 178
159 151
160 163
161 166
162 191
163 186
164 170
165 160
166 149
167 128
168 176
169 180
170 168
171 163
