0 0
1 0
2 0
3 0
4 0
5 0
6 0
7 0
8 0
9 0
10 0
11 0
12 0
13 0
14 0
15 0
16 0
17 0
18 0
19 0
20 0
21 0
22 1
23 0
24 1
25 0
26 0
27 0
28 0
29 1
30 1
31 1
32 0
33 0
34 0
35 0
36 0
37 0
38 0
39 0
40 0
41 0
42 0
43 0
44 0
45 0
46 0
47 0
48 0
49 0
50 0
51 0
52 17
53 21
54 46
55 46
56 47
57 50
58 59
59 57
60 55
61 52
62 61
63 56
64 58
65 57
66 59
67 65
68 70
69 82
70 77
71 75
72 78
73 67
74 80
75 86
76 78
77 78
78 94
79 81
80 92
81 94
82 96
83 94
84 102
85 87
86 95
87 94
88 110
89 87
90 96
91 112
92 113
93 108
94 92
95 103
96 109
97 99
98 103
99 105
100 108
101 106
102 100
103 114
104 105
105 106
106 113
107 101
108 106
109 110
110 118
111 122
112 112
113 119
114 116
115 93
116 101
117 112
118 104
119 110
120 116
121 117
122 116
123 117
124 121
125 110
126 116
127 104
128 118
129 101
