0 9
1 26
2 28
3 23
4 35
5 34
6 33
7 35
8 46
9 35
10 37
11 36
12 32
13 42
14 41
15 46
16 49
17 42
18 41
19 45
20 44
21 44
22 46
23 43
24 45
25 58
26 64
27 55
28 54
29 45
30 72
31 56
32 78
33 50
34 55
35 71
36 54
37 70
38 67
39 81
40 70
41 82
42 62
43 85
44 85
45 84
46 91
47 76
48 70
49 91
50 76
51 74
52 70
53 86
54 70
55 89
56 86
57 63
58 91
59 88
60 93
61 80
62 90
63 123
64 118
65 112
66 76
67 93
68 89
69 94
70 94
71 67
72 95
73 102
74 102
75 79
76 88
77 85
78 83
79 104
80 80
81 84
82 107
83 96
84 90
85 84
86 107
87 109
88 80
89 101
90 98
91 108
92 96
93 103
94 108
95 108
96 88
97 78
98 104
99 99
100 99
101 126
102 99
103 122
104 119
105 99
106 119
107 114
108 93
109 107
110 119
111 100
112 99
113 99
114 88
115 92
116 106
117 108
118 108
119 119
120 104
121 87
122 113
123 92
124 103
125 118
126 114
127 114
128 113
129 127
130 98
131 119
132 135
133 116
134 107
135 107
136 102
137 118
138 137
139 123
140 121
141 107
142 133
143 136
144 94
145 118
146 103
147 124
148 104
149 117
150 112
151 104
152 134
153 122
154 117
155 139
156 105
157 128
158 114
159 135
160 115
161 108
162 107
163 130
164 136
165 138
166 134
