0 0
1 27
2 29
3 28
4 30
5 34
6 28
7 33
8 44
9 45
10 37
11 40
12 45
13 37
14 43
15 46
16 38
17 43
18 47
19 43
20 38
21 56
22 47
23 49
24 44
25 58
26 72
27 70
28 59
29 63
30 67
31 66
32 66
33 62
34 73
35 74
36 80
37 76
38 93
39 91
40 108
41 101
42 71
43 94
44 105
45 90
46 102
47 90
48 92
49 82
50 97
51 106
52 105
53 121
54 100
55 107
56 111
57 116
58 122
59 101
60 115
61 113
62 126
63 95
64 121
65 89
66 111
67 136
68 142
69 110
70 131
71 137
72 144
73 127
74 125
75 144
76 135
77 126
78 129
79 119
80 120
81 128
82 124
83 119
84 119
85 138
86 120
87 143
88 110
89 140
90 138
91 145
92 128
93 183
94 161
95 178
96 172
97 159
98 168
99 175
100 156
101 144
102 155
103 156
104 200
105 191
106 208
107 232
108 236
109 206
110 235
111 228
112 216
113 231
114 243
115 215
116 237
117 223
118 228
119 232
120 227
121 222
122 238
123 211
124 232
125 243
126 225
127 221
128 224
129 248
130 218
131 236
132 247
133 241
134 216
135 228
136 238
137 256
138 220
139 233
140 258
141 247
142 240
143 237
144 218
145 231
146 222
147 242
148 255
149 231
150 199
