0 0
1 13
2 21
3 26
4 28
5 29
6 28
7 37
8 35
9 31
10 29
11 34
12 35
13 36
14 33
15 35
16 45
17 40
18 38
19 38
20 43
21 48
22 50
23 57
24 55
25 53
26 63
27 60
28 52
29 63
30 56
31 72
32 69
33 76
34 74
35 77
36 74
37 94
38 74
39 77
40 73
41 76
42 89
43 76
44 97
45 82
46 84
47 67
48 76
49 75
50 84
51 97
52 80
53 80
54 86
55 88
56 77
57 99
58 79
59 106
60 100
61 93
62 88
63 99
64 108
65 103
66 110
67 116
68 93
69 115
70 101
71 121
72 118
73 119
74 113
75 132
76 126
77 120
78 124
79 110
80 122
81 114
82 124
83 116
84 137
85 135
86 133
87 125
88 138
89 161
90 111
91 119
92 120
93 137
94 149
95 146
96 152
97 121
98 129
99 136
100 146
101 144
102 131
103 140
104 133
105 148
106 152
107 139
108 128
109 159
110 130
111 140
112 152
113 145
114 175
115 131
116 169
117 139
118 162
119 172
120 157
121 143
122 149
123 155
124 171
125 177
