0 0
1 0
2 0
3 0
4 0
5 0
6 0
7 0
8 0
9 0
10 0
11 0
12 0
13 0
14 8
15 19
16 19
17 26
18 25
19 32
20 37
21 46
22 48
23 48
24 47
25 42
26 46
27 43
28 47
29 40
30 55
31 51
32 49
33 53
34 49
35 59
36 64
37 65
38 55
39 62
40 61
41 63
42 58
43 60
44 67
45 61
46 68
47 66
48 71
49 75
50 82
51 65
52 74
53 86
54 92
55 77
56 85
57 84
58 76
59 83
60 77
61 80
62 74
63 81
64 92
65 92
66 86
67 77
68 84
69 75
70 77
71 77
72 83
73 93
74 88
75 89
76 85
77 87
78 82
79 95
80 73
81 79
82 72
83 88
84 83
85 84
86 83
87 84
88 90
89 95
90 75
91 85
92 77
93 84
94 86
95 76
96 76
97 75
98 72
99 86
100 70
101 74
102 77
103 77
104 83
105 90
106 94
107 91
108 90
109 105
110 89
111 87
112 100
113 88
114 81
115 86
116 90
117 90
118 88
119 85
120 90
121 95
122 90
123 96
124 98
125 89
126 70
127 85
128 106
129 91
130 77
131 91
132 83
133 98
134 83
135 106
136 105
137 97
138 101
139 76
140 75
141 83
142 77
143 81
144 99
145 74
146 84
147 75
148 91
149 80
150 93
151 79
152 77
153 91
154 85
155 84
156 74
157 88
158 89
159 99
160 93
161 100
162 80
163 84
164 83
165 87
166 76
167 81
