0 0
1 0
2 0
3 0
4 0
5 0
6 0
7 0
8 0
9 0
10 0
11 0
12 0
13 0
14 0
15 0
16 0
17 0
18 1
19 0
20 0
21 0
22 0
23 0
24 0
25 0
26 0
27 0
28 0
29 0
30 0
31 1
32 20
33 28
34 28
35 27
36 32
37 36
38 34
39 30
40 29
41 45
42 36
43 40
44 28
45 27
46 23
47 24
48 46
49 51
50 60
51 55
52 51
53 50
54 50
55 50
56 60
57 51
58 62
59 59
60 65
61 60
62 73
63 77
64 85
65 75
66 62
67 74
68 73
69 83
70 81
71 83
72 87
73 81
74 75
75 85
76 74
77 93
78 80
79 81
80 68
81 73
82 82
83 84
84 97
85 85
86 90
87 84
88 76
89 80
90 78
91 87
92 66
93 89
94 84
95 75
96 66
97 80
98 66
99 75
100 83
101 73
102 72
103 74
104 68
105 84
106 85
107 77
108 80
109 74
110 67
111 80
112 72
113 74
114 75
115 73
116 73
117 75
118 77
119 83
120 88
121 76
122 73
123 70
124 91
125 81
126 74
127 75
128 79
129 77
130 82
131 99
132 93
133 90
134 82
135 94
136 96
137 99
138 94
139 83
140 84
141 91
142 90
143 77
144 97
145 90
146 97
147 96
148 83
149 84
150 76
151 76
152 84
153 91
154 86
155 85
156 96
157 87
158 94
159 87
160 96
161 87
162 95
163 81
164 82
165 96
166 83
167 82
168 83
169 91
170 86
