0 9
1 42
2 32
3 42
4 47
5 48
6 38
7 50
8 58
9 57
10 45
11 55
12 56
13 48
14 51
15 64
16 61
17 67
18 70
19 55
20 60
21 77
22 84
23 75
24 81
25 94
26 96
27 101
28 92
29 114
30 114
31 110
32 101
33 122
34 110
35 114
36 112
37 126
38 151
39 142
40 165
41 188
42 183
43 197
44 155
45 162
46 176
47 171
48 195
49 198
50 191
51 160
52 185
53 152
54 161
55 157
56 152
57 153
58 157
59 176
60 164
61 213
62 208
63 177
64 164
65 156
66 174
67 182
68 151
69 178
70 171
71 171
72 182
73 167
74 195
75 169
76 168
77 172
78 172
79 173
80 178
81 183
82 160
83 169
84 178
85 188
86 157
87 184
88 175
89 205
90 158
91 142
92 181
93 175
94 176
95 172
96 164
97 161
98 170
99 170
100 197
101 157
102 150
103 171
104 186
105 154
106 201
107 192
108 178
109 161
110 170
111 175
112 194
113 163
114 169
115 152
116 200
117 182
118 174
119 169
120 167
121 192
122 174
123 188
124 163
125 221
126 178
127 170
128 180
129 165
130 189
131 174
132 183
133 155
134 153
135 152
136 162
137 173
138 171
139 188
140 154
141 160
142 193
143 144
