0 0
1 17
2 26
3 25
4 31
5 31
6 35
7 29
8 37
9 34
10 44
11 42
12 54
13 51
14 47
15 47
16 48
17 46
18 48
19 43
20 54
21 65
22 76
23 77
24 76
25 86
26 92
27 85
28 95
29 101
30 98
31 105
32 97
33 114
34 107
35 116
36 118
37 118
38 125
39 116
40 131
41 120
42 120
43 149
44 118
45 146
46 149
47 143
48 156
49 160
50 143
51 172
52 164
53 173
54 161
55 163
56 179
57 151
58 189
59 211
60 199
61 192
62 244
63 227
64 229
65 218
66 219
67 248
68 228
69 234
70 226
71 241
72 267
73 246
74 229
75 239
76 254
77 268
78 228
79 238
80 244
81 250
82 244
83 241
84 207
85 260
86 242
87 236
88 241
89 292
90 243
91 267
92 246
93 243
94 246
95 246
96 244
97 252
98 241
99 228
100 223
101 240
102 246
103 251
104 231
105 254
106 265
107 242
108 244
109 253
110 246
111 229
112 240
113 253
114 233
115 249
116 250
117 221
118 258
119 239
120 249
121 230
122 209
123 239
124 236
125 255
126 237
127 221
128 222
129 232
130 219
131 215
132 236
133 250
134 246
135 233
136 254
137 226
138 212
