0 0
1 0
2 0
3 0
4 0
5 0
6 0
7 0
8 0
9 0
10 0
11 0
12 0
13 0
14 0
15 1
16 1
17 0
18 0
19 0
20 0
21 16
22 23
23 19
24 28
25 30
26 28
27 40
28 35
29 35
30 38
31 38
32 52
33 57
34 62
35 57
36 63
37 62
38 60
39 53
40 59
41 70
42 66
43 67
44 73
45 75
46 65
47 65
48 77
49 82
50 94
51 84
52 85
53 65
54 84
55 89
56 74
57 82
58 91
59 92
60 85
61 92
62 84
63 87
64 89
65 79
66 84
67 90
68 82
69 82
70 91
71 97
72 90
73 87
74 96
75 92
76 102
77 89
78 92
79 99
80 92
81 91
82 91
83 97
84 97
85 96
86 95
87 106
88 93
89 90
90 88
91 93
92 85
93 93
94 89
95 85
96 102
97 109
98 99
99 102
100 98
101 104
102 88
103 96
104 102
105 103
106 100
107 99
108 118
109 87
110 93
111 107
112 104
113 85
114 114
115 100
116 103
117 109
118 107
119 111
120 98
121 114
122 102
123 110
124 102
125 121
126 119
127 113
128 99
129 98
130 104
131 112
132 100
133 103
134 81
135 107
136 112
137 101
