0 0
1 33
2 29
3 25
4 35
5 42
6 31
7 43
8 39
9 51
10 51
11 45
12 53
13 44
14 50
15 49
16 54
17 56
18 56
19 48
20 54
21 58
22 68
23 52
24 88
25 85
26 80
27 85
28 80
29 90
30 87
31 102
32 94
33 94
34 102
35 93
36 96
37 69
38 110
39 99
40 110
41 105
42 114
43 116
44 128
45 112
46 113
47 131
48 120
49 135
50 137
51 148
52 164
53 124
54 125
55 161
56 140
57 151
58 141
59 148
60 144
61 152
62 148
63 160
64 183
65 177
66 183
67 165
68 168
69 210
70 236
71 206
72 202
73 192
74 212
75 240
76 216
77 217
78 218
79 246
80 217
81 247
82 256
83 227
84 219
85 234
86 233
87 250
88 235
89 228
90 244
91 263
92 240
93 212
94 213
95 224
96 233
97 225
98 229
99 266
100 220
101 224
102 222
103 228
104 253
105 225
106 240
107 228
108 205
109 280
110 211
111 239
112 238
113 252
114 220
115 235
116 221
117 231
118 246
119 224
120 242
121 225
122 255
123 209
124 251
125 208
126 264
127 206
128 223
129 234
130 219
131 237
132 201
133 240
134 208
135 250
136 239
137 232
138 236
139 192
140 243
141 247
142 233
143 233
144 237
145 244
146 208
147 231
148 253
149 217
150 221
151 233
152 247
153 208
154 213
155 212
156 218
157 206
158 244
159 248
160 252
161 257
162 210
163 218
164 223
165 227
166 246
167 243
168 228
169 239
170 228
171 210
172 251
173 250
174 242
