0 0
1 25
2 29
3 32
4 37
5 38
6 36
7 37
8 49
9 45
10 48
11 35
12 41
13 50
14 52
15 49
16 45
17 48
18 54
19 53
20 56
21 65
22 88
23 70
24 66
25 73
26 87
27 92
28 95
29 81
30 88
31 105
32 106
33 123
34 126
35 115
36 118
37 106
38 123
39 111
40 120
41 122
42 121
43 123
44 129
45 120
46 123
47 147
48 119
49 138
50 133
51 116
52 119
53 110
54 159
55 125
56 121
57 154
58 150
59 155
60 164
61 163
62 151
63 172
64 173
65 192
66 188
67 178
68 215
69 213
70 222
71 210
72 211
73 205
74 204
75 213
76 253
77 231
78 219
79 271
80 231
81 236
82 229
83 220
84 241
85 262
86 231
87 212
88 254
89 255
90 214
91 234
92 242
93 237
94 235
95 279
96 214
97 220
98 211
99 230
100 246
101 231
102 213
103 206
104 203
105 208
106 257
107 194
108 203
109 248
110 234
111 241
112 199
113 247
114 234
115 224
116 248
117 237
118 206
119 245
120 239
121 252
122 239
123 232
124 238
125 229
126 230
127 219
128 231
129 213
130 258
131 224
132 235
133 225
134 244
135 233
136 235
137 249
138 244
139 231
140 238
141 233
142 228
143 237
144 239
145 239
146 231
147 263
148 241
149 232
150 219
151 221
152 225
153 245
154 238
155 244
156 236
157 208
158 234
159 242
160 230
161 232
162 208
163 230
164 250
165 254
166 218
167 208
168 238
169 219
170 226
171 242
172 217
173 236
174 224
