0 0
1 0
2 0
3 0
4 0
5 0
6 0
7 0
8 0
9 0
10 0
11 0
12 0
13 0
14 0
15 0
16 0
17 0
18 0
19 0
20 0
21 0
22 0
23 0
24 0
25 0
26 17
27 17
28 18
29 23
30 22
31 20
32 17
33 20
34 16
35 21
36 24
37 32
38 22
39 22
40 21
41 23
42 24
43 37
44 36
45 34
46 36
47 43
48 35
49 33
50 44
51 49
52 40
53 40
54 45
55 50
56 45
57 37
58 51
59 44
60 46
61 51
62 42
63 50
64 43
65 47
66 42
67 50
68 43
69 47
70 38
71 45
72 48
73 41
74 43
75 42
76 46
77 46
78 48
79 44
80 38
81 45
82 42
83 44
84 51
85 44
86 43
87 46
88 51
89 40
90 39
91 47
92 49
93 45
94 45
95 40
96 47
97 44
98 41
99 45
100 43
101 52
102 54
103 51
104 41
105 52
106 49
107 44
108 48
109 51
110 51
111 53
112 49
113 45
114 45
115 41
116 42
117 44
118 59
119 45
120 46
121 45
122 41
123 45
124 52
125 49
126 56
127 47
128 51
129 56
130 44
131 54
132 46
133 48
134 54
135 51
136 44
137 54
138 51
139 46
140 51
141 52
142 49
143 50
144 48
145 56
146 49
147 54
148 50
149 40
150 46
151 48
152 57
153 51
154 40
155 50
156 47
157 52
158 39
159 45
160 41
161 42
162 48
163 54
164 45
165 41
166 38
