0 0
1 6
2 30
3 31
4 31
5 34
6 36
7 40
8 38
9 43
10 47
11 37
12 55
13 41
14 55
15 47
16 53
17 41
18 47
19 43
20 43
21 54
22 66
23 70
24 78
25 83
26 77
27 92
28 89
29 72
30 87
31 92
32 104
33 97
34 96
35 95
36 106
37 102
38 104
39 93
40 122
41 106
42 111
43 114
44 129
45 133
46 128
47 132
48 136
49 142
50 138
51 118
52 127
53 156
54 135
55 113
56 135
57 141
58 132
59 162
60 130
61 151
62 157
63 156
64 162
65 168
66 172
67 188
68 168
69 184
70 182
71 210
72 179
73 203
74 182
75 204
76 224
77 210
78 229
79 224
80 236
81 224
82 234
83 242
84 266
85 253
86 232
87 238
88 222
89 230
90 259
91 239
92 232
93 244
94 255
95 214
96 247
97 253
98 233
99 259
100 244
101 233
102 235
103 234
104 215
105 244
106 258
107 240
108 235
109 218
110 235
111 202
112 202
113 248
114 219
115 216
116 254
117 214
118 228
119 259
120 234
121 209
122 234
123 257
124 223
125 239
126 232
127 261
128 232
129 241
130 235
131 237
132 234
133 227
134 253
135 253
136 232
137 242
138 230
139 230
140 253
141 246
142 231
143 246
144 221
145 278
146 241
147 231
148 249
149 239
150 252
151 238
152 237
153 234
154 227
155 210
