0 0
1 32
2 29
3 42
4 38
5 38
6 36
7 46
8 42
9 37
10 43
11 46
12 47
13 45
14 52
15 53
16 59
17 46
18 45
19 54
20 43
21 63
22 70
23 77
24 73
25 83
26 84
27 88
28 101
29 123
30 111
31 107
32 108
33 103
34 111
35 112
36 105
37 135
38 105
39 127
40 130
41 111
42 103
43 124
44 138
45 121
46 124
47 108
48 141
49 111
50 121
51 112
52 158
53 157
54 164
55 124
56 136
57 160
58 168
59 164
60 169
61 176
62 152
63 169
64 139
65 152
66 170
67 175
68 188
69 192
70 171
71 169
72 199
73 208
74 192
75 232
76 191
77 217
78 206
79 177
80 215
81 197
82 239
83 240
84 250
85 256
86 236
87 231
88 211
89 249
90 245
91 240
92 230
93 242
94 232
95 220
96 248
97 226
98 247
99 228
100 206
101 238
102 200
103 236
104 252
105 204
106 223
107 224
108 221
109 249
110 230
111 216
112 253
113 236
114 214
115 249
116 221
117 244
118 228
119 211
120 229
121 217
122 194
123 217
124 253
125 260
126 218
127 218
128 226
129 246
130 222
131 208
132 204
133 226
134 250
135 246
136 249
137 250
138 252
139 240
140 218
141 243
142 224
143 231
144 264
145 224
146 231
147 244
148 253
149 227
150 245
151 204
152 225
153 235
154 265
155 218
156 231
157 246
158 209
159 254
160 215
161 219
162 226
163 200
