0 0
1 9
2 32
3 33
4 33
5 37
6 33
7 39
8 38
9 39
10 45
11 46
12 54
13 53
14 57
15 47
16 57
17 62
18 52
19 47
20 50
21 69
22 81
23 83
24 80
25 83
26 75
27 99
28 101
29 92
30 100
31 109
32 110
33 111
34 122
35 109
36 119
37 118
38 125
39 121
40 140
41 133
42 124
43 144
44 126
45 140
46 153
47 140
48 174
49 191
50 164
51 176
52 204
53 193
54 215
55 205
56 209
57 228
58 216
59 219
60 243
61 226
62 188
63 196
64 204
65 222
66 215
67 230
68 226
69 209
70 209
71 226
72 222
73 238
74 225
75 210
76 191
77 209
78 216
79 212
80 239
81 219
82 214
83 198
84 234
85 202
86 216
87 246
88 198
89 244
90 203
91 215
92 204
93 220
94 219
95 176
96 230
97 218
98 232
99 228
100 224
101 237
102 227
103 225
104 213
105 215
106 218
107 199
108 222
109 227
110 238
111 200
112 249
113 237
114 215
115 220
116 217
117 224
118 222
119 242
120 211
121 194
122 217
123 212
124 182
125 213
126 241
127 220
128 213
129 219
130 230
131 203
132 204
133 212
134 215
135 204
136 218
137 242
138 251
139 213
140 213
141 235
142 208
143 223
144 224
145 197
146 222
147 193
148 200
149 200
