0 0
1 0
2 0
3 0
4 0
5 0
6 0
7 0
8 0
9 0
10 0
11 0
12 0
13 0
14 0
15 0
16 0
17 0
18 0
19 0
20 0
21 0
22 0
23 0
24 0
25 0
26 0
27 0
28 0
29 0
30 0
31 0
32 0
33 0
34 0
35 0
36 0
37 0
38 0
39 0
40 0
41 12
42 14
43 14
44 19
45 16
46 27
47 22
48 15
49 15
50 19
51 28
52 30
53 24
54 25
55 25
56 20
57 21
58 18
59 26
60 22
61 24
62 17
63 22
64 21
65 24
66 18
67 21
68 23
69 16
70 19
71 23
72 22
73 24
74 22
75 21
76 18
77 18
78 24
79 24
80 18
81 26
82 21
83 22
84 21
85 20
86 23
87 24
88 25
89 28
90 22
91 23
92 22
93 20
94 18
95 18
96 23
97 21
98 25
99 20
100 24
101 19
102 24
103 28
104 25
105 15
106 23
107 17
108 20
109 23
110 22
111 22
112 22
113 20
114 24
115 17
116 23
117 25
118 24
119 19
120 22
121 26
122 25
123 26
124 24
125 24
126 28
127 30
128 26
129 21
130 19
131 21
132 25
133 24
134 25
135 22
136 19
137 16
138 18
139 20
140 21
141 19
142 21
143 20
144 19
145 17
146 19
147 19
148 20
149 29
150 23
151 18
152 19
153 24
154 16
155 16
156 18
157 17
158 15
159 20
