0 0
1 5
2 22
3 22
4 31
5 26
6 28
7 29
8 36
9 31
10 35
11 30
12 34
13 34
14 34
15 32
16 45
17 40
18 42
19 37
20 36
21 41
22 50
23 51
24 46
25 58
26 54
27 58
28 79
29 84
30 82
31 63
32 73
33 73
34 85
35 71
36 95
37 69
38 83
39 94
40 71
41 82
42 89
43 73
44 73
45 79
46 96
47 72
48 85
49 82
50 84
51 76
52 94
53 84
54 87
55 92
56 93
57 98
58 85
59 108
60 98
61 84
62 87
63 103
64 97
65 109
66 101
67 94
68 102
69 99
70 100
71 102
72 106
73 101
74 100
75 112
76 111
77 110
78 108
79 117
80 110
81 109
82 122
83 110
84 117
85 116
86 105
87 123
88 105
89 84
90 97
91 108
92 107
93 128
94 114
95 98
96 112
97 103
98 113
99 106
100 104
101 101
102 109
103 110
104 105
105 100
106 124
107 127
108 98
109 127
110 116
111 125
112 106
113 115
114 108
115 126
116 124
117 125
118 119
119 114
120 119
121 99
122 114
123 117
124 125
125 105
