0 0
1 10
2 22
3 24
4 28
5 32
6 38
7 32
8 36
9 39
10 35
11 32
12 44
13 27
14 47
15 46
16 48
17 45
18 40
19 56
20 49
21 58
22 54
23 65
24 63
25 78
26 74
27 84
28 74
29 86
30 88
31 100
32 84
33 104
34 87
35 89
36 94
37 95
38 106
39 89
40 94
41 112
42 111
43 98
44 111
45 117
46 112
47 104
48 124
49 115
50 126
51 116
52 131
53 125
54 113
55 106
56 108
57 132
58 121
59 121
60 125
61 121
62 117
63 149
64 152
65 137
66 146
67 157
68 159
69 120
70 151
71 155
72 153
73 169
74 142
75 147
76 155
77 144
78 162
79 158
80 176
81 137
82 165
83 179
84 147
85 165
86 206
87 211
88 199
89 172
90 197
91 174
92 201
93 180
94 249
95 246
96 244
97 258
98 250
99 238
100 251
101 245
102 248
103 235
104 240
105 220
106 246
107 240
108 234
109 254
110 231
111 243
112 263
113 236
114 256
115 223
116 259
117 251
118 231
