0 9
1 25
2 32
3 34
4 35
5 44
6 48
7 39
8 47
9 60
10 57
11 52
12 43
13 46
14 58
15 62
16 54
17 60
18 42
19 59
20 62
21 62
22 56
23 70
24 81
25 102
26 67
27 101
28 98
29 104
30 110
31 111
32 84
33 107
34 94
35 104
36 74
37 134
38 136
39 121
40 126
41 115
42 113
43 110
44 127
45 119
46 110
47 114
48 129
49 101
50 117
51 132
52 113
53 157
54 132
55 138
56 105
57 159
58 138
59 127
60 133
61 140
62 138
63 149
64 157
65 166
66 172
67 166
68 202
69 165
70 197
71 183
72 155
73 164
74 158
75 174
76 165
77 165
78 153
79 185
80 160
81 156
82 157
83 162
84 186
85 187
86 192
87 172
88 178
89 189
90 159
91 177
92 203
93 190
94 179
95 165
96 160
97 159
98 176
99 178
100 199
101 181
102 157
103 196
104 186
105 201
106 200
107 171
108 200
109 220
110 189
111 176
112 172
113 163
114 161
115 172
116 199
117 159
118 213
119 168
120 163
121 166
122 175
123 178
124 155
125 165
126 195
127 179
128 199
129 174
130 168
131 141
132 170
133 198
134 195
135 181
136 171
137 143
138 172
139 172
140 162
141 172
142 167
143 164
144 165
145 205
146 182
147 167
148 215
149 214
150 214
151 189
152 182
153 191
