0 0
1 0
2 0
3 0
4 0
5 0
6 2
7 0
8 1
9 0
10 2
11 2
12 1
13 1
14 3
15 0
16 1
17 2
18 3
19 3
20 3
21 2
22 0
23 2
24 0
25 4
26 2
27 7
28 43
29 52
30 55
31 70
32 72
33 72
34 76
35 74
36 89
37 87
38 88
39 79
40 93
41 93
42 98
43 93
44 103
45 98
46 99
47 109
48 93
49 99
50 99
51 100
52 115
53 120
54 124
55 127
56 130
57 121
58 121
59 119
60 121
61 125
62 128
63 145
64 137
65 134
66 137
67 137
68 121
69 134
70 152
71 153
72 150
73 120
74 148
75 166
76 170
77 203
78 182
79 193
80 184
81 197
82 188
83 192
84 202
85 216
86 224
87 235
88 231
89 227
90 246
91 214
92 242
93 236
94 224
95 229
96 227
97 231
98 239
99 243
100 224
101 209
102 240
103 233
104 222
105 240
106 228
107 242
108 222
109 233
110 219
111 244
112 229
113 218
114 228
115 250
116 225
117 235
118 218
119 235
120 226
121 230
122 209
123 245
124 233
125 218
126 237
127 234
128 253
129 240
130 243
131 244
132 236
133 231
134 243
135 221
136 239
137 228
138 230
139 229
140 230
141 227
142 237
143 227
144 230
145 225
146 244
147 239
148 244
149 208
150 216
151 222
152 226
153 246
154 243
155 236
156 233
157 234
158 220
159 217
160 238
161 254
162 252
163 220
164 232
165 236
166 237
167 238
