0 0
1 0
2 0
3 0
4 0
5 0
6 0
7 0
8 0
9 0
10 0
11 0
12 0
13 0
14 0
15 0
16 0
17 0
18 0
19 0
20 0
21 0
22 1
23 1
24 18
25 13
26 19
27 18
28 17
29 37
30 35
31 44
32 34
33 41
34 37
35 46
36 39
37 37
38 40
39 44
40 47
41 41
42 44
43 36
44 38
45 40
46 44
47 47
48 36
49 43
50 48
51 44
52 45
53 45
54 44
55 45
56 48
57 46
58 49
59 50
60 49
61 48
62 44
63 43
64 44
65 42
66 44
67 46
68 38
69 41
70 45
71 47
72 44
73 42
74 39
75 43
76 48
77 57
78 50
79 54
80 58
81 38
82 44
83 45
84 45
85 41
86 44
87 46
88 44
89 49
90 41
91 46
92 37
93 44
94 40
95 39
96 47
97 45
98 41
99 42
100 44
101 48
102 46
103 50
104 45
105 47
106 45
107 45
108 43
109 49
110 46
111 52
112 40
113 46
114 45
115 45
116 40
117 46
118 41
119 45
120 50
121 56
122 46
123 49
124 59
125 50
126 41
127 40
128 39
129 40
130 52
131 50
132 45
133 47
134 51
135 40
136 54
137 45
138 44
139 52
140 42
141 49
142 52
143 50
144 49
145 41
146 40
147 44
148 39
149 47
150 44
151 45
152 44
153 36
154 39
155 46
156 49
157 49
158 41
159 49
160 39
161 41
162 62
163 47
164 44
165 53
