0 0
1 0
2 0
3 0
4 0
5 0
6 0
7 0
8 0
9 0
10 0
11 0
12 0
13 0
14 0
15 0
16 0
17 0
18 0
19 0
20 1
21 0
22 1
23 0
24 0
25 0
26 0
27 0
28 0
29 0
30 0
31 0
32 1
33 0
34 1
35 0
36 1
37 1
38 1
39 2
40 0
41 1
42 1
43 2
44 2
45 2
46 0
47 1
48 2
49 1
50 1
51 2
52 0
53 2
54 1
55 0
56 0
57 0
58 0
59 0
60 0
61 0
62 0
63 0
64 0
65 0
66 0
67 1
68 1
69 1
70 1
71 1
72 1
73 0
74 1
75 1
76 0
77 0
78 0
79 0
80 0
81 1
82 2
83 1
84 2
85 2
86 2
87 1
88 1
89 1
90 0
91 1
92 0
93 0
94 0
95 0
96 1
97 1
98 1
99 1
100 1
101 0
102 0
103 0
104 0
105 0
106 0
107 0
108 0
109 0
110 0
111 0
112 0
113 0
114 0
115 0
116 0
117 0
118 0
119 0
120 0
121 0
122 0
123 0
124 0
125 0
126 0
127 0
128 0
129 0
130 0
131 0
132 1
133 0
134 1
135 1
136 1
137 1
138 2
139 0
140 2
141 2
142 1
143 1
144 2
145 1
146 0
147 1
148 1
149 1
150 1
151 1
152 0
153 0
154 0
155 1
156 1
157 0
158 0
159 1
160 1
161 2
162 2
163 1
164 1
165 1
166 0
167 0
168 1
169 0
170 1
