0 0
1 31
2 35
3 43
4 41
5 44
6 48
7 47
8 55
9 48
10 56
11 54
12 51
13 58
14 63
15 59
16 61
17 59
18 48
19 66
20 57
21 72
22 77
23 96
24 94
25 94
26 99
27 88
28 113
29 111
30 109
31 127
32 126
33 118
34 129
35 135
36 140
37 134
38 158
39 135
40 155
41 140
42 135
43 157
44 172
45 143
46 163
47 156
48 179
49 175
50 174
51 178
52 213
53 227
54 213
55 204
56 210
57 223
58 244
59 235
60 242
61 208
62 211
63 225
64 181
65 192
66 205
67 186
68 211
69 192
70 205
71 221
72 193
73 201
74 212
75 217
76 215
77 204
78 195
79 191
80 226
81 221
82 214
83 180
84 217
85 162
86 207
87 170
88 171
89 211
90 186
91 228
92 198
93 214
94 214
95 199
96 217
97 183
98 202
99 184
100 206
101 204
102 230
103 212
104 221
105 188
106 203
107 190
108 207
109 217
110 188
111 199
112 210
113 202
114 178
115 218
116 174
117 214
118 213
119 197
120 200
121 213
122 187
123 203
124 200
125 219
126 197
127 199
128 191
129 216
130 201
131 212
132 202
133 200
134 213
135 229
136 198
137 200
138 199
139 197
140 205
141 217
142 213
143 200
144 199
145 222
146 233
147 188
148 201
149 211
150 204
151 212
152 215
153 203
154 173
155 194
156 203
157 193
158 202
