0 0
1 19
2 25
3 29
4 28
5 33
6 33
7 32
8 33
9 34
10 34
11 26
12 31
13 32
14 34
15 35
16 37
17 40
18 40
19 40
20 40
21 44
22 46
23 52
24 50
25 53
26 58
27 55
28 59
29 62
30 58
31 57
32 66
33 71
34 72
35 75
36 67
37 71
38 80
39 68
40 75
41 81
42 68
43 72
44 82
45 53
46 95
47 78
48 79
49 87
50 77
51 82
52 76
53 67
54 91
55 68
56 64
57 56
58 69
59 83
60 84
61 92
62 66
63 82
64 76
65 98
66 81
67 76
68 76
69 80
70 84
71 108
72 104
73 95
74 97
75 92
76 80
77 83
78 86
79 74
80 80
81 95
82 101
83 92
84 89
85 94
86 94
87 96
88 73
89 68
90 112
91 93
92 77
93 70
94 103
95 91
96 100
97 89
98 97
99 93
100 110
101 81
102 87
103 74
104 80
105 100
106 99
107 98
108 94
109 87
110 85
111 93
112 87
113 94
114 96
115 90
116 93
117 67
118 81
119 82
120 89
121 89
122 99
123 93
124 79
125 98
126 93
127 115
128 103
129 93
130 98
131 86
132 115
133 84
134 76
135 123
136 92
137 81
138 110
139 98
140 85
141 114
142 92
143 96
144 86
145 93
146 119
147 111
148 108
149 111
150 102
151 108
152 112
153 103
154 104
155 106
156 87
157 111
158 92
159 90
160 112
161 104
