0 0
1 25
2 28
3 31
4 25
5 26
6 25
7 33
8 30
9 38
10 32
11 40
12 40
13 43
14 42
15 40
16 46
17 35
18 41
19 35
20 49
21 41
22 51
23 38
24 53
25 46
26 66
27 69
28 69
29 65
30 71
31 54
32 68
33 66
34 80
35 65
36 60
37 86
38 80
39 69
40 78
41 84
42 66
43 96
44 73
45 95
46 78
47 81
48 82
49 78
50 82
51 92
52 92
53 85
54 76
55 99
56 73
57 83
58 80
59 91
60 100
61 82
62 76
63 72
64 76
65 68
66 83
67 98
68 79
69 90
70 86
71 96
72 78
73 81
74 82
75 80
76 84
77 93
78 88
79 90
80 57
81 90
82 113
83 83
84 106
85 95
86 102
87 100
88 82
89 90
90 92
91 89
92 82
93 90
94 106
95 113
96 82
97 89
98 84
99 78
100 93
101 105
102 108
103 86
104 96
105 107
106 116
107 82
108 98
109 97
110 93
111 87
112 87
113 98
114 115
115 100
116 116
117 103
118 91
119 108
120 88
121 92
122 118
123 81
124 77
125 98
126 95
127 103
128 107
129 104
130 108
131 87
132 79
133 110
134 110
135 100
136 101
137 112
138 106
