0 0
1 0
2 1
3 0
4 0
5 1
6 1
7 0
8 0
9 1
10 1
11 0
12 2
13 3
14 3
15 1
16 1
17 0
18 1
19 0
20 0
21 0
22 0
23 0
24 2
25 33
26 34
27 33
28 46
29 45
30 43
31 53
32 47
33 45
34 50
35 54
36 40
37 50
38 50
39 42
40 56
41 41
42 56
43 57
44 57
45 57
46 59
47 45
48 52
49 48
50 50
51 41
52 59
53 48
54 55
55 55
56 60
57 65
58 62
59 73
60 50
61 61
62 61
63 65
64 49
65 52
66 62
67 70
68 56
69 63
70 62
71 58
72 60
73 54
74 53
75 50
76 47
77 72
78 66
79 56
80 61
81 69
82 57
83 62
84 69
85 59
86 63
87 61
88 53
89 50
90 41
91 43
92 62
93 55
94 65
95 60
96 60
97 58
98 57
99 48
100 58
101 61
102 49
103 63
104 45
105 66
106 54
107 65
108 54
109 66
110 65
111 71
112 84
113 80
114 64
115 70
116 66
117 68
118 59
119 70
120 78
121 72
122 63
123 74
124 72
125 69
126 79
127 65
128 68
129 63
130 57
131 59
132 58
133 65
134 68
135 60
136 71
137 54
138 69
139 61
140 63
141 58
142 56
143 58
144 49
145 59
146 53
147 57
148 51
149 61
150 64
151 57
152 61
153 60
154 64
155 60
156 56
157 68
158 65
159 54
160 57
161 49
162 57
163 57
164 50
