0 0
1 0
2 0
3 1
4 2
5 1
6 0
7 1
8 0
9 0
10 0
11 0
12 0
13 0
14 0
15 0
16 0
17 0
18 0
19 0
20 0
21 0
22 0
23 0
24 0
25 0
26 0
27 0
28 0
29 0
30 1
31 0
32 13
33 14
34 13
35 11
36 15
37 14
38 29
39 37
40 38
41 36
42 41
43 32
44 46
45 36
46 40
47 48
48 46
49 47
50 54
51 50
52 46
53 44
54 51
55 46
56 46
57 48
58 52
59 49
60 49
61 45
62 36
63 36
64 44
65 42
66 40
67 39
68 39
69 43
70 45
71 45
72 34
73 43
74 42
75 45
76 45
77 36
78 43
79 37
80 41
81 44
82 32
83 33
84 42
85 47
86 28
87 36
88 40
89 46
90 41
91 44
92 44
93 46
94 38
95 43
96 39
97 41
98 41
99 46
100 44
101 48
102 36
103 39
104 42
105 43
106 41
107 38
108 42
109 42
110 39
111 36
112 34
113 47
114 44
115 39
116 43
117 40
118 39
119 48
120 48
121 41
122 44
123 48
124 52
125 42
126 40
127 41
128 63
129 47
130 49
131 59
132 51
133 59
134 56
135 43
136 50
137 45
138 46
139 46
140 51
141 54
142 49
143 46
144 45
145 53
146 44
147 43
148 37
149 38
150 47
151 51
152 50
153 49
154 42
