0 9
1 33
2 48
3 36
4 50
5 40
6 55
7 50
8 32
9 54
10 60
11 68
12 67
13 66
14 64
15 57
16 65
17 54
18 70
19 64
20 55
21 74
22 75
23 83
24 90
25 106
26 109
27 109
28 102
29 101
30 102
31 153
32 141
33 120
34 134
35 112
36 122
37 122
38 124
39 126
40 150
41 143
42 140
43 132
44 146
45 181
46 177
47 142
48 187
49 218
50 173
51 165
52 188
53 179
54 189
55 219
56 190
57 175
58 176
59 194
60 192
61 168
62 191
63 184
64 180
65 160
66 177
67 197
68 214
69 179
70 180
71 158
72 164
73 171
74 157
75 174
76 175
77 169
78 193
79 190
80 191
81 183
82 161
83 168
84 210
85 182
86 185
87 158
88 200
89 134
90 183
91 200
92 155
93 188
94 157
95 195
96 160
97 166
98 146
99 172
100 171
101 203
102 207
103 171
104 154
105 197
106 157
107 174
108 162
109 183
110 173
111 150
112 206
113 196
114 178
115 185
116 210
117 153
118 183
119 197
120 181
121 158
122 183
123 178
124 179
125 157
126 184
127 177
128 145
129 173
130 213
131 185
132 187
133 177
134 173
135 177
136 193
137 207
138 195
139 176
140 219
141 203
142 195
143 185
144 157
145 162
146 176
147 165
