0 9
1 30
2 42
3 34
4 34
5 50
6 47
7 43
8 48
9 53
10 48
11 59
12 61
13 54
14 68
15 50
16 46
17 55
18 59
19 47
20 54
21 63
22 69
23 80
24 81
25 85
26 98
27 80
28 92
29 81
30 99
31 112
32 87
33 107
34 129
35 124
36 122
37 102
38 98
39 123
40 138
41 111
42 109
43 124
44 138
45 130
46 136
47 126
48 160
49 157
50 113
51 133
52 151
53 147
54 184
55 160
56 177
57 170
58 204
59 184
60 154
61 180
62 153
63 201
64 177
65 129
66 164
67 192
68 159
69 162
70 172
71 176
72 165
73 181
74 172
75 156
76 179
77 183
78 175
79 194
80 193
81 200
82 175
83 142
84 175
85 185
86 163
87 165
88 173
89 182
90 178
91 134
92 160
93 162
94 181
95 181
96 159
97 183
98 214
99 177
100 152
101 169
102 155
103 166
104 163
105 192
106 179
107 152
108 141
109 169
110 194
111 180
112 161
113 177
114 177
115 150
116 173
117 176
118 153
119 178
120 176
121 172
122 192
123 178
124 149
125 192
