0 0
1 0
2 0
3 0
4 0
5 0
6 0
7 0
8 0
9 0
10 0
11 0
12 0
13 0
14 0
15 0
16 0
17 1
18 0
19 1
20 1
21 1
22 40
23 49
24 55
25 67
26 67
27 71
28 69
29 92
30 74
31 76
32 80
33 86
34 85
35 88
36 97
37 102
38 91
39 104
40 113
41 108
42 91
43 102
44 98
45 111
46 91
47 100
48 111
49 131
50 112
51 114
52 121
53 134
54 128
55 114
56 130
57 123
58 130
59 107
60 126
61 147
62 133
63 127
64 135
65 122
66 132
67 121
68 121
69 136
70 124
71 129
72 130
73 118
74 122
75 130
76 132
77 124
78 130
79 128
80 117
81 114
82 135
83 126
84 128
85 149
86 135
87 137
88 135
89 149
90 151
91 154
92 156
93 156
94 135
95 152
96 143
97 119
98 135
99 148
100 157
101 157
102 153
103 142
104 158
105 145
106 162
107 161
108 178
109 192
110 184
111 198
112 195
113 187
114 187
115 214
116 224
117 212
118 226
119 237
120 237
121 235
122 234
123 230
124 244
125 219
126 220
127 230
128 260
129 240
130 237
131 239
132 254
133 219
134 224
135 225
136 244
137 218
138 234
139 229
140 240
141 234
142 243
143 256
144 260
145 226
146 229
147 225
148 241
149 224
150 233
151 220
152 245
153 253
154 236
155 231
156 210
157 241
158 223
159 248
160 229
161 254
162 223
163 233
164 237
165 240
166 221
