0 0
1 24
2 21
3 23
4 29
5 36
6 42
7 31
8 36
9 36
10 35
11 38
12 47
13 37
14 52
15 53
16 41
17 54
18 38
19 36
20 46
21 36
22 55
23 57
24 65
25 77
26 71
27 67
28 86
29 84
30 88
31 67
32 83
33 81
34 84
35 84
36 94
37 94
38 89
39 89
40 98
41 99
42 109
43 94
44 104
45 93
46 100
47 92
48 123
49 110
50 97
51 96
52 108
53 110
54 103
55 102
56 99
57 95
58 121
59 111
60 133
61 106
62 120
63 136
64 111
65 115
66 105
67 121
68 128
69 101
70 108
71 108
72 140
73 147
74 128
75 147
76 137
77 152
78 121
79 153
80 113
81 137
82 137
83 154
84 154
85 154
86 153
87 148
88 163
89 137
90 161
91 178
92 176
93 162
94 189
95 165
96 180
97 164
98 154
99 140
100 152
101 172
102 166
103 174
104 140
105 154
106 168
107 175
108 197
109 171
110 178
111 173
112 161
113 156
114 182
115 184
116 183
117 165
118 167
119 172
120 164
121 165
122 175
123 147
124 160
125 180
126 162
127 179
128 171
129 174
130 135
131 162
132 190
133 183
134 176
135 165
136 200
137 170
138 173
139 175
140 158
141 157
142 173
143 144
144 153
145 151
146 154
147 166
148 179
149 177
150 139
151 151
152 171
153 154
