0 0
1 0
2 0
3 0
4 0
5 0
6 0
7 0
8 0
9 0
10 0
11 0
12 0
13 0
14 0
15 0
16 0
17 0
18 0
19 0
20 0
21 0
22 0
23 0
24 0
25 0
26 0
27 0
28 0
29 0
30 0
31 20
32 23
33 29
34 30
35 25
36 25
37 23
38 21
39 32
40 28
41 26
42 33
43 36
44 33
45 33
46 32
47 32
48 22
49 36
50 29
51 32
52 48
53 47
54 55
55 63
56 62
57 57
58 67
59 63
60 66
61 76
62 73
63 74
64 62
65 60
66 73
67 65
68 63
69 62
70 54
71 62
72 63
73 56
74 63
75 71
76 71
77 74
78 65
79 79
80 74
81 85
82 84
83 75
84 79
85 80
86 75
87 87
88 76
89 74
90 72
91 76
92 68
93 71
94 82
95 81
96 78
97 69
98 68
99 68
100 70
101 66
102 69
103 81
104 70
105 57
106 70
107 64
108 66
109 70
110 61
111 73
112 71
113 68
114 75
115 75
116 68
117 73
118 78
119 71
120 74
121 76
122 75
123 77
124 81
125 70
126 61
127 77
128 73
129 68
130 65
131 77
132 81
133 68
134 74
135 76
136 78
137 85
138 83
139 86
140 82
141 88
142 68
143 80
144 81
145 70
146 67
147 60
148 73
149 82
150 71
151 74
152 70
153 66
154 78
155 70
