0 0
1 28
2 33
3 33
4 41
5 40
6 38
7 44
8 49
9 45
10 59
11 54
12 47
13 45
14 53
15 64
16 45
17 49
18 44
19 54
20 47
21 83
22 104
23 70
24 103
25 76
26 101
27 108
28 109
29 99
30 100
31 113
32 127
33 113
34 112
35 135
36 138
37 140
38 142
39 148
40 123
41 134
42 139
43 147
44 107
45 152
46 171
47 203
48 196
49 199
50 169
51 179
52 183
53 192
54 213
55 177
56 211
57 175
58 199
59 200
60 226
61 191
62 210
63 197
64 194
65 187
66 207
67 181
68 184
69 152
70 192
71 146
72 173
73 194
74 172
75 175
76 175
77 174
78 164
79 175
80 178
81 190
82 169
83 154
84 169
85 149
86 149
87 170
88 138
89 169
90 149
91 165
92 179
93 179
94 186
95 167
96 167
97 168
98 153
99 138
100 196
101 183
102 153
103 194
104 199
105 172
106 183
107 209
108 156
109 147
110 154
111 186
112 157
113 190
114 134
115 163
116 169
117 162
118 172
119 161
120 161
121 174
122 160
123 186
124 165
125 159
126 169
127 162
128 167
129 173
130 208
131 179
132 188
133 146
134 172
135 178
136 141
137 194
138 175
139 206
140 173
141 176
142 166
143 175
144 153
145 171
146 186
147 148
148 178
149 184
150 177
151 178
152 191
153 151
154 143
155 149
156 168
157 172
158 174
159 168
