0 0
1 14
2 23
3 31
4 28
5 29
6 34
7 33
8 34
9 35
10 33
11 29
12 43
13 29
14 40
15 37
16 24
17 37
18 36
19 39
20 38
21 41
22 48
23 45
24 44
25 46
26 60
27 71
28 65
29 53
30 56
31 68
32 66
33 70
34 63
35 70
36 77
37 60
38 74
39 72
40 73
41 75
42 78
43 69
44 82
45 75
46 79
47 67
48 60
49 79
50 67
51 65
52 80
53 78
54 79
55 94
56 80
57 92
58 89
59 78
60 77
61 81
62 78
63 84
64 82
65 80
66 88
67 75
68 74
69 92
70 78
71 88
72 96
73 81
74 92
75 87
76 80
77 99
78 90
79 83
80 101
81 95
82 93
83 87
84 92
85 108
86 101
87 88
88 90
89 97
90 85
91 85
92 92
93 97
94 95
95 110
96 94
97 96
98 74
99 105
100 111
101 81
102 86
103 96
104 93
105 94
106 87
107 85
108 94
109 84
110 102
111 107
112 102
113 114
114 102
115 100
116 119
117 88
118 86
119 137
120 114
121 91
122 95
123 104
124 119
125 89
126 108
127 95
128 115
129 92
130 132
131 120
132 96
133 113
134 117
135 116
136 113
137 94
138 109
139 122
140 141
141 112
142 92
143 96
144 87
145 116
146 97
147 107
148 99
149 118
150 120
151 101
152 139
153 101
154 123
155 124
156 114
157 112
158 105
