0 0
1 0
2 0
3 0
4 0
5 0
6 0
7 1
8 1
9 0
10 1
11 1
12 1
13 1
14 1
15 1
16 1
17 6
18 16
19 23
20 23
21 30
22 36
23 29
24 31
25 41
26 44
27 36
28 35
29 35
30 45
31 52
32 52
33 48
34 48
35 51
36 59
37 44
38 46
39 42
40 51
41 52
42 40
43 63
44 58
45 51
46 57
47 52
48 51
49 55
50 43
51 57
52 60
53 51
54 51
55 57
56 50
57 45
58 58
59 34
60 51
61 57
62 55
63 48
64 53
65 47
66 47
67 49
68 51
69 50
70 46
71 45
72 55
73 53
74 42
75 53
76 59
77 55
78 62
79 54
80 53
81 50
82 58
83 53
84 39
85 53
86 47
87 60
88 50
89 53
90 53
91 53
92 51
93 57
94 54
95 55
96 58
97 50
98 50
99 52
100 48
101 41
102 38
103 44
104 50
105 50
106 56
107 50
108 45
109 53
110 43
111 64
112 65
113 49
114 53
115 52
116 71
117 55
118 52
119 54
120 53
121 51
122 47
123 52
124 70
125 62
126 47
127 59
128 59
129 59
130 47
131 45
132 54
133 53
134 49
135 38
136 55
137 47
138 46
139 50
140 53
141 57
142 39
143 42
144 41
145 33
146 45
147 46
148 49
149 49
150 53
151 47
152 54
153 49
154 51
155 62
156 67
157 65
158 58
159 53
160 54
161 55
