0 0
1 0
2 0
3 0
4 0
5 0
6 0
7 0
8 0
9 0
10 0
11 0
12 0
13 0
14 0
15 0
16 0
17 0
18 0
19 0
20 0
21 0
22 1
23 0
24 1
25 0
26 1
27 0
28 0
29 0
30 0
31 0
32 0
33 0
34 0
35 0
36 0
37 0
38 0
39 0
40 0
41 0
42 0
43 0
44 0
45 0
46 0
47 0
48 0
49 0
50 0
51 0
52 0
53 0
54 17
55 32
56 38
57 42
58 39
59 41
60 42
61 38
62 48
63 31
64 42
65 49
66 67
67 66
68 87
69 84
70 76
71 80
72 78
73 76
74 93
75 92
76 107
77 98
78 102
79 104
80 92
81 93
82 96
83 115
84 105
85 118
86 122
87 120
88 122
89 118
90 132
91 109
92 123
93 124
94 116
95 141
96 143
97 136
98 142
99 130
100 130
101 148
102 146
103 142
104 147
105 139
106 149
107 140
108 139
109 146
110 158
111 167
112 169
113 170
114 161
115 156
116 148
117 159
118 154
119 160
120 162
121 161
122 181
123 185
124 237
125 221
126 228
127 239
128 232
129 208
130 234
131 238
132 251
133 235
134 244
135 229
136 230
137 243
138 239
139 228
140 211
141 235
142 241
143 241
144 238
145 244
146 234
147 231
148 231
149 245
150 232
151 236
152 229
153 229
154 236
155 233
156 237
157 232
158 257
159 249
160 250
161 224
162 224
163 239
164 244
165 239
166 241
167 230
