0 0
1 21
2 27
3 34
4 33
5 39
6 38
7 35
8 47
9 47
10 41
11 46
12 45
13 52
14 40
15 36
16 49
17 55
18 50
19 48
20 54
21 47
22 72
23 66
24 74
25 92
26 79
27 100
28 115
29 112
30 115
31 113
32 106
33 110
34 104
35 130
36 120
37 111
38 127
39 132
40 133
41 143
42 130
43 123
44 153
45 175
46 175
47 175
48 188
49 166
50 151
51 183
52 154
53 194
54 189
55 169
56 173
57 236
58 215
59 228
60 230
61 225
62 220
63 248
64 222
65 258
66 232
67 235
68 252
69 246
70 218
71 255
72 251
73 248
74 252
75 217
76 237
77 245
78 233
79 236
80 275
81 254
82 248
83 243
84 237
85 254
86 215
87 243
88 244
89 222
90 245
91 244
92 261
93 241
94 230
95 228
96 249
97 245
98 245
99 229
100 223
101 231
102 225
103 239
104 218
105 256
106 251
107 253
108 241
109 232
110 254
111 268
112 260
113 267
114 238
115 230
116 251
117 234
118 211
119 222
120 250
121 248
122 240
123 256
124 260
125 236
126 257
127 212
128 227
129 249
130 257
131 249
132 228
133 253
134 228
135 239
136 235
137 246
138 223
139 242
140 272
141 244
142 263
143 265
144 257
145 249
146 256
147 236
148 233
149 244
150 267
151 245
