0 0
1 0
2 0
3 1
4 1
5 2
6 2
7 1
8 1
9 1
10 0
11 0
12 0
13 0
14 0
15 0
16 0
17 0
18 0
19 0
20 0
21 0
22 0
23 0
24 0
25 0
26 0
27 0
28 12
29 18
30 17
31 21
32 20
33 16
34 24
35 26
36 21
37 40
38 41
39 39
40 36
41 47
42 31
43 33
44 39
45 44
46 41
47 43
48 37
49 38
50 50
51 45
52 42
53 45
54 44
55 50
56 36
57 42
58 34
59 38
60 48
61 42
62 34
63 43
64 32
65 37
66 46
67 35
68 37
69 39
70 40
71 37
72 34
73 34
74 41
75 44
76 46
77 39
78 55
79 44
80 50
81 44
82 36
83 39
84 40
85 51
86 46
87 43
88 40
89 41
90 44
91 49
92 43
93 55
94 51
95 54
96 43
97 44
98 45
99 47
100 40
101 43
102 49
103 41
104 32
105 48
106 46
107 45
108 47
109 34
110 44
111 46
112 47
113 43
114 34
115 40
116 50
117 44
118 42
119 49
120 37
121 54
122 44
123 42
124 45
125 36
126 38
127 48
128 46
129 44
130 37
131 39
132 47
133 45
134 45
135 46
136 41
137 38
138 41
139 41
140 39
141 36
142 52
143 52
144 49
145 50
146 40
147 47
148 51
149 45
150 43
151 41
152 40
153 46
154 62
