0 0
1 0
2 0
3 0
4 0
5 0
6 0
7 0
8 0
9 0
10 0
11 0
12 0
13 0
14 0
15 0
16 0
17 0
18 0
19 0
20 0
21 0
22 0
23 0
24 0
25 0
26 0
27 0
28 0
29 20
30 18
31 31
32 22
33 19
34 24
35 23
36 18
37 19
38 14
39 19
40 20
41 22
42 16
43 22
44 21
45 21
46 19
47 26
48 25
49 23
50 22
51 21
52 22
53 25
54 19
55 20
56 19
57 19
58 22
59 19
60 16
61 17
62 13
63 16
64 20
65 16
66 22
67 24
68 20
69 37
70 41
71 27
72 36
73 36
74 33
75 30
76 41
77 39
78 43
79 46
80 44
81 46
82 45
83 45
84 43
85 52
86 51
87 57
88 47
89 41
90 44
91 44
92 45
93 45
94 36
95 39
96 46
97 48
98 47
99 44
100 40
101 38
102 45
103 38
104 49
105 48
106 54
107 49
108 30
109 47
110 41
111 44
112 37
113 42
114 36
115 46
116 51
117 53
118 41
119 53
120 51
121 40
122 51
123 48
124 43
125 41
126 37
127 44
128 36
129 38
130 33
131 48
132 31
133 36
134 47
135 34
136 45
137 47
138 53
139 43
140 43
141 44
142 53
143 38
144 36
145 46
146 49
147 47
148 45
149 46
150 41
151 41
152 42
153 39
