0 9
1 28
2 28
3 40
4 41
5 45
6 48
7 40
8 35
9 38
10 44
11 44
12 54
13 49
14 44
15 42
16 43
17 51
18 48
19 48
20 55
21 47
22 54
23 75
24 74
25 86
26 78
27 64
28 95
29 77
30 71
31 80
32 58
33 92
34 89
35 81
36 85
37 103
38 103
39 106
40 98
41 112
42 120
43 98
44 109
45 84
46 117
47 113
48 88
49 128
50 132
51 117
52 136
53 106
54 105
55 115
56 118
57 120
58 109
59 108
60 123
61 144
62 130
63 122
64 118
65 110
66 122
67 102
68 105
69 145
70 143
71 114
72 135
73 151
74 136
75 157
76 174
77 156
78 148
79 149
80 159
81 146
82 144
83 198
84 188
85 173
86 194
87 197
88 200
89 175
90 152
91 160
92 187
93 196
94 171
95 178
96 192
97 171
98 179
99 181
100 177
101 191
102 203
103 213
104 197
105 183
106 156
107 197
108 164
109 206
110 191
111 217
112 214
113 159
114 182
115 189
116 209
117 190
118 174
119 200
120 140
121 171
122 176
123 180
124 177
125 144
126 181
127 173
128 180
129 200
130 195
131 196
132 160
133 176
134 186
135 187
136 181
137 182
138 187
139 209
140 184
141 186
142 164
143 181
144 195
145 181
146 201
147 178
148 182
149 228
150 183
151 199
152 196
153 203
154 177
155 161
156 152
157 201
158 201
159 197
160 168
161 168
162 168
163 219
164 183
165 192
166 163
167 187
