0 0
1 2
2 21
3 30
4 35
5 33
6 32
7 31
8 36
9 44
10 34
11 45
12 45
13 43
14 28
15 40
16 48
17 47
18 47
19 47
20 47
21 54
22 64
23 65
24 69
25 80
26 81
27 82
28 86
29 81
30 86
31 108
32 99
33 99
34 99
35 109
36 124
37 113
38 121
39 96
40 116
41 128
42 126
43 111
44 117
45 110
46 131
47 132
48 125
49 133
50 121
51 100
52 116
53 125
54 123
55 130
56 119
57 123
58 123
59 148
60 127
61 135
62 120
63 136
64 138
65 143
66 143
67 125
68 139
69 137
70 155
71 136
72 148
73 141
74 132
75 134
76 150
77 124
78 151
79 159
80 147
81 154
82 163
83 192
84 173
85 150
86 169
87 138
88 165
89 166
90 169
91 169
92 180
93 197
94 215
95 216
96 210
97 231
98 241
99 242
100 225
101 255
102 250
103 240
104 215
105 248
106 245
107 247
108 253
109 256
110 238
111 242
112 221
113 233
114 250
115 235
116 234
117 246
118 226
119 250
120 220
121 263
122 229
123 233
124 234
125 260
126 239
127 225
128 237
129 265
130 237
131 235
132 256
133 236
134 237
135 244
136 242
137 247
138 255
139 249
140 227
141 253
142 248
143 233
144 237
145 253
146 250
147 215
148 246
149 224
150 236
151 257
152 242
153 237
