0 0
1 0
2 0
3 1
4 1
5 1
6 2
7 1
8 0
9 1
10 1
11 0
12 1
13 0
14 0
15 0
16 0
17 0
18 0
19 0
20 0
21 0
22 0
23 0
24 0
25 0
26 0
27 0
28 0
29 0
30 0
31 0
32 0
33 1
34 0
35 0
36 0
37 0
38 0
39 0
40 0
41 0
42 0
43 0
44 1
45 0
46 0
47 0
48 1
49 1
50 1
51 1
52 1
53 0
54 0
55 0
56 1
57 0
58 0
59 0
60 0
61 0
62 0
63 0
64 0
65 2
66 1
67 2
68 1
69 1
70 2
71 2
72 2
73 1
74 0
75 0
76 1
77 1
78 0
79 0
80 0
81 0
82 1
83 2
84 2
85 0
86 2
87 1
88 0
89 1
90 2
91 3
92 3
93 4
94 2
95 0
96 3
97 2
98 3
99 1
100 2
101 2
102 2
103 1
104 1
105 0
106 1
107 0
108 1
109 2
110 2
111 1
112 1
113 1
114 0
115 0
116 0
117 0
118 0
119 0
120 0
121 0
122 0
123 1
124 0
125 1
126 1
127 0
128 2
129 0
130 1
131 2
132 2
133 1
134 1
135 1
136 1
137 0
138 0
139 0
140 0
141 0
142 0
143 0
144 0
145 0
146 0
147 0
148 0
149 0
150 0
151 0
152 0
153 0
154 0
155 0
156 0
157 0
158 0
159 0
160 0
161 0
162 0
163 0
164 0
165 0
166 0
167 0
