0 9
1 31
2 31
3 33
4 41
5 43
6 41
7 50
8 52
9 46
10 43
11 54
12 52
13 49
14 43
15 60
16 55
17 50
18 47
19 58
20 50
21 57
22 80
23 73
24 70
25 87
26 74
27 77
28 79
29 98
30 80
31 103
32 95
33 106
34 98
35 85
36 97
37 114
38 101
39 103
40 94
41 126
42 111
43 115
44 103
45 110
46 107
47 128
48 127
49 120
50 85
51 127
52 131
53 136
54 136
55 125
56 150
57 113
58 150
59 125
60 177
61 155
62 128
63 159
64 158
65 122
66 146
67 117
68 147
69 191
70 155
71 170
72 195
73 176
74 200
75 208
76 215
77 225
78 203
79 212
80 204
81 204
82 193
83 200
84 223
85 185
86 188
87 200
88 211
89 212
90 226
91 207
92 201
93 219
94 212
95 169
96 207
97 193
98 228
99 214
100 214
101 209
102 209
103 209
104 208
105 192
106 201
107 208
108 194
109 201
110 226
111 192
112 225
113 198
114 234
115 207
116 201
117 211
118 199
119 188
120 213
121 180
122 205
123 200
124 240
125 224
126 210
127 209
128 171
129 232
130 212
131 211
132 190
133 190
134 184
135 190
136 217
137 218
138 209
139 194
140 182
141 213
142 194
143 199
144 231
145 168
146 199
147 208
148 196
149 197
150 193
151 202
152 209
153 202
154 218
155 194
156 236
157 202
158 173
159 199
160 234
161 260
162 209
163 212
