0 0
1 0
2 0
3 0
4 0
5 0
6 0
7 0
8 0
9 1
10 1
11 0
12 2
13 1
14 1
15 1
16 0
17 2
18 0
19 0
20 0
21 1
22 0
23 1
24 1
25 1
26 1
27 0
28 2
29 2
30 2
31 1
32 0
33 2
34 1
35 2
36 2
37 1
38 1
39 0
40 1
41 1
42 0
43 1
44 1
45 1
46 1
47 2
48 1
49 2
50 2
51 2
52 1
53 2
54 1
55 1
56 1
57 1
58 2
59 1
60 2
61 2
62 0
63 0
64 1
65 1
66 1
67 1
68 1
69 1
70 0
71 0
72 1
73 1
74 1
75 2
76 2
77 2
78 1
79 1
80 1
81 0
82 0
83 0
84 1
85 1
86 2
87 2
88 3
89 2
90 1
91 1
92 3
93 4
94 2
95 3
96 2
97 1
98 2
99 2
100 2
101 2
102 1
103 0
104 0
105 1
106 1
107 1
108 0
109 0
110 0
111 1
112 2
113 2
114 0
115 2
116 1
117 1
118 2
119 2
120 1
121 0
122 0
123 0
124 0
125 2
126 1
127 3
128 3
129 1
130 0
131 2
132 2
133 3
134 3
135 2
136 1
137 1
138 4
139 3
140 3
141 4
142 2
143 2
144 1
145 1
146 3
147 3
148 1
149 2
150 3
