0 0
1 22
2 24
3 27
4 34
5 34
6 44
7 40
8 31
9 40
10 38
11 37
12 45
13 41
14 43
15 46
16 51
17 42
18 55
19 46
20 40
21 46
22 41
23 66
24 64
25 64
26 58
27 67
28 71
29 60
30 86
31 77
32 95
33 87
34 79
35 90
36 88
37 102
38 78
39 79
40 106
41 94
42 88
43 100
44 106
45 97
46 100
47 80
48 90
49 104
50 105
51 95
52 95
53 100
54 84
55 110
56 93
57 112
58 94
59 114
60 106
61 102
62 97
63 94
64 96
65 94
66 100
67 99
68 110
69 118
70 103
71 104
72 129
73 103
74 111
75 113
76 112
77 98
78 115
79 112
80 92
81 111
82 104
83 126
84 127
85 134
86 141
87 122
88 124
89 111
90 134
91 129
92 132
93 125
94 123
95 119
96 136
97 114
98 152
99 144
100 132
101 153
102 126
103 152
104 179
105 152
106 167
107 167
108 167
109 159
110 169
111 149
112 140
113 168
114 136
115 147
116 170
117 168
118 159
119 176
120 179
121 159
122 179
123 155
124 148
125 169
126 150
127 213
128 154
129 172
130 177
131 159
132 203
133 171
134 165
135 172
136 133
137 175
138 171
139 139
140 144
141 190
142 178
143 172
144 196
145 179
146 191
147 159
148 173
149 179
150 145
151 190
152 170
153 178
154 173
