0 0
1 8
2 11
3 22
4 19
5 20
6 26
7 25
8 20
9 26
10 34
11 36
12 44
13 32
14 32
15 32
16 30
17 29
18 27
19 34
20 33
21 45
22 34
23 44
24 36
25 44
26 47
27 64
28 54
29 39
30 50
31 57
32 48
33 60
34 55
35 55
36 55
37 67
38 63
39 59
40 66
41 62
42 61
43 54
44 70
45 65
46 69
47 51
48 66
49 67
50 73
51 62
52 63
53 55
54 65
55 59
56 72
57 78
58 63
59 79
60 80
61 74
62 68
63 65
64 75
65 62
66 77
67 79
68 55
69 59
70 68
71 71
72 73
73 66
74 53
75 51
76 60
77 61
78 70
79 64
80 82
81 65
82 68
83 67
84 75
85 74
86 55
87 59
88 74
89 84
90 60
91 50
92 70
93 79
94 54
95 75
96 87
97 85
98 68
99 74
100 69
101 81
102 90
103 83
104 69
105 84
106 79
107 73
108 76
109 67
110 85
111 83
112 89
113 70
114 78
115 74
116 85
117 81
118 78
119 85
120 79
121 72
122 83
123 98
124 91
125 78
126 92
127 86
128 79
129 80
130 94
131 96
132 85
133 76
134 80
135 84
136 82
137 94
138 75
139 91
140 86
141 101
142 83
143 93
144 86
145 76
146 104
147 86
148 91
149 91
150 90
151 101
152 89
153 84
154 82
155 78
156 87
157 101
158 101
159 101
160 99
161 91
162 106
163 94
164 82
165 98
