0 0
1 16
2 28
3 32
4 32
5 34
6 33
7 40
8 40
9 40
10 34
11 41
12 32
13 43
14 40
15 44
16 50
17 48
18 50
19 44
20 46
21 65
22 58
23 60
24 61
25 78
26 95
27 97
28 98
29 96
30 102
31 87
32 96
33 97
34 95
35 113
36 86
37 103
38 112
39 113
40 98
41 85
42 119
43 102
44 107
45 123
46 115
47 133
48 115
49 117
50 127
51 140
52 126
53 129
54 132
55 141
56 138
57 116
58 141
59 141
60 123
61 136
62 140
63 149
64 140
65 160
66 155
67 158
68 156
69 141
70 143
71 159
72 154
73 169
74 159
75 154
76 157
77 152
78 176
79 183
80 140
81 172
82 179
83 170
84 190
85 199
86 184
87 184
88 164
89 181
90 203
91 169
92 175
93 230
94 189
95 245
96 259
97 246
98 247
99 234
100 243
101 227
102 233
103 249
104 254
105 247
106 277
107 233
108 271
109 261
110 230
111 211
112 238
113 234
114 253
115 249
116 233
117 239
118 210
119 240
120 223
121 267
122 252
123 241
124 255
125 247
126 249
127 245
128 243
129 228
130 234
131 230
132 246
133 252
134 226
135 226
136 250
137 233
138 238
139 215
140 254
141 263
142 263
143 226
144 236
145 233
146 259
147 226
148 228
149 235
150 239
151 255
152 238
153 240
154 227
155 224
156 247
157 246
158 247
159 276
