0 0
1 0
2 10
3 15
4 28
5 30
6 22
7 35
8 18
9 28
10 29
11 30
12 32
13 28
14 29
15 28
16 34
17 39
18 41
19 37
20 35
21 41
22 40
23 38
24 45
25 44
26 42
27 50
28 45
29 44
30 41
31 47
32 54
33 58
34 49
35 59
36 54
37 69
38 55
39 52
40 52
41 64
42 48
43 59
44 55
45 55
46 45
47 43
48 54
49 52
50 58
51 53
52 53
53 69
54 58
55 60
56 65
57 56
58 64
59 51
60 67
61 57
62 57
63 69
64 50
65 57
66 63
67 56
68 58
69 65
70 67
71 55
72 49
73 49
74 64
75 58
76 72
77 66
78 59
79 71
80 58
81 63
82 62
83 64
84 71
85 76
86 73
87 63
88 69
89 78
90 75
91 84
92 81
93 79
94 73
95 74
96 62
97 74
98 66
99 72
100 74
101 71
102 78
103 74
104 79
105 87
106 94
107 74
108 82
109 83
110 66
111 76
112 83
113 81
114 81
115 80
116 91
117 75
118 67
119 79
120 87
121 82
122 99
123 83
124 73
125 81
126 87
127 87
128 96
129 72
130 94
131 76
132 75
133 99
134 89
135 89
136 89
137 89
138 108
139 106
140 108
141 80
142 92
143 104
144 96
145 97
146 105
147 115
148 106
149 103
150 98
151 88
152 101
153 106
154 104
155 103
156 95
157 94
158 94
159 86
160 100
161 99
162 70
163 82
164 101
165 93
