0 0
1 29
2 26
3 36
4 39
5 42
6 36
7 38
8 42
9 53
10 45
11 50
12 47
13 47
14 46
15 38
16 46
17 53
18 56
19 53
20 53
21 66
22 71
23 65
24 76
25 75
26 90
27 82
28 73
29 94
30 96
31 93
32 93
33 98
34 108
35 85
36 87
37 109
38 106
39 110
40 101
41 113
42 98
43 130
44 104
45 100
46 106
47 124
48 137
49 111
50 123
51 127
52 122
53 122
54 118
55 139
56 137
57 116
58 168
59 148
60 172
61 123
62 163
63 140
64 140
65 146
66 146
67 141
68 172
69 184
70 148
71 152
72 138
73 152
74 154
75 143
76 178
77 182
78 190
79 188
80 193
81 201
82 218
83 225
84 202
85 241
86 237
87 220
88 220
89 210
90 213
91 227
92 272
93 273
94 225
95 250
96 230
97 213
98 219
99 200
100 225
101 237
102 216
103 246
104 228
105 236
106 231
107 254
108 244
109 232
110 234
111 248
112 222
113 245
114 227
115 234
116 225
117 240
118 226
119 239
120 239
121 226
122 237
123 231
124 240
125 219
126 245
127 220
128 241
129 211
130 217
131 222
132 243
133 226
134 242
135 217
136 242
137 206
138 229
139 197
140 261
141 221
142 201
143 203
144 237
145 221
146 241
147 235
148 249
149 245
150 204
151 218
152 185
153 245
154 231
155 236
