0 0
1 8
2 21
3 31
4 25
5 33
6 35
7 33
8 28
9 29
10 35
11 36
12 35
13 35
14 43
15 37
16 37
17 38
18 42
19 38
20 41
21 48
22 47
23 56
24 63
25 63
26 54
27 57
28 59
29 65
30 67
31 65
32 70
33 56
34 68
35 85
36 73
37 84
38 71
39 95
40 65
41 72
42 72
43 77
44 70
45 69
46 61
47 68
48 74
49 96
50 105
51 73
52 91
53 79
54 94
55 96
56 103
57 95
58 91
59 101
60 82
61 106
62 86
63 84
64 93
65 87
66 62
67 87
68 97
69 92
70 108
71 115
72 102
73 105
74 93
75 99
76 107
77 101
78 85
79 99
80 99
81 114
82 110
83 100
84 125
85 130
86 112
87 120
88 98
89 127
90 109
91 106
92 135
93 115
94 125
95 120
96 122
97 123
98 127
99 116
100 122
101 117
102 109
103 128
104 106
105 125
106 118
107 109
108 136
109 128
110 133
111 136
112 117
113 134
114 123
115 122
116 120
117 115
118 131
119 126
120 152
121 111
122 137
123 122
124 137
125 128
126 132
127 123
128 108
129 107
130 134
131 128
132 139
133 110
134 117
135 134
136 118
137 120
138 139
