0 0
1 0
2 0
3 0
4 0
5 0
6 0
7 0
8 0
9 0
10 0
11 0
12 0
13 0
14 0
15 0
16 0
17 0
18 0
19 0
20 0
21 0
22 1
23 0
24 22
25 17
26 26
27 29
28 25
29 35
30 43
31 49
32 57
33 55
34 49
35 51
36 56
37 49
38 51
39 52
40 55
41 55
42 58
43 59
44 57
45 49
46 57
47 59
48 51
49 53
50 45
51 47
52 56
53 55
54 62
55 63
56 69
57 63
58 78
59 68
60 61
61 59
62 64
63 61
64 58
65 55
66 59
67 56
68 59
69 69
70 69
71 83
72 87
73 75
74 75
75 81
76 78
77 69
78 79
79 78
80 70
81 72
82 76
83 79
84 64
85 75
86 74
87 74
88 69
89 65
90 76
91 69
92 76
93 69
94 69
95 70
96 74
97 66
98 67
99 72
100 70
101 75
102 69
103 74
104 64
105 70
106 78
107 74
108 79
109 79
110 75
111 71
112 67
113 73
114 66
115 68
116 68
117 76
118 69
119 80
120 72
121 78
122 72
123 77
124 78
125 67
126 73
127 68
128 71
129 65
130 77
131 60
132 55
133 64
134 69
135 67
136 68
137 71
138 74
139 67
140 73
141 70
142 67
143 72
144 65
145 71
146 74
147 71
148 70
149 64
150 70
151 60
152 64
153 69
154 67
