0 0
1 0
2 0
3 0
4 0
5 0
6 0
7 1
8 0
9 0
10 0
11 2
12 0
13 1
14 2
15 0
16 2
17 2
18 2
19 1
20 1
21 1
22 2
23 2
24 8
25 17
26 32
27 42
28 40
29 40
30 37
31 35
32 28
33 34
34 42
35 32
36 32
37 37
38 39
39 42
40 50
41 45
42 43
43 45
44 41
45 45
46 38
47 49
48 36
49 42
50 39
51 43
52 49
53 35
54 41
55 45
56 52
57 54
58 38
59 45
60 41
61 49
62 47
63 48
64 51
65 41
66 53
67 42
68 52
69 48
70 43
71 58
72 45
73 57
74 49
75 61
76 48
77 56
78 51
79 42
80 51
81 45
82 41
83 46
84 38
85 44
86 44
87 45
88 46
89 38
90 33
91 42
92 45
93 51
94 44
95 47
96 46
97 49
98 47
99 49
100 46
101 45
102 43
103 42
104 43
105 38
106 43
107 46
108 52
109 38
110 37
111 51
112 47
113 44
114 41
115 43
116 50
117 59
118 49
119 50
120 42
121 51
122 43
123 49
124 41
125 40
126 44
127 35
128 36
129 35
130 38
131 45
132 44
133 49
134 50
135 50
136 52
137 57
138 61
139 56
140 52
141 57
142 48
143 51
144 51
145 52
146 48
147 54
148 57
149 52
150 61
151 52
152 54
153 52
154 58
