0 0
1 0
2 0
3 0
4 0
5 0
6 0
7 0
8 0
9 0
10 0
11 0
12 0
13 0
14 0
15 0
16 0
17 0
18 1
19 0
20 0
21 0
22 0
23 0
24 0
25 0
26 0
27 0
28 17
29 27
30 30
31 26
32 29
33 47
34 32
35 46
36 39
37 40
38 41
39 36
40 33
41 41
42 51
43 47
44 47
45 47
46 50
47 31
48 49
49 42
50 70
51 63
52 66
53 70
54 53
55 56
56 64
57 71
58 74
59 75
60 67
61 78
62 68
63 61
64 65
65 67
66 52
67 71
68 69
69 64
70 61
71 71
72 70
73 67
74 82
75 80
76 75
77 92
78 84
79 72
80 79
81 75
82 83
83 87
84 78
85 98
86 97
87 93
88 93
89 84
90 89
91 93
92 92
93 98
94 89
95 85
96 86
97 87
98 97
99 90
100 94
101 93
102 107
103 93
104 98
105 102
106 100
107 99
108 90
109 90
110 97
111 100
112 106
113 106
114 96
115 101
116 92
117 103
118 91
119 90
120 89
121 88
122 102
123 106
124 110
125 99
126 108
127 94
128 102
129 101
130 112
131 107
132 99
133 105
134 110
135 94
136 107
137 108
138 91
139 105
