0 0
1 20
2 25
3 32
4 34
5 30
6 41
7 38
8 33
9 32
10 38
11 35
12 42
13 34
14 43
15 50
16 54
17 54
18 49
19 45
20 45
21 50
22 50
23 58
24 49
25 59
26 56
27 55
28 61
29 75
30 70
31 66
32 77
33 75
34 83
35 86
36 100
37 80
38 93
39 88
40 101
41 98
42 94
43 88
44 102
45 90
46 100
47 103
48 112
49 112
50 113
51 112
52 129
53 119
54 131
55 110
56 139
57 120
58 111
59 112
60 120
61 116
62 110
63 130
64 116
65 126
66 109
67 125
68 123
69 129
70 143
71 136
72 124
73 115
74 140
75 125
76 149
77 151
78 143
79 159
80 154
81 169
82 140
83 169
84 141
85 154
86 166
87 162
88 165
89 183
90 117
91 134
92 149
93 179
94 195
95 195
96 174
97 185
98 180
99 159
100 185
101 170
102 155
103 157
104 134
105 184
106 178
107 164
108 166
109 174
110 147
111 159
112 199
113 135
114 171
115 127
116 163
117 169
118 169
119 152
120 175
121 159
122 199
123 145
124 189
125 175
126 138
127 175
128 181
129 160
130 165
