0 0
1 39
2 35
3 38
4 35
5 46
6 51
7 48
8 48
9 42
10 34
11 59
12 51
13 58
14 68
15 55
16 59
17 53
18 61
19 52
20 55
21 76
22 77
23 75
24 86
25 94
26 103
27 102
28 101
29 109
30 110
31 107
32 115
33 118
34 109
35 108
36 138
37 154
38 135
39 152
40 123
41 122
42 139
43 160
44 119
45 145
46 173
47 154
48 157
49 186
50 195
51 188
52 223
53 188
54 216
55 208
56 222
57 235
58 188
59 199
60 182
61 190
62 208
63 195
64 188
65 205
66 200
67 191
68 207
69 203
70 231
71 215
72 212
73 193
74 229
75 192
76 214
77 173
78 195
79 222
80 190
81 157
82 219
83 195
84 184
85 211
86 209
87 203
88 185
89 213
90 212
91 196
92 212
93 206
94 215
95 215
96 212
97 210
98 206
99 201
100 209
101 220
102 202
103 201
104 190
105 198
106 193
107 203
108 196
109 154
110 209
111 214
112 171
113 211
114 207
115 191
116 204
117 220
118 192
119 195
120 219
121 194
122 229
123 193
124 201
125 198
126 200
127 208
128 232
129 211
130 197
131 202
132 208
133 226
134 196
135 219
136 176
137 187
138 204
139 185
140 208
141 226
142 212
143 184
144 197
145 218
146 188
147 200
148 203
149 216
150 198
151 218
152 203
153 198
154 178
155 208
156 201
157 223
158 199
