0 0
1 0
2 0
3 1
4 1
5 0
6 1
7 2
8 1
9 2
10 1
11 2
12 1
13 2
14 2
15 0
16 0
17 0
18 0
19 0
20 0
21 0
22 0
23 0
24 0
25 6
26 23
27 23
28 24
29 25
30 25
31 27
32 36
33 32
34 32
35 39
36 32
37 36
38 34
39 33
40 37
41 39
42 39
43 32
44 35
45 33
46 28
47 37
48 32
49 33
50 32
51 44
52 44
53 41
54 29
55 30
56 25
57 28
58 41
59 26
60 29
61 39
62 44
63 46
64 50
65 44
66 46
67 41
68 65
69 73
70 62
71 73
72 82
73 93
74 83
75 94
76 87
77 79
78 87
79 87
80 99
81 95
82 86
83 91
84 92
85 88
86 85
87 93
88 100
89 98
90 99
91 103
92 109
93 121
94 108
95 108
96 98
97 103
98 99
99 98
100 90
101 95
102 97
103 96
104 100
105 102
106 98
107 93
108 103
109 98
110 96
111 106
112 107
113 101
114 106
115 113
116 126
117 114
118 122
119 120
120 120
121 112
122 125
123 112
124 120
125 132
126 122
127 112
128 119
129 120
130 128
131 135
132 117
133 119
134 132
135 120
136 136
137 127
138 140
139 131
140 131
141 123
142 125
143 124
144 121
145 127
146 121
147 139
148 137
149 141
150 145
151 137
152 134
