0 19
1 18
2 20
3 26
4 20
5 41
6 42
7 37
8 42
9 37
10 44
11 62
12 78
13 80
14 96
15 101
16 97
17 101
18 100
19 101
20 99
21 101
22 106
23 109
24 113
25 123
26 115
27 130
28 136
29 129
30 136
31 140
32 153
33 176
34 158
35 165
36 174
37 165
38 189
39 204
40 205
41 202
42 207
43 201
44 200
45 205
46 188
47 198
48 196
49 204
50 203
51 204
52 201
53 211
54 207
55 198
56 207
57 203
58 192
59 196
60 199
61 199
62 183
63 193
64 201
65 197
66 205
67 185
68 205
69 200
70 184
71 195
72 201
73 205
74 202
75 200
76 203
77 197
78 204
79 204
80 210
81 211
82 195
83 195
84 194
85 206
86 205
87 202
88 198
89 195
90 186
91 189
92 205
93 206
94 206
95 193
96 182
97 197
98 218
99 189
100 196
101 196
102 199
103 204
104 199
