0 16
1 21
2 19
3 23
4 22
5 23
6 25
7 27
8 51
9 55
10 56
11 67
12 69
13 69
14 62
15 67
16 82
17 66
18 81
19 78
20 80
21 76
22 87
23 96
24 84
25 93
26 91
27 112
28 91
29 105
30 102
31 109
32 107
33 113
34 116
35 133
36 120
37 126
38 121
39 131
40 131
41 120
42 124
43 124
44 134
45 147
46 144
47 154
48 155
49 155
50 158
51 173
52 174
53 172
54 175
55 191
56 200
57 214
58 214
59 213
60 219
61 225
62 212
63 210
64 213
65 218
66 209
67 217
68 196
69 217
70 213
71 208
72 211
73 214
74 216
75 214
76 213
77 206
78 217
79 209
80 216
81 212
82 216
83 219
84 208
85 207
86 202
87 215
88 219
89 222
90 212
91 218
92 218
93 207
94 212
95 217
96 222
97 222
98 206
99 208
100 218
101 205
102 210
103 214
104 215
