0 19
1 17
2 19
3 25
4 29
5 36
6 26
7 59
8 69
9 58
10 67
11 62
12 70
13 73
14 70
15 73
16 77
17 78
18 82
19 79
20 85
21 72
22 80
23 71
24 79
25 74
26 92
27 84
28 81
29 83
30 96
31 93
32 94
33 85
34 88
35 82
36 80
37 85
38 104
39 96
40 103
41 92
42 107
43 93
44 95
45 110
46 116
47 102
48 105
49 110
50 111
51 108
52 104
53 108
54 102
55 110
56 118
57 117
58 119
59 115
60 121
61 123
62 123
63 120
64 115
65 122
66 118
67 113
68 123
69 125
70 121
71 117
72 121
73 110
74 127
75 135
76 122
77 118
78 135
79 134
80 136
81 137
82 135
83 145
84 149
85 169
86 169
87 178
88 170
89 182
90 187
91 200
92 200
93 201
94 222
95 213
96 222
97 215
98 213
99 212
100 222
101 211
102 216
103 209
104 218
