0 17
1 25
2 23
3 24
4 29
5 37
6 41
7 61
8 63
9 51
10 56
11 72
12 74
13 77
14 77
15 71
16 77
17 76
18 89
19 93
20 90
21 92
22 93
23 97
24 99
25 101
26 117
27 116
28 127
29 123
30 127
31 132
32 127
33 136
34 136
35 167
36 160
37 176
38 150
39 169
40 185
41 190
42 186
43 206
44 208
45 203
46 214
47 196
48 194
49 186
50 193
51 186
52 198
53 187
54 193
55 203
56 196
57 200
58 198
59 192
60 204
61 202
62 193
63 199
64 196
65 182
66 199
67 185
68 180
69 204
70 186
71 177
72 183
73 189
74 193
75 195
76 191
77 194
78 194
79 180
80 199
81 200
82 192
83 194
84 194
85 192
86 187
87 193
88 180
89 199
90 199
91 185
92 186
93 191
94 193
95 195
96 205
97 191
98 201
99 188
100 205
101 193
102 190
103 202
104 199
