0 20
1 25
2 27
3 30
4 31
5 41
6 49
7 64
8 72
9 65
10 72
11 73
12 82
13 72
14 79
15 75
16 78
17 82
18 81
19 98
20 92
21 92
22 85
23 95
24 96
25 107
26 92
27 100
28 104
29 112
30 100
31 104
32 111
33 111
34 114
35 104
36 102
37 104
38 107
39 123
40 112
41 112
42 114
43 114
44 115
45 115
46 113
47 109
48 114
49 100
50 92
51 101
52 104
53 112
54 102
55 112
56 121
57 104
58 113
59 115
60 126
61 115
62 120
63 118
64 114
65 119
66 121
67 122
68 128
69 129
70 119
71 120
72 124
73 121
74 134
75 112
76 129
77 130
78 115
79 121
80 127
81 128
82 119
83 119
84 110
85 128
86 123
87 124
88 113
89 120
90 131
91 137
92 137
93 146
94 135
95 133
96 152
