0 18
1 21
2 26
3 24
4 32
5 31
6 39
7 31
8 40
9 38
10 38
11 41
12 44
13 37
14 40
15 42
16 34
17 58
18 59
19 66
20 62
21 77
22 67
23 72
24 65
25 68
26 76
27 85
28 77
29 84
30 72
31 74
32 74
33 84
34 84
35 74
36 67
37 65
38 78
39 76
40 65
41 74
42 70
43 73
44 81
45 79
46 73
47 78
48 86
49 73
50 60
51 74
52 85
53 72
54 70
55 78
56 89
57 87
58 80
59 81
60 79
61 78
62 87
63 78
64 91
65 100
66 87
67 87
68 93
69 96
70 87
71 92
72 98
73 101
74 100
75 96
76 82
77 96
78 90
79 94
80 102
81 105
82 112
83 94
84 114
85 116
86 114
87 118
88 119
89 117
90 111
91 124
92 110
93 116
94 118
95 121
96 123
97 113
98 118
99 113
100 123
101 114
102 129
103 122
104 128
