0 19
1 24
2 25
3 25
4 32
5 38
6 48
7 67
8 60
9 72
10 74
11 75
12 88
13 90
14 82
15 80
16 93
17 98
18 102
19 99
20 96
21 105
22 116
23 94
24 109
25 102
26 105
27 102
28 116
29 109
30 111
31 120
32 129
33 133
34 127
35 134
36 125
37 139
38 141
39 166
40 172
41 161
42 189
43 182
44 193
45 215
46 222
47 214
48 217
49 204
50 224
51 219
52 213
53 211
54 224
55 217
56 217
57 212
58 212
59 217
60 213
61 216
62 205
63 211
64 217
65 217
66 207
67 215
68 210
69 209
70 213
71 223
72 214
73 222
74 211
75 210
76 213
77 210
78 210
79 203
80 214
81 209
82 204
83 213
84 213
85 217
86 219
87 222
88 196
89 210
90 209
91 200
92 217
93 212
94 209
95 212
96 220
97 218
98 214
99 219
100 212
101 222
102 208
103 211
104 216
