0 16
1 19
2 21
3 22
4 26
5 26
6 31
7 41
8 59
9 62
10 65
11 63
12 71
13 88
14 84
15 86
16 74
17 85
18 89
19 86
20 96
21 102
22 85
23 95
24 100
25 98
26 99
27 102
28 98
29 105
30 112
31 112
32 115
33 124
34 116
35 117
36 124
37 121
38 133
39 121
40 126
41 142
42 135
43 132
44 123
45 136
46 134
47 139
48 160
49 175
50 164
51 176
52 169
53 180
54 183
55 197
56 211
57 213
58 205
59 207
60 209
61 215
62 214
63 210
64 205
65 211
66 206
67 206
68 213
69 202
70 214
71 219
72 208
73 215
74 212
75 211
76 199
77 201
78 207
79 208
80 216
81 211
82 217
83 208
84 207
85 219
86 212
87 204
88 205
89 215
90 217
91 209
92 212
93 213
94 218
95 207
96 211
97 211
98 217
99 205
100 205
101 216
102 221
103 214
104 203
