0 21
1 20
2 22
3 27
4 27
5 35
6 35
7 33
8 39
9 38
10 60
11 63
12 61
13 70
14 71
15 72
16 76
17 83
18 88
19 88
20 94
21 92
22 90
23 99
24 86
25 91
26 90
27 101
28 105
29 101
30 105
31 103
32 117
33 123
34 140
35 135
36 141
37 147
38 148
39 151
40 151
41 158
42 169
43 174
44 175
45 187
46 203
47 205
48 211
49 210
50 210
51 215
52 213
53 209
54 223
55 213
56 208
57 201
58 198
59 222
60 218
61 210
62 202
63 216
64 214
65 216
66 216
67 208
68 215
69 220
70 216
71 210
72 205
73 219
74 197
75 202
76 217
77 206
78 222
79 210
80 216
81 215
82 219
83 218
84 209
85 208
86 220
87 210
88 205
89 206
90 207
91 222
92 217
93 214
94 215
95 208
96 209
97 210
98 218
99 210
100 214
101 221
102 215
103 211
104 223
