0.00 1.91 18.57
1.00 1.90 18.62
2.00 1.90 18.63
3.00 1.91 18.66
4.00 1.91 18.67
5.00 1.91 18.65
6.00 1.91 18.59
7.00 1.91 18.56
8.00 1.92 18.48
9.00 1.94 18.49
10.00 1.95 18.50
11.00 1.96 18.44
12.00 1.97 18.36
13.00 1.99 18.33
14.00 2.00 18.32
15.00 2.01 18.31
16.00 1.98 18.30
17.00 1.99 18.33
18.00 1.96 18.34
19.00 1.97 18.32
20.00 1.97 18.33
21.00 1.97 18.39
22.00 1.98 18.44
23.00 1.98 18.45
24.00 1.99 18.43
25.00 1.99 18.36
26.00 1.99 18.34
27.00 1.98 18.28
28.00 1.98 18.32
29.00 2.00 18.34
30.00 1.98 18.28
31.00 1.97 18.24
32.00 2.00 18.22
33.00 2.00 18.19
34.00 2.01 18.22
35.00 1.99 18.20
36.00 1.98 18.16
37.00 1.96 18.19
38.00 1.96 18.24
39.00 1.95 18.25
40.00 1.94 18.22
41.00 1.95 18.22
42.00 1.96 18.23
43.00 1.95 18.21
44.00 1.95 18.26
45.00 1.94 18.24
46.00 1.97 18.19
47.00 1.99 18.20
48.00 2.02 18.13
49.00 2.02 18.13
50.00 2.05 18.15
51.00 2.06 18.24
52.00 2.05 18.29
53.00 2.06 18.31
54.00 2.07 18.30
55.00 2.07 18.33
56.00 2.06 18.30
57.00 2.08 18.31
58.00 2.07 18.21
59.00 2.07 18.16
60.00 2.08 18.11
61.00 2.09 18.16
62.00 2.07 18.17
63.00 2.07 18.25
64.00 2.07 18.24
65.00 2.08 18.21
66.00 2.05 18.12
67.00 2.06 18.08
68.00 2.05 18.14
69.00 2.04 18.12
70.00 2.05 18.14
71.00 2.07 18.18
72.00 2.08 18.29
73.00 2.08 18.27
74.00 2.07 18.26
75.00 2.07 18.27
76.00 2.07 18.28
77.00 2.07 18.22
78.00 2.06 18.17
79.00 2.05 18.18
80.00 2.07 18.20
81.00 2.07 18.24
82.00 2.08 18.22
83.00 2.07 18.27
84.00 2.07 18.20
85.00 2.06 18.24
86.00 2.05 18.24
87.00 2.05 18.24
88.00 2.05 18.11
89.00 2.02 18.11
90.00 1.99 18.09
91.00 1.98 18.08
92.00 1.98 18.08
93.00 1.98 18.12
94.00 1.98 18.16
95.00 1.97 18.13
96.00 1.96 18.11
97.00 1.97 18.08
98.00 1.97 18.06
99.00 1.98 18.04
100.00 1.97 18.04
101.00 1.98 18.06
102.00 1.98 18.05
103.00 2.00 18.04
104.00 2.01 17.92
105.00 2.02 17.98
106.00 2.03 17.99
107.00 2.04 18.04
108.00 2.05 18.02
109.00 2.03 18.01
110.00 2.01 18.01
111.00 2.03 17.98
112.00 2.06 18.01
113.00 2.08 18.01
114.00 2.06 18.04
115.00 2.06 17.96
116.00 2.07 17.91
117.00 2.07 17.92
118.00 2.06 17.93
119.00 2.07 18.01
120.00 2.05 17.95
121.00 2.04 17.95
122.00 2.05 17.82
123.00 2.06 17.85
124.00 2.06 17.81
125.00 2.07 17.81
126.00 2.05 17.83
127.00 2.06 17.82
128.00 2.04 17.78
129.00 2.03 17.74
130.00 2.03 17.73
131.00 2.03 17.73
132.00 2.01 17.70
133.00 2.00 17.59
134.00 1.99 17.52
135.00 1.98 17.56
136.00 1.98 17.58
137.00 1.97 17.57
138.00 1.99 17.65
139.00 1.98 17.65
140.00 2.00 17.58
141.00 1.98 17.64
142.00 1.99 17.66
143.00 1.98 17.71
144.00 1.97 17.60
145.00 1.96 17.65
146.00 1.96 17.60
147.00 1.95 17.62
148.00 1.96 17.60
149.00 1.94 17.58
150.00 1.92 17.60
151.00 1.92 17.54
152.00 1.93 17.53
153.00 1.96 17.43
154.00 1.95 17.39
155.00 1.94 17.37
156.00 1.95 17.40
157.00 1.98 17.45
158.00 2.01 17.49
159.00 2.00 17.46
160.00 2.00 17.51
161.00 2.01 17.50
162.00 2.03 17.48
163.00 2.05 17.48
164.00 2.06 17.40
165.00 2.08 17.42
166.00 2.09 17.48
167.00 2.10 17.47
168.00 2.09 17.54
169.00 2.10 17.50
170.00 2.09 17.48
171.00 2.12 17.44
172.00 2.11 17.54
173.00 2.12 17.57
174.00 2.11 17.63
175.00 2.13 17.57
176.00 2.13 17.58
177.00 2.12 17.57
178.00 2.14 17.54
179.00 2.13 17.57
180.00 2.13 17.53
181.00 2.13 17.52
182.00 2.15 17.45
183.00 2.16 17.47
184.00 2.17 17.48
185.00 2.17 17.51
186.00 2.15 17.46
187.00 2.16 17.43
188.00 2.15 17.40
189.00 2.15 17.36
190.00 2.16 17.37
191.00 2.18 17.31
192.00 2.18 17.30
193.00 2.20 17.36
194.00 2.21 17.39
195.00 2.21 17.44
196.00 2.22 17.45
197.00 2.23 17.47
198.00 2.23 17.41
199.00 2.23 17.37
200.00 2.23 17.33
201.00 2.21 17.28
202.00 2.20 17.30
203.00 2.23 17.30
204.00 2.24 17.30
205.00 2.25 17.29
206.00 2.26 17.31
207.00 2.25 17.34
208.00 2.26 17.25
209.00 2.28 17.29
210.00 2.27 17.29
211.00 2.27 17.34
212.00 2.27 17.37
213.00 2.26 17.36
214.00 2.27 17.34
215.00 2.25 17.32
216.00 2.25 17.25
217.00 2.25 17.21
218.00 2.26 17.23
219.00 2.29 17.26
220.00 2.31 17.30
221.00 2.33 17.32
222.00 2.32 17.23
223.00 2.34 17.29
224.00 2.34 17.31
225.00 2.36 17.35
226.00 2.35 17.30
227.00 2.37 17.27
228.00 2.35 17.28
229.00 2.37 17.24
230.00 2.37 17.23
231.00 2.37 17.28
232.00 2.36 17.27
233.00 2.37 17.37
234.00 2.37 17.30
235.00 2.38 17.30
236.00 2.35 17.23
237.00 2.37 17.28
238.00 2.37 17.29
239.00 2.37 17.24
240.00 2.38 17.20
241.00 2.39 17.21
242.00 2.38 17.22
243.00 2.38 17.14
244.00 2.35 17.16
245.00 2.35 17.11
246.00 2.37 17.11
247.00 2.39 17.19
248.00 2.40 17.20
249.00 2.41 17.18
250.00 2.41 17.20
251.00 2.40 17.18
252.00 2.39 17.15
253.00 2.39 17.15
254.00 2.39 17.16
255.00 2.40 17.24
256.00 2.40 17.24
257.00 2.42 17.20
258.00 2.41 17.17
259.00 2.39 17.14
260.00 2.38 17.11
261.00 2.38 17.20
262.00 2.37 17.23
263.00 2.38 17.30
264.00 2.39 17.28
265.00 2.38 17.29
266.00 2.38 17.29
267.00 2.37 17.24
268.00 2.38 17.22
269.00 2.36 17.14
270.00 2.36 17.15
271.00 2.35 17.18
272.00 2.36 17.08
273.00 2.35 17.06
274.00 2.34 17.07
275.00 2.36 17.09
276.00 2.36 17.05
277.00 2.38 17.00
278.00 2.36 17.01
279.00 2.36 17.11
280.00 2.35 17.10
281.00 2.32 17.02
282.00 2.32 17.02
283.00 2.31 16.97
284.00 2.33 16.99
285.00 2.31 17.03
286.00 2.30 17.08
287.00 2.28 17.07
288.00 2.28 17.06
289.00 2.29 17.09
290.00 2.27 17.06
291.00 2.27 17.09
292.00 2.26 17.10
293.00 2.28 17.10
294.00 2.28 17.07
295.00 2.29 17.16
296.00 2.29 17.19
297.00 2.29 17.17
298.00 2.29 17.14
299.00 2.27 17.08
300.00 2.27 17.07
301.00 2.27 17.12
302.00 2.29 17.18
303.00 2.28 17.21
304.00 2.29 17.22
305.00 2.27 17.19
306.00 2.26 17.10
307.00 2.26 17.12
308.00 2.25 17.09
309.00 2.25 17.10
310.00 2.25 17.13
311.00 2.24 17.08
312.00 2.24 17.02
313.00 2.24 17.03
314.00 2.23 17.04
315.00 2.26 17.02
316.00 2.26 17.02
317.00 2.25 17.01
318.00 2.27 16.98
319.00 2.26 17.03
320.00 2.27 17.07
321.00 2.26 17.10
322.00 2.25 17.03
323.00 2.25 17.01
324.00 2.25 17.07
325.00 2.24 17.06
326.00 2.23 16.99
327.00 2.22 16.91
328.00 2.21 16.84
329.00 2.19 16.82
330.00 2.20 16.80
331.00 2.19 16.76
332.00 2.20 16.74
333.00 2.19 16.76
334.00 2.22 16.83
335.00 2.24 16.95
336.00 2.23 16.98
337.00 2.24 16.95
338.00 2.23 16.95
339.00 2.21 17.00
340.00 2.21 16.97
341.00 2.21 16.94
342.00 2.22 16.90
343.00 2.21 16.92
344.00 2.19 16.82
345.00 2.18 16.80
346.00 2.18 16.85
347.00 2.19 16.89
348.00 2.19 16.85
349.00 2.19 16.87
350.00 2.18 16.87
351.00 2.18 16.87
352.00 2.18 16.82
353.00 2.19 16.84
354.00 2.19 16.82
355.00 2.18 16.84
356.00 2.17 16.80
357.00 2.16 16.76
358.00 2.16 16.79
359.00 2.18 16.79
360.00 2.17 16.72
361.00 2.19 16.69
362.00 2.16 16.67
363.00 2.17 16.64
364.00 2.18 16.59
365.00 2.18 16.59
366.00 2.17 16.62
367.00 2.17 16.60
368.00 2.16 16.58
369.00 2.16 16.56
370.00 2.17 16.50
371.00 2.16 16.55
372.00 2.15 16.57
373.00 2.15 16.52
374.00 2.14 16.41
375.00 2.11 16.34
376.00 2.10 16.29
377.00 2.10 16.27
378.00 2.11 16.28
379.00 2.13 16.29
380.00 2.14 16.32
381.00 2.14 16.32
382.00 2.13 16.33
383.00 2.11 16.32
384.00 2.11 16.24
385.00 2.13 16.26
386.00 2.13 16.17
387.00 2.15 16.14
388.00 2.14 16.09
389.00 2.15 16.12
390.00 2.16 16.22
391.00 2.19 16.32
392.00 2.19 16.32
393.00 2.19 16.34
394.00 2.16 16.27
395.00 2.16 16.25
396.00 2.15 16.22
397.00 2.16 16.18
398.00 2.15 16.24
399.00 2.15 16.31
400.00 2.15 16.34
401.00 2.14 16.36
402.00 2.13 16.42
403.00 2.13 16.41
404.00 2.13 16.45
405.00 2.11 16.42
406.00 2.12 16.45
407.00 2.13 16.50
408.00 2.13 16.56
409.00 2.15 16.59
410.00 2.13 16.63
411.00 2.15 16.56
412.00 2.14 16.58
413.00 2.13 16.51
414.00 2.15 16.61
415.00 2.13 16.66
416.00 2.14 16.65
417.00 2.13 16.60
418.00 2.12 16.56
419.00 2.10 16.54
420.00 2.11 16.51
421.00 2.10 16.44
422.00 2.10 16.44
423.00 2.09 16.42
424.00 2.07 16.33
425.00 2.06 16.35
426.00 2.05 16.32
427.00 2.05 16.29
428.00 2.05 16.32
429.00 2.07 16.37
430.00 2.07 16.40
431.00 2.08 16.37
432.00 2.08 16.36
433.00 2.07 16.40
434.00 2.07 16.40
435.00 2.09 16.42
436.00 2.08 16.36
437.00 2.07 16.34
438.00 2.07 16.35
439.00 2.09 16.29
440.00 2.08 16.26
441.00 2.07 16.20
442.00 2.07 16.21
443.00 2.12 16.27
444.00 2.11 16.21
445.00 2.12 16.24
446.00 2.12 16.21
447.00 2.12 16.28
448.00 2.12 16.27
449.00 2.13 16.28
450.00 2.13 16.28
451.00 2.13 16.28
452.00 2.12 16.29
453.00 2.12 16.33
454.00 2.13 16.35
455.00 2.13 16.30
456.00 2.14 16.33
457.00 2.14 16.20
458.00 2.14 16.25
459.00 2.15 16.26
460.00 2.16 16.21
461.00 2.15 16.26
462.00 2.16 16.29
463.00 2.17 16.32
464.00 2.17 16.34
465.00 2.18 16.33
466.00 2.19 16.43
467.00 2.20 16.43
468.00 2.19 16.35
469.00 2.22 16.39
470.00 2.22 16.34
471.00 2.21 16.38
472.00 2.22 16.37
473.00 2.22 16.35
474.00 2.22 16.33
475.00 2.23 16.33
476.00 2.23 16.32
477.00 2.25 16.28
478.00 2.26 16.27
479.00 2.26 16.28
480.00 2.27 16.27
481.00 2.26 16.29
482.00 2.26 16.30
483.00 2.26 16.38
484.00 2.29 16.43
485.00 2.28 16.40
486.00 2.28 16.40
487.00 2.28 16.37
488.00 2.27 16.32
489.00 2.27 16.29
490.00 2.28 16.28
491.00 2.28 16.29
492.00 2.25 16.26
493.00 2.25 16.27
494.00 2.24 16.18
495.00 2.25 16.15
496.00 2.25 16.09
497.00 2.24 16.16
498.00 2.25 16.13
499.00 2.25 16.15
500.00 2.26 16.20
501.00 2.25 16.21
502.00 2.25 16.12
503.00 2.25 16.11
504.00 2.24 16.17
505.00 2.24 16.18
506.00 2.22 16.22
507.00 2.22 16.27
508.00 2.23 16.26
509.00 2.23 16.22
510.00 2.25 16.19
511.00 2.25 16.30
512.00 2.25 16.34
513.00 2.25 16.31
514.00 2.25 16.31
515.00 2.25 16.30
516.00 2.24 16.28
517.00 2.23 16.32
518.00 2.23 16.28
519.00 2.23 16.33
520.00 2.21 16.38
521.00 2.22 16.39
522.00 2.22 16.40
523.00 2.22 16.42
524.00 2.20 16.43
525.00 2.17 16.44
526.00 2.18 16.45
527.00 2.18 16.46
528.00 2.18 16.50
529.00 2.19 16.50
530.00 2.20 16.49
531.00 2.19 16.55
532.00 2.21 16.55
533.00 2.22 16.58
534.00 2.21 16.55
535.00 2.22 16.54
536.00 2.20 16.50
537.00 2.21 16.59
538.00 2.22 16.58
539.00 2.22 16.60
540.00 2.22 16.66
541.00 2.23 16.67
542.00 2.24 16.66
543.00 2.24 16.69
544.00 2.24 16.66
545.00 2.24 16.66
546.00 2.24 16.67
547.00 2.24 16.68
548.00 2.25 16.66
549.00 2.25 16.71
550.00 2.26 16.75
551.00 2.26 16.80
552.00 2.27 16.86
553.00 2.28 16.90
554.00 2.28 16.90
555.00 2.26 16.91
556.00 2.27 16.86
557.00 2.25 16.86
558.00 2.24 16.83
559.00 2.24 16.72
560.00 2.23 16.68
561.00 2.23 16.71
562.00 2.22 16.72
563.00 2.22 16.69
564.00 2.22 16.79
565.00 2.21 16.77
566.00 2.20 16.79
567.00 2.20 16.80
568.00 2.18 16.82
569.00 2.19 16.79
570.00 2.20 16.79
571.00 2.19 16.73
572.00 2.20 16.78
573.00 2.20 16.78
574.00 2.20 16.75
575.00 2.20 16.74
576.00 2.19 16.80
577.00 2.19 16.79
578.00 2.18 16.73
579.00 2.17 16.77
580.00 2.16 16.77
581.00 2.16 16.73
582.00 2.17 16.78
583.00 2.17 16.78
584.00 2.18 16.77
585.00 2.18 16.81
586.00 2.19 16.80
587.00 2.18 16.79
588.00 2.20 16.76
589.00 2.19 16.81
590.00 2.18 16.85
591.00 2.18 16.82
592.00 2.17 16.86
593.00 2.18 16.82
594.00 2.18 16.85
595.00 2.19 16.91
596.00 2.18 16.95
597.00 2.18 16.94
598.00 2.18 16.97
599.00 2.18 16.94
600.00 2.20 16.98
601.00 2.22 17.04
602.00 2.22 17.03
603.00 2.24 16.99
604.00 2.24 17.07
605.00 2.24 16.99
606.00 2.24 16.95
607.00 2.23 16.91
608.00 2.23 16.93
609.00 2.22 16.89
610.00 2.20 16.91
611.00 2.19 16.94
612.00 2.16 16.91
613.00 2.16 16.89
614.00 2.17 16.90
615.00 2.20 16.87
616.00 2.20 16.91
617.00 2.20 16.98
618.00 2.21 16.98
619.00 2.22 16.99
620.00 2.23 16.99
621.00 2.21 16.99
622.00 2.21 16.99
623.00 2.20 16.97
624.00 2.19 16.95
625.00 2.19 17.00
626.00 2.19 17.01
627.00 2.20 17.06
628.00 2.22 17.10
629.00 2.25 17.19
630.00 2.25 17.19
631.00 2.26 17.24
632.00 2.27 17.19
633.00 2.25 17.27
634.00 2.25 17.23
635.00 2.24 17.15
636.00 2.25 17.22
637.00 2.25 17.22
638.00 2.24 17.19
639.00 2.24 17.17
640.00 2.23 17.20
641.00 2.22 17.18
642.00 2.22 17.15
643.00 2.23 17.16
644.00 2.24 17.21
645.00 2.25 17.20
646.00 2.27 17.21
647.00 2.29 17.23
648.00 2.29 17.23
649.00 2.28 17.26
650.00 2.27 17.24
651.00 2.28 17.17
652.00 2.29 17.18
653.00 2.29 17.18
654.00 2.28 17.14
655.00 2.28 17.16
656.00 2.27 17.11
657.00 2.29 17.07
658.00 2.28 17.04
659.00 2.28 16.96
660.00 2.28 17.01
661.00 2.28 16.96
662.00 2.28 16.99
663.00 2.27 16.99
664.00 2.28 16.95
665.00 2.27 16.93
666.00 2.29 16.91
667.00 2.30 16.91
668.00 2.30 16.89
669.00 2.30 16.91
670.00 2.31 16.97
671.00 2.29 16.97
672.00 2.29 17.03
673.00 2.28 16.99
674.00 2.28 16.99
675.00 2.28 16.98
676.00 2.27 17.02
677.00 2.27 17.03
678.00 2.25 17.05
679.00 2.27 17.04
680.00 2.27 17.10
681.00 2.24 17.10
682.00 2.25 17.14
683.00 2.24 17.11
684.00 2.24 17.11
685.00 2.23 17.13
686.00 2.24 17.10
687.00 2.22 17.10
688.00 2.22 17.08
689.00 2.22 17.12
690.00 2.22 17.10
691.00 2.22 17.11
692.00 2.21 17.07
693.00 2.23 17.01
694.00 2.23 17.01
695.00 2.23 17.03
696.00 2.24 17.02
697.00 2.23 16.95
698.00 2.24 16.97
699.00 2.23 16.99
700.00 2.24 16.93
701.00 2.25 16.90
702.00 2.25 16.89
703.00 2.24 16.87
704.00 2.25 16.96
705.00 2.24 16.98
706.00 2.26 16.96
707.00 2.24 17.00
708.00 2.25 17.03
709.00 2.25 16.98
710.00 2.24 16.99
711.00 2.25 16.91
712.00 2.26 17.00
713.00 2.26 17.06
714.00 2.27 17.03
715.00 2.26 17.09
716.00 2.27 17.13
717.00 2.27 17.09
718.00 2.29 17.14
719.00 2.28 17.06
720.00 2.26 17.08
721.00 2.25 17.12
722.00 2.26 17.12
723.00 2.26 17.09
724.00 2.24 17.04
725.00 2.24 17.06
726.00 2.22 17.07
727.00 2.20 17.06
728.00 2.21 17.01
729.00 2.21 17.05
730.00 2.20 17.08
731.00 2.23 17.05
732.00 2.21 17.06
733.00 2.23 17.07
734.00 2.24 17.10
735.00 2.23 17.10
736.00 2.24 17.10
737.00 2.24 17.00
738.00 2.23 16.98
739.00 2.22 16.97
740.00 2.23 16.91
741.00 2.23 16.91
742.00 2.25 16.94
743.00 2.26 16.86
744.00 2.24 16.89
745.00 2.23 16.91
746.00 2.24 16.86
747.00 2.26 16.85
748.00 2.25 16.81
749.00 2.27 16.86
750.00 2.25 16.87
751.00 2.23 16.87
752.00 2.24 16.93
753.00 2.24 16.93
754.00 2.26 16.91
755.00 2.24 16.94
756.00 2.27 16.90
757.00 2.25 16.98
758.00 2.23 17.09
759.00 2.24 17.07
760.00 2.24 17.06
761.00 2.24 17.16
762.00 2.23 17.14
763.00 2.27 17.13
764.00 2.26 17.09
765.00 2.27 17.10
766.00 2.26 17.12
767.00 2.26 17.06
768.00 2.25 17.07
769.00 2.25 17.05
770.00 2.25 17.13
771.00 2.23 17.22
772.00 2.22 17.21
773.00 2.23 17.22
774.00 2.24 17.16
775.00 2.22 17.17
776.00 2.23 17.23
777.00 2.23 17.21
778.00 2.22 17.28
779.00 2.23 17.26
780.00 2.22 17.27
781.00 2.23 17.21
782.00 2.22 17.21
783.00 2.22 17.22
784.00 2.21 17.22
785.00 2.22 17.22
786.00 2.23 17.23
787.00 2.23 17.28
788.00 2.23 17.32
789.00 2.23 17.32
790.00 2.22 17.33
791.00 2.22 17.25
792.00 2.22 17.29
793.00 2.21 17.27
794.00 2.21 17.30
795.00 2.21 17.39
796.00 2.23 17.43
797.00 2.22 17.40
798.00 2.21 17.47
799.00 2.21 17.43
800.00 2.21 17.39
801.00 2.20 17.45
802.00 2.19 17.41
803.00 2.19 17.40
804.00 2.20 17.34
805.00 2.19 17.30
806.00 2.17 17.34
807.00 2.17 17.37
808.00 2.16 17.37
809.00 2.17 17.36
810.00 2.15 17.29
811.00 2.16 17.28
812.00 2.15 17.26
813.00 2.15 17.26
814.00 2.18 17.30
815.00 2.17 17.32
816.00 2.16 17.37
817.00 2.16 17.39
818.00 2.14 17.39
819.00 2.14 17.41
820.00 2.16 17.43
821.00 2.16 17.39
822.00 2.15 17.36
823.00 2.15 17.33
824.00 2.15 17.32
825.00 2.16 17.32
826.00 2.17 17.32
827.00 2.18 17.33
828.00 2.16 17.31
829.00 2.16 17.33
830.00 2.16 17.34
831.00 2.17 17.31
832.00 2.19 17.33
833.00 2.19 17.30
834.00 2.20 17.32
835.00 2.19 17.32
836.00 2.20 17.35
837.00 2.19 17.42
838.00 2.20 17.42
839.00 2.20 17.46
840.00 2.20 17.49
841.00 2.21 17.44
842.00 2.21 17.50
843.00 2.21 17.48
844.00 2.20 17.51
845.00 2.20 17.46
846.00 2.19 17.44
847.00 2.18 17.45
848.00 2.20 17.40
849.00 2.20 17.39
850.00 2.22 17.47
851.00 2.21 17.53
852.00 2.20 17.53
853.00 2.22 17.58
854.00 2.23 17.54
855.00 2.24 17.53
856.00 2.25 17.56
857.00 2.24 17.57
858.00 2.24 17.60
859.00 2.24 17.58
860.00 2.25 17.56
861.00 2.24 17.50
862.00 2.23 17.53
863.00 2.23 17.49
864.00 2.22 17.43
865.00 2.21 17.37
866.00 2.22 17.34
867.00 2.21 17.38
868.00 2.21 17.46
869.00 2.23 17.55
870.00 2.23 17.48
871.00 2.22 17.49
872.00 2.21 17.50
873.00 2.22 17.51
874.00 2.20 17.54
875.00 2.21 17.53
876.00 2.19 17.47
877.00 2.19 17.42
878.00 2.21 17.39
879.00 2.21 17.41
880.00 2.20 17.51
881.00 2.19 17.52
882.00 2.21 17.48
883.00 2.21 17.53
884.00 2.23 17.54
885.00 2.23 17.57
886.00 2.19 17.51
887.00 2.19 17.53
888.00 2.19 17.57
889.00 2.20 17.54
890.00 2.21 17.60
891.00 2.21 17.57
892.00 2.19 17.64
893.00 2.19 17.58
894.00 2.19 17.60
895.00 2.20 17.60
896.00 2.20 17.58
897.00 2.20 17.54
898.00 2.19 17.54
899.00 2.19 17.53
900.00 2.19 17.45
901.00 2.18 17.46
902.00 2.17 17.46
903.00 2.18 17.49
904.00 2.18 17.46
905.00 2.19 17.45
906.00 2.21 17.43
907.00 2.21 17.43
908.00 2.18 17.43
909.00 2.18 17.40
910.00 2.18 17.40
911.00 2.19 17.36
912.00 2.17 17.25
913.00 2.18 17.28
914.00 2.16 17.22
915.00 2.16 17.30
916.00 2.14 17.29
917.00 2.16 17.33
918.00 2.16 17.33
919.00 2.15 17.43
920.00 2.17 17.44
921.00 2.16 17.43
922.00 2.16 17.51
923.00 2.17 17.51
924.00 2.17 17.50
925.00 2.18 17.56
926.00 2.19 17.52
927.00 2.18 17.47
928.00 2.19 17.46
929.00 2.19 17.46
930.00 2.19 17.42
931.00 2.18 17.47
932.00 2.18 17.39
933.00 2.19 17.39
934.00 2.19 17.37
935.00 2.19 17.33
936.00 2.18 17.30
937.00 2.17 17.20
938.00 2.18 17.22
939.00 2.17 17.11
940.00 2.16 17.14
941.00 2.16 17.20
942.00 2.17 17.19
943.00 2.18 17.22
944.00 2.19 17.25
945.00 2.19 17.24
946.00 2.20 17.24
947.00 2.21 17.29
948.00 2.19 17.26
949.00 2.20 17.27
950.00 2.20 17.29
951.00 2.23 17.27
952.00 2.23 17.23
953.00 2.22 17.26
954.00 2.21 17.24
955.00 2.23 17.25
956.00 2.22 17.24
957.00 2.22 17.24
958.00 2.21 17.13
959.00 2.21 17.21
960.00 2.22 17.15
961.00 2.22 17.20
962.00 2.22 17.22
963.00 2.21 17.24
964.00 2.19 17.24
965.00 2.19 17.26
966.00 2.20 17.30
967.00 2.20 17.33
968.00 2.21 17.42
969.00 2.20 17.43
970.00 2.20 17.52
971.00 2.19 17.49
972.00 2.17 17.50
973.00 2.17 17.48
974.00 2.17 17.43
975.00 2.18 17.44
976.00 2.18 17.46
977.00 2.19 17.49
978.00 2.18 17.56
979.00 2.18 17.61
980.00 2.17 17.62
981.00 2.18 17.60
982.00 2.18 17.63
983.00 2.17 17.62
984.00 2.19 17.73
985.00 2.17 17.73
986.00 2.18 17.75
987.00 2.18 17.70
988.00 2.18 17.75
989.00 2.17 17.80
990.00 2.16 17.80
991.00 2.15 17.83
992.00 2.13 17.83
993.00 2.14 17.88
994.00 2.14 17.91
995.00 2.16 17.88
996.00 2.16 17.83
997.00 2.15 17.83
998.00 2.14 17.81
999.00 2.12 17.76
1000.00 2.12 17.79
1001.00 2.13 17.78
1002.00 2.14 17.77
1003.00 2.15 17.81
1004.00 2.15 17.92
1005.00 2.15 17.90
1006.00 2.16 17.89
1007.00 2.15 17.87
1008.00 2.14 17.88
1009.00 2.15 17.93
1010.00 2.14 17.92
1011.00 2.12 17.95
1012.00 2.10 17.97
1013.00 2.11 17.92
1014.00 2.11 17.91
1015.00 2.10 17.93
1016.00 2.08 17.81
1017.00 2.07 17.78
1018.00 2.05 17.74
1019.00 2.06 17.76
1020.00 2.05 17.79
1021.00 2.05 17.82
1022.00 2.03 17.81
1023.00 2.04 17.88
1024.00 2.05 17.89
1025.00 2.07 17.89
1026.00 2.07 17.90
1027.00 2.08 17.97
1028.00 2.09 17.92
1029.00 2.11 17.95
1030.00 2.11 17.99
1031.00 2.11 17.91
1032.00 2.11 17.95
1033.00 2.11 17.99
1034.00 2.13 17.95
1035.00 2.12 17.88
1036.00 2.15 17.87
1037.00 2.14 17.91
1038.00 2.16 17.93
1039.00 2.17 17.98
1040.00 2.17 18.00
1041.00 2.19 17.96
1042.00 2.19 17.97
1043.00 2.20 17.95
1044.00 2.22 18.03
1045.00 2.21 18.06
1046.00 2.23 18.11
1047.00 2.23 18.15
1048.00 2.21 18.23
1049.00 2.20 18.16
1050.00 2.20 18.21
1051.00 2.21 18.15
1052.00 2.21 18.08
1053.00 2.20 18.13
1054.00 2.21 18.15
1055.00 2.21 18.17
1056.00 2.21 18.14
1057.00 2.21 18.18
1058.00 2.22 18.13
1059.00 2.23 18.12
1060.00 2.22 18.06
1061.00 2.21 18.11
1062.00 2.21 18.07
1063.00 2.22 18.12
1064.00 2.23 18.12
1065.00 2.25 18.09
1066.00 2.23 18.13
1067.00 2.24 18.15
1068.00 2.23 18.11
1069.00 2.22 18.14
1070.00 2.23 18.18
1071.00 2.24 18.16
1072.00 2.24 18.13
1073.00 2.23 18.13
1074.00 2.23 18.07
1075.00 2.22 18.09
1076.00 2.22 18.09
1077.00 2.22 18.13
1078.00 2.22 18.18
1079.00 2.22 18.21
1080.00 2.22 18.23
1081.00 2.23 18.16
1082.00 2.22 18.24
1083.00 2.23 18.27
1084.00 2.23 18.24
1085.00 2.22 18.25
1086.00 2.25 18.24
1087.00 2.26 18.28
1088.00 2.25 18.34
1089.00 2.26 18.31
1090.00 2.24 18.35
1091.00 2.22 18.33
1092.00 2.21 18.29
1093.00 2.19 18.27
1094.00 2.19 18.24
1095.00 2.20 18.21
1096.00 2.21 18.22
1097.00 2.22 18.28
1098.00 2.24 18.29
1099.00 2.24 18.37
1100.00 2.23 18.38
1101.00 2.24 18.38
1102.00 2.22 18.37
1103.00 2.23 18.40
1104.00 2.22 18.36
1105.00 2.23 18.30
1106.00 2.23 18.31
1107.00 2.23 18.25
1108.00 2.23 18.23
1109.00 2.25 18.19
1110.00 2.25 18.18
1111.00 2.25 18.23
1112.00 2.25 18.26
1113.00 2.23 18.23
1114.00 2.26 18.18
1115.00 2.25 18.16
1116.00 2.24 18.13
1117.00 2.24 18.16
1118.00 2.24 18.20
1119.00 2.24 18.14
1120.00 2.24 18.19
1121.00 2.22 18.08
1122.00 2.23 18.12
1123.00 2.23 18.14
1124.00 2.23 18.21
1125.00 2.22 18.21
1126.00 2.23 18.20
1127.00 2.25 18.22
1128.00 2.24 18.16
1129.00 2.25 18.14
1130.00 2.25 18.17
1131.00 2.28 18.20
1132.00 2.27 18.18
1133.00 2.26 18.18
1134.00 2.24 18.19
1135.00 2.22 18.19
1136.00 2.21 18.14
1137.00 2.23 18.09
1138.00 2.23 18.09
1139.00 2.22 18.08
1140.00 2.23 18.14
1141.00 2.23 18.10
1142.00 2.21 18.07
1143.00 2.20 18.13
1144.00 2.18 18.03
1145.00 2.20 18.04
1146.00 2.20 18.00
1147.00 2.21 18.03
1148.00 2.20 18.10
1149.00 2.21 18.14
1150.00 2.22 18.15
1151.00 2.22 18.12
1152.00 2.23 18.19
1153.00 2.21 18.12
1154.00 2.22 18.24
1155.00 2.21 18.23
1156.00 2.20 18.22
1157.00 2.20 18.26
1158.00 2.23 18.23
1159.00 2.23 18.25
1160.00 2.22 18.24
1161.00 2.22 18.22
1162.00 2.21 18.20
1163.00 2.21 18.17
1164.00 2.20 18.21
1165.00 2.19 18.21
1166.00 2.18 18.30
1167.00 2.20 18.24
1168.00 2.20 18.19
1169.00 2.18 18.31
1170.00 2.19 18.27
1171.00 2.19 18.29
1172.00 2.18 18.26
1173.00 2.19 18.26
1174.00 2.18 18.25
1175.00 2.19 18.23
1176.00 2.18 18.20
1177.00 2.18 18.21
1178.00 2.20 18.19
1179.00 2.19 18.16
1180.00 2.20 18.17
1181.00 2.20 18.14
1182.00 2.20 18.27
1183.00 2.20 18.26
1184.00 2.21 18.26
1185.00 2.20 18.27
1186.00 2.20 18.29
1187.00 2.20 18.30
1188.00 2.20 18.32
1189.00 2.21 18.35
1190.00 2.21 18.31
1191.00 2.21 18.34
1192.00 2.21 18.32
1193.00 2.20 18.32
1194.00 2.21 18.33
1195.00 2.20 18.28
1196.00 2.20 18.26
1197.00 2.21 18.27
1198.00 2.19 18.28
1199.00 2.20 18.27
1200.00 2.20 18.25
1201.00 2.20 18.30
1202.00 2.18 18.31
1203.00 2.18 18.37
1204.00 2.17 18.33
1205.00 2.16 18.28
1206.00 2.13 18.24
1207.00 2.14 18.22
1208.00 2.16 18.21
1209.00 2.14 18.32
1210.00 2.13 18.35
1211.00 2.15 18.34
1212.00 2.13 18.35
1213.00 2.15 18.35
1214.00 2.14 18.33
1215.00 2.13 18.32
1216.00 2.13 18.33
1217.00 2.12 18.30
1218.00 2.14 18.36
1219.00 2.14 18.35
1220.00 2.12 18.34
1221.00 2.13 18.33
1222.00 2.12 18.28
1223.00 2.13 18.34
1224.00 2.14 18.30
1225.00 2.15 18.28
1226.00 2.14 18.39
1227.00 2.15 18.38
1228.00 2.16 18.44
1229.00 2.18 18.42
1230.00 2.17 18.42
1231.00 2.17 18.43
1232.00 2.16 18.46
1233.00 2.17 18.44
1234.00 2.18 18.42
1235.00 2.18 18.51
1236.00 2.19 18.53
1237.00 2.18 18.58
1238.00 2.17 18.54
1239.00 2.17 18.57
1240.00 2.16 18.61
1241.00 2.16 18.64
1242.00 2.13 18.68
1243.00 2.12 18.63
1244.00 2.13 18.73
1245.00 2.12 18.72
1246.00 2.13 18.69
1247.00 2.12 18.68
1248.00 2.13 18.63
1249.00 2.12 18.71
1250.00 2.11 18.71
1251.00 2.12 18.71
1252.00 2.13 18.68
1253.00 2.12 18.69
1254.00 2.10 18.71
1255.00 2.09 18.74
1256.00 2.09 18.67
1257.00 2.09 18.69
1258.00 2.10 18.65
1259.00 2.13 18.69
1260.00 2.12 18.66
1261.00 2.12 18.65
1262.00 2.11 18.64
1263.00 2.11 18.66
1264.00 2.12 18.68
1265.00 2.13 18.78
1266.00 2.14 18.82
1267.00 2.13 18.88
1268.00 2.14 18.94
1269.00 2.14 18.89
1270.00 2.13 18.98
1271.00 2.12 19.05
1272.00 2.13 19.07
1273.00 2.14 19.01
1274.00 2.13 18.96
1275.00 2.12 18.89
1276.00 2.10 18.90
1277.00 2.12 18.94
1278.00 2.12 18.96
1279.00 2.13 18.96
1280.00 2.14 18.92
1281.00 2.14 18.88
1282.00 2.14 18.91
1283.00 2.14 18.92
1284.00 2.14 18.92
1285.00 2.14 18.91
1286.00 2.15 18.89
1287.00 2.14 18.90
1288.00 2.14 18.85
1289.00 2.11 18.79
1290.00 2.13 18.82
1291.00 2.13 18.79
1292.00 2.13 18.77
1293.00 2.12 18.77
1294.00 2.11 18.76
1295.00 2.10 18.71
1296.00 2.09 18.71
1297.00 2.10 18.69
1298.00 2.09 18.68
1299.00 2.08 18.74
1300.00 2.10 18.68
1301.00 2.10 18.71
1302.00 2.11 18.69
1303.00 2.11 18.67
1304.00 2.11 18.69
1305.00 2.12 18.64
1306.00 2.10 18.68
1307.00 2.08 18.58
1308.00 2.09 18.55
1309.00 2.09 18.48
1310.00 2.10 18.56
1311.00 2.09 18.56
1312.00 2.10 18.67
1313.00 2.11 18.71
1314.00 2.12 18.75
1315.00 2.13 18.80
1316.00 2.11 18.83
1317.00 2.11 18.84
1318.00 2.09 18.85
1319.00 2.08 18.82
1320.00 2.11 18.84
1321.00 2.12 18.80
1322.00 2.13 18.77
1323.00 2.14 18.81
1324.00 2.12 18.79
1325.00 2.12 18.86
1326.00 2.13 18.87
1327.00 2.12 18.82
1328.00 2.12 18.81
1329.00 2.12 18.76
1330.00 2.12 18.81
1331.00 2.13 18.82
1332.00 2.12 18.86
1333.00 2.14 18.93
1334.00 2.16 18.99
1335.00 2.17 19.02
1336.00 2.18 19.02
1337.00 2.19 19.05
1338.00 2.19 19.07
1339.00 2.18 19.01
1340.00 2.18 19.02
1341.00 2.17 18.96
1342.00 2.18 18.99
1343.00 2.18 19.00
1344.00 2.20 19.02
1345.00 2.17 18.92
1346.00 2.18 18.95
1347.00 2.19 18.93
1348.00 2.19 18.90
1349.00 2.18 18.83
1350.00 2.17 18.79
1351.00 2.17 18.80
1352.00 2.17 18.79
1353.00 2.16 18.81
1354.00 2.16 18.81
1355.00 2.15 18.86
1356.00 2.16 18.87
1357.00 2.15 18.86
1358.00 2.15 18.82
1359.00 2.17 18.80
1360.00 2.15 18.80
1361.00 2.15 18.77
1362.00 2.16 18.75
1363.00 2.16 18.69
1364.00 2.17 18.65
1365.00 2.16 18.66
1366.00 2.16 18.72
1367.00 2.16 18.71
1368.00 2.14 18.74
1369.00 2.12 18.71
1370.00 2.10 18.72
1371.00 2.10 18.74
1372.00 2.11 18.64
1373.00 2.10 18.66
1374.00 2.09 18.62
1375.00 2.09 18.64
1376.00 2.09 18.62
1377.00 2.08 18.61
1378.00 2.10 18.66
1379.00 2.11 18.68
1380.00 2.12 18.72
1381.00 2.12 18.72
1382.00 2.11 18.74
1383.00 2.12 18.68
1384.00 2.11 18.64
1385.00 2.11 18.71
1386.00 2.10 18.61
1387.00 2.09 18.66
1388.00 2.09 18.60
1389.00 2.07 18.63
1390.00 2.06 18.65
1391.00 2.06 18.62
1392.00 2.07 18.64
1393.00 2.08 18.62
1394.00 2.07 18.65
1395.00 2.07 18.70
1396.00 2.08 18.71
1397.00 2.08 18.73
1398.00 2.09 18.73
1399.00 2.11 18.66
1400.00 2.10 18.60
1401.00 2.10 18.62
1402.00 2.09 18.60
1403.00 2.08 18.56
1404.00 2.08 18.49
1405.00 2.08 18.51
1406.00 2.09 18.52
1407.00 2.10 18.51
1408.00 2.12 18.57
1409.00 2.11 18.56
1410.00 2.12 18.55
1411.00 2.13 18.56
1412.00 2.15 18.57
1413.00 2.17 18.61
1414.00 2.16 18.58
1415.00 2.16 18.62
1416.00 2.18 18.60
1417.00 2.19 18.60
1418.00 2.20 18.56
1419.00 2.20 18.59
1420.00 2.20 18.61
1421.00 2.20 18.56
1422.00 2.19 18.54
1423.00 2.18 18.55
1424.00 2.16 18.59
1425.00 2.15 18.62
1426.00 2.15 18.57
1427.00 2.17 18.55
1428.00 2.17 18.59
1429.00 2.16 18.55
1430.00 2.17 18.58
1431.00 2.16 18.48
1432.00 2.17 18.45
1433.00 2.16 18.40
1434.00 2.16 18.39
1435.00 2.16 18.30
1436.00 2.17 18.35
1437.00 2.16 18.35
1438.00 2.17 18.32
1439.00 2.16 18.37
1440.00 2.19 18.41
1441.00 2.20 18.38
1442.00 2.21 18.36
1443.00 2.21 18.39
1444.00 2.20 18.38
1445.00 2.21 18.38
1446.00 2.20 18.41
1447.00 2.18 18.34
1448.00 2.20 18.34
1449.00 2.21 18.33
1450.00 2.21 18.29
1451.00 2.21 18.27
1452.00 2.21 18.21
1453.00 2.21 18.22
1454.00 2.21 18.23
1455.00 2.22 18.20
1456.00 2.22 18.26
1457.00 2.23 18.29
1458.00 2.24 18.30
1459.00 2.25 18.21
1460.00 2.25 18.24
1461.00 2.24 18.23
1462.00 2.24 18.30
1463.00 2.21 18.34
1464.00 2.22 18.33
1465.00 2.21 18.32
1466.00 2.23 18.34
1467.00 2.22 18.30
1468.00 2.19 18.31
1469.00 2.18 18.27
1470.00 2.18 18.34
1471.00 2.19 18.43
1472.00 2.20 18.47
1473.00 2.19 18.48
1474.00 2.20 18.53
1475.00 2.20 18.53
1476.00 2.21 18.52
1477.00 2.21 18.51
1478.00 2.19 18.47
1479.00 2.19 18.47
1480.00 2.18 18.46
1481.00 2.17 18.42
1482.00 2.18 18.33
1483.00 2.18 18.34
1484.00 2.18 18.25
