0.00 2.14 19.77
1.00 2.13 19.77
2.00 2.14 19.78
3.00 2.12 19.71
4.00 2.14 19.78
5.00 2.14 19.75
6.00 2.14 19.75
7.00 2.13 19.71
8.00 2.11 19.71
9.00 2.11 19.75
10.00 2.12 19.69
11.00 2.11 19.66
12.00 2.12 19.63
13.00 2.11 19.70
14.00 2.11 19.69
15.00 2.13 19.71
16.00 2.13 19.74
17.00 2.15 19.70
18.00 2.14 19.79
19.00 2.15 19.78
20.00 2.16 19.78
21.00 2.14 19.74
22.00 2.13 19.70
23.00 2.13 19.69
24.00 2.12 19.58
25.00 2.11 19.62
26.00 2.11 19.55
27.00 2.11 19.59
28.00 2.11 19.51
29.00 2.12 19.50
30.00 2.12 19.46
31.00 2.11 19.49
32.00 2.11 19.56
33.00 2.11 19.47
34.00 2.11 19.48
35.00 2.11 19.48
36.00 2.10 19.51
37.00 2.10 19.58
38.00 2.11 19.61
39.00 2.10 19.69
40.00 2.09 19.65
41.00 2.09 19.65
42.00 2.09 19.60
43.00 2.11 19.63
44.00 2.10 19.60
45.00 2.06 19.58
46.00 2.05 19.52
47.00 2.05 19.49
48.00 2.05 19.39
49.00 2.05 19.39
50.00 2.04 19.47
51.00 2.03 19.50
52.00 2.03 19.56
53.00 2.04 19.49
54.00 2.04 19.51
55.00 2.04 19.60
56.00 2.03 19.59
57.00 2.02 19.55
58.00 2.03 19.45
59.00 2.02 19.45
60.00 2.05 19.52
61.00 2.05 19.49
62.00 2.05 19.53
63.00 2.04 19.51
64.00 2.05 19.48
65.00 2.05 19.43
66.00 2.07 19.42
67.00 2.06 19.42
68.00 2.06 19.43
69.00 2.07 19.40
70.00 2.07 19.52
71.00 2.08 19.62
72.00 2.06 19.69
73.00 2.07 19.65
74.00 2.08 19.61
75.00 2.08 19.55
76.00 2.07 19.54
77.00 2.07 19.47
78.00 2.08 19.49
79.00 2.07 19.46
80.00 2.08 19.40
81.00 2.07 19.39
82.00 2.07 19.42
83.00 2.07 19.38
84.00 2.08 19.36
85.00 2.09 19.27
86.00 2.07 19.21
87.00 2.07 19.21
88.00 2.07 19.19
89.00 2.07 19.21
90.00 2.06 19.24
91.00 2.06 19.20
92.00 2.05 19.18
93.00 2.04 19.11
94.00 2.06 19.10
95.00 2.08 19.11
96.00 2.07 19.20
97.00 2.09 19.17
98.00 2.08 19.16
99.00 2.08 19.09
100.00 2.06 19.14
101.00 2.07 19.21
102.00 2.06 19.17
103.00 2.06 19.13
104.00 2.06 19.09
105.00 2.07 19.13
106.00 2.06 19.07
107.00 2.07 19.00
108.00 2.08 19.04
109.00 2.07 18.96
110.00 2.05 18.99
111.00 2.05 18.99
112.00 2.06 19.05
113.00 2.07 19.00
114.00 2.07 18.94
115.00 2.07 18.86
116.00 2.07 18.88
117.00 2.09 18.90
118.00 2.12 18.85
119.00 2.14 19.01
120.00 2.16 19.01
121.00 2.17 19.00
122.00 2.19 19.02
123.00 2.16 18.95
124.00 2.16 18.91
125.00 2.17 18.82
126.00 2.17 18.83
127.00 2.18 18.83
128.00 2.18 18.83
129.00 2.19 18.89
130.00 2.18 18.99
131.00 2.20 18.97
132.00 2.19 18.98
133.00 2.19 19.04
134.00 2.19 19.10
135.00 2.16 19.04
136.00 2.17 18.88
137.00 2.13 18.95
138.00 2.14 18.97
139.00 2.12 18.95
140.00 2.13 18.94
141.00 2.14 18.94
142.00 2.14 18.95
143.00 2.13 18.94
144.00 2.12 18.97
145.00 2.11 19.01
146.00 2.12 19.04
147.00 2.12 19.02
148.00 2.11 18.97
149.00 2.11 19.00
150.00 2.13 19.05
151.00 2.11 19.08
152.00 2.08 19.01
153.00 2.07 18.93
154.00 2.07 18.91
155.00 2.07 18.84
156.00 2.07 18.85
157.00 2.07 18.81
158.00 2.05 18.75
159.00 2.06 18.78
160.00 2.09 18.79
161.00 2.10 18.91
162.00 2.10 18.88
163.00 2.11 18.88
164.00 2.10 18.84
165.00 2.09 18.79
166.00 2.06 18.79
167.00 2.07 18.75
168.00 2.08 18.74
169.00 2.08 18.67
170.00 2.08 18.64
171.00 2.05 18.60
172.00 2.06 18.57
173.00 2.06 18.53
174.00 2.09 18.46
175.00 2.10 18.37
176.00 2.10 18.30
177.00 2.10 18.30
178.00 2.11 18.36
179.00 2.10 18.37
180.00 2.10 18.42
181.00 2.09 18.35
182.00 2.10 18.31
183.00 2.10 18.23
184.00 2.12 18.21
185.00 2.15 18.17
186.00 2.14 18.21
187.00 2.17 18.21
188.00 2.17 18.20
189.00 2.19 18.21
190.00 2.18 18.29
191.00 2.20 18.33
192.00 2.19 18.24
193.00 2.20 18.23
194.00 2.19 18.23
195.00 2.19 18.23
196.00 2.19 18.15
197.00 2.20 18.06
198.00 2.21 18.01
199.00 2.22 18.03
200.00 2.22 18.09
201.00 2.20 17.98
202.00 2.21 17.99
203.00 2.21 18.01
204.00 2.23 17.95
205.00 2.25 17.94
206.00 2.25 17.92
207.00 2.25 17.97
208.00 2.26 17.98
209.00 2.28 17.93
210.00 2.27 18.00
211.00 2.27 17.97
212.00 2.28 18.00
213.00 2.28 17.92
214.00 2.30 17.93
215.00 2.28 17.99
216.00 2.28 18.02
217.00 2.28 17.99
218.00 2.30 17.99
219.00 2.31 18.00
220.00 2.31 18.03
221.00 2.33 18.05
222.00 2.37 18.13
223.00 2.39 18.05
224.00 2.40 18.11
225.00 2.41 18.07
226.00 2.43 18.11
227.00 2.44 18.09
228.00 2.45 18.05
229.00 2.46 18.06
230.00 2.44 18.07
231.00 2.44 18.12
232.00 2.44 18.06
233.00 2.45 18.05
234.00 2.46 18.06
235.00 2.44 18.07
236.00 2.45 18.10
237.00 2.42 18.09
238.00 2.44 18.12
239.00 2.45 18.05
240.00 2.44 18.00
241.00 2.47 18.03
242.00 2.45 18.02
243.00 2.47 18.00
244.00 2.46 17.95
245.00 2.46 17.92
246.00 2.45 17.92
247.00 2.46 17.88
248.00 2.46 17.91
249.00 2.45 17.89
250.00 2.47 17.84
251.00 2.48 17.93
252.00 2.51 17.90
253.00 2.49 17.90
254.00 2.49 17.91
255.00 2.52 17.91
256.00 2.52 18.02
257.00 2.51 17.95
258.00 2.51 17.91
259.00 2.50 17.90
260.00 2.49 17.88
261.00 2.48 17.88
262.00 2.49 17.94
263.00 2.49 17.85
264.00 2.48 17.83
265.00 2.49 17.85
266.00 2.47 17.80
267.00 2.49 17.82
268.00 2.48 17.84
269.00 2.48 17.91
270.00 2.48 17.93
271.00 2.48 18.00
272.00 2.47 18.01
273.00 2.48 18.02
274.00 2.46 18.05
275.00 2.47 18.10
276.00 2.49 18.15
277.00 2.49 18.18
278.00 2.48 18.18
279.00 2.48 18.20
280.00 2.47 18.23
281.00 2.47 18.21
282.00 2.46 18.16
283.00 2.47 18.12
284.00 2.46 18.16
285.00 2.45 18.15
286.00 2.42 18.14
287.00 2.41 18.14
288.00 2.41 18.09
289.00 2.41 18.11
290.00 2.40 18.07
291.00 2.38 18.07
292.00 2.37 18.02
293.00 2.36 18.01
294.00 2.34 18.02
295.00 2.35 18.07
296.00 2.33 18.10
297.00 2.32 18.09
298.00 2.32 18.02
299.00 2.31 18.11
300.00 2.31 18.16
301.00 2.31 18.13
302.00 2.31 18.06
303.00 2.31 18.02
304.00 2.31 18.03
305.00 2.32 18.02
306.00 2.32 17.99
307.00 2.31 17.99
308.00 2.30 18.01
309.00 2.28 17.92
310.00 2.29 17.86
311.00 2.28 17.88
312.00 2.25 17.83
313.00 2.27 17.89
314.00 2.27 17.87
315.00 2.30 17.94
316.00 2.31 17.95
317.00 2.30 17.98
318.00 2.31 18.01
319.00 2.30 17.97
320.00 2.29 17.98
321.00 2.29 17.91
322.00 2.28 17.97
323.00 2.26 17.83
324.00 2.25 17.82
325.00 2.25 17.80
326.00 2.26 17.76
327.00 2.26 17.76
328.00 2.26 17.83
329.00 2.26 17.89
330.00 2.26 17.84
331.00 2.26 17.79
332.00 2.24 17.70
333.00 2.22 17.67
334.00 2.22 17.66
335.00 2.22 17.61
336.00 2.23 17.65
337.00 2.23 17.65
338.00 2.22 17.68
339.00 2.24 17.68
340.00 2.27 17.68
341.00 2.29 17.64
342.00 2.31 17.70
343.00 2.32 17.78
344.00 2.32 17.81
345.00 2.31 17.84
346.00 2.31 17.81
347.00 2.30 17.79
348.00 2.27 17.78
349.00 2.26 17.76
350.00 2.26 17.66
351.00 2.25 17.66
352.00 2.24 17.67
353.00 2.25 17.69
354.00 2.23 17.66
355.00 2.23 17.60
356.00 2.24 17.54
357.00 2.25 17.55
358.00 2.26 17.59
359.00 2.24 17.58
360.00 2.24 17.55
361.00 2.23 17.52
362.00 2.25 17.52
363.00 2.25 17.62
364.00 2.26 17.59
365.00 2.28 17.63
366.00 2.27 17.59
367.00 2.27 17.49
368.00 2.25 17.49
369.00 2.26 17.53
370.00 2.26 17.45
371.00 2.27 17.45
372.00 2.27 17.44
373.00 2.26 17.49
374.00 2.28 17.53
375.00 2.28 17.48
376.00 2.31 17.56
377.00 2.31 17.56
378.00 2.32 17.60
379.00 2.33 17.57
380.00 2.35 17.53
381.00 2.33 17.57
382.00 2.33 17.59
383.00 2.32 17.55
384.00 2.32 17.52
385.00 2.31 17.61
386.00 2.31 17.62
387.00 2.34 17.69
388.00 2.34 17.71
389.00 2.35 17.74
390.00 2.36 17.74
391.00 2.37 17.67
392.00 2.37 17.72
393.00 2.38 17.72
394.00 2.39 17.78
395.00 2.39 17.75
396.00 2.38 17.75
397.00 2.37 17.70
398.00 2.36 17.67
399.00 2.36 17.71
400.00 2.36 17.68
401.00 2.36 17.70
402.00 2.35 17.67
403.00 2.34 17.63
404.00 2.31 17.61
405.00 2.32 17.64
406.00 2.30 17.64
407.00 2.31 17.66
408.00 2.30 17.64
409.00 2.29 17.67
410.00 2.29 17.64
411.00 2.30 17.64
412.00 2.28 17.58
413.00 2.28 17.61
414.00 2.28 17.65
415.00 2.29 17.69
416.00 2.30 17.64
417.00 2.30 17.63
418.00 2.31 17.69
419.00 2.31 17.66
420.00 2.31 17.69
421.00 2.32 17.68
422.00 2.30 17.60
423.00 2.31 17.64
424.00 2.30 17.69
425.00 2.30 17.70
426.00 2.32 17.74
427.00 2.30 17.71
428.00 2.29 17.77
429.00 2.29 17.78
430.00 2.29 17.74
431.00 2.29 17.74
432.00 2.29 17.74
433.00 2.30 17.74
434.00 2.29 17.72
435.00 2.28 17.70
436.00 2.28 17.66
437.00 2.27 17.65
438.00 2.27 17.60
439.00 2.26 17.56
440.00 2.25 17.65
441.00 2.25 17.62
442.00 2.25 17.57
443.00 2.25 17.52
444.00 2.24 17.48
445.00 2.25 17.41
446.00 2.24 17.38
447.00 2.25 17.43
448.00 2.25 17.46
449.00 2.25 17.45
450.00 2.24 17.34
451.00 2.26 17.32
452.00 2.22 17.26
453.00 2.21 17.34
454.00 2.23 17.34
455.00 2.23 17.30
456.00 2.23 17.31
457.00 2.22 17.35
458.00 2.22 17.40
459.00 2.22 17.45
460.00 2.22 17.45
461.00 2.24 17.46
462.00 2.24 17.45
463.00 2.24 17.37
464.00 2.24 17.36
465.00 2.22 17.40
466.00 2.21 17.38
467.00 2.18 17.31
468.00 2.17 17.29
469.00 2.16 17.17
470.00 2.17 17.17
471.00 2.19 17.18
472.00 2.21 17.19
473.00 2.21 17.23
474.00 2.22 17.22
475.00 2.22 17.17
476.00 2.21 17.20
477.00 2.21 17.16
478.00 2.21 17.18
479.00 2.22 17.12
480.00 2.24 17.08
481.00 2.25 17.07
482.00 2.26 17.07
483.00 2.26 17.12
484.00 2.27 17.18
485.00 2.28 17.18
486.00 2.28 17.16
487.00 2.29 17.15
488.00 2.28 17.13
489.00 2.30 17.14
490.00 2.29 17.10
491.00 2.30 17.06
492.00 2.30 17.03
493.00 2.29 17.10
494.00 2.31 17.14
495.00 2.30 17.14
496.00 2.29 17.19
497.00 2.29 17.22
498.00 2.30 17.24
499.00 2.29 17.26
500.00 2.31 17.25
501.00 2.30 17.20
502.00 2.30 17.20
503.00 2.33 17.24
504.00 2.33 17.28
505.00 2.33 17.34
506.00 2.32 17.34
507.00 2.33 17.34
508.00 2.33 17.32
509.00 2.34 17.29
510.00 2.34 17.26
511.00 2.34 17.20
512.00 2.34 17.20
513.00 2.32 17.17
514.00 2.33 17.16
515.00 2.32 17.16
516.00 2.32 17.14
517.00 2.31 17.12
518.00 2.30 17.09
519.00 2.29 17.09
520.00 2.27 17.03
521.00 2.28 16.94
522.00 2.28 16.91
523.00 2.27 16.90
524.00 2.29 16.94
525.00 2.28 16.92
526.00 2.28 16.86
527.00 2.30 16.86
528.00 2.31 16.89
529.00 2.31 16.89
530.00 2.32 16.86
531.00 2.31 16.87
532.00 2.32 16.86
533.00 2.34 16.91
534.00 2.35 16.97
535.00 2.35 16.99
536.00 2.36 17.05
537.00 2.36 17.03
538.00 2.35 17.03
539.00 2.37 17.00
540.00 2.38 16.94
541.00 2.38 16.91
542.00 2.38 17.00
543.00 2.41 16.96
544.00 2.44 17.02
545.00 2.44 16.98
546.00 2.43 16.99
547.00 2.45 16.94
548.00 2.42 16.90
549.00 2.42 16.92
550.00 2.42 16.86
551.00 2.40 16.84
552.00 2.42 16.82
553.00 2.43 16.83
554.00 2.44 16.90
555.00 2.43 16.84
556.00 2.41 16.91
557.00 2.39 16.89
558.00 2.39 16.93
559.00 2.38 16.89
560.00 2.38 16.89
561.00 2.38 16.93
562.00 2.37 17.01
563.00 2.38 16.97
564.00 2.39 17.04
565.00 2.37 17.07
566.00 2.39 17.02
567.00 2.40 16.95
568.00 2.41 16.99
569.00 2.40 17.00
570.00 2.39 16.99
571.00 2.39 17.14
572.00 2.37 17.09
573.00 2.38 17.09
574.00 2.39 17.07
575.00 2.36 17.02
576.00 2.37 17.01
577.00 2.38 16.99
578.00 2.38 16.99
579.00 2.42 17.08
580.00 2.41 17.18
581.00 2.40 17.22
582.00 2.38 17.23
583.00 2.40 17.27
584.00 2.40 17.23
585.00 2.42 17.18
586.00 2.41 17.22
587.00 2.42 17.23
588.00 2.40 17.21
589.00 2.39 17.25
590.00 2.37 17.26
591.00 2.38 17.26
592.00 2.39 17.20
593.00 2.38 17.20
594.00 2.39 17.18
595.00 2.39 17.14
596.00 2.39 17.14
597.00 2.38 17.15
598.00 2.38 17.14
599.00 2.37 17.17
600.00 2.37 17.18
601.00 2.37 17.13
602.00 2.35 17.10
603.00 2.34 17.08
604.00 2.37 17.19
605.00 2.38 17.21
606.00 2.39 17.16
607.00 2.36 17.14
608.00 2.35 17.16
609.00 2.32 17.10
610.00 2.30 17.06
611.00 2.29 16.93
612.00 2.27 16.94
613.00 2.29 16.90
614.00 2.28 16.88
615.00 2.29 16.87
616.00 2.29 16.81
617.00 2.28 16.81
618.00 2.29 16.72
619.00 2.28 16.71
620.00 2.29 16.71
621.00 2.29 16.73
622.00 2.29 16.76
623.00 2.29 16.73
624.00 2.29 16.80
625.00 2.30 16.81
626.00 2.32 16.76
627.00 2.31 16.74
628.00 2.29 16.69
629.00 2.29 16.69
630.00 2.28 16.67
631.00 2.27 16.71
632.00 2.28 16.67
633.00 2.28 16.61
634.00 2.27 16.54
635.00 2.26 16.60
636.00 2.26 16.57
637.00 2.26 16.58
638.00 2.26 16.62
639.00 2.26 16.63
640.00 2.23 16.67
641.00 2.23 16.65
642.00 2.23 16.71
643.00 2.22 16.74
644.00 2.19 16.75
645.00 2.18 16.76
646.00 2.19 16.72
647.00 2.17 16.69
648.00 2.17 16.67
649.00 2.17 16.73
650.00 2.17 16.76
651.00 2.17 16.72
652.00 2.18 16.75
653.00 2.18 16.78
654.00 2.18 16.74
655.00 2.18 16.77
656.00 2.17 16.76
657.00 2.18 16.78
658.00 2.17 16.81
659.00 2.17 16.82
660.00 2.16 16.82
661.00 2.16 16.83
662.00 2.15 16.84
663.00 2.15 16.85
664.00 2.14 16.84
665.00 2.16 16.81
666.00 2.15 16.81
667.00 2.14 16.79
668.00 2.15 16.83
669.00 2.14 16.85
670.00 2.15 16.87
671.00 2.15 16.84
672.00 2.16 16.85
673.00 2.16 16.88
674.00 2.16 16.89
675.00 2.17 16.83
676.00 2.16 16.91
677.00 2.17 16.90
678.00 2.17 16.86
679.00 2.17 16.90
680.00 2.18 16.91
681.00 2.18 16.93
682.00 2.18 16.93
683.00 2.17 16.95
684.00 2.19 17.02
685.00 2.21 17.05
686.00 2.22 17.01
687.00 2.22 16.96
688.00 2.21 16.96
689.00 2.23 16.96
690.00 2.24 16.98
691.00 2.22 16.99
692.00 2.21 16.95
693.00 2.23 17.01
694.00 2.24 17.02
695.00 2.24 17.01
696.00 2.23 16.96
697.00 2.25 16.90
698.00 2.24 16.88
699.00 2.23 16.93
700.00 2.23 16.96
701.00 2.23 16.92
702.00 2.24 16.97
703.00 2.24 16.96
704.00 2.22 16.95
705.00 2.22 16.96
706.00 2.22 17.02
707.00 2.22 17.02
708.00 2.21 17.00
709.00 2.22 17.05
710.00 2.21 17.05
711.00 2.23 17.07
712.00 2.23 17.09
713.00 2.23 17.07
714.00 2.23 17.11
715.00 2.22 17.17
716.00 2.23 17.24
717.00 2.23 17.26
718.00 2.24 17.28
719.00 2.24 17.37
720.00 2.23 17.37
721.00 2.24 17.35
722.00 2.23 17.38
723.00 2.23 17.35
724.00 2.22 17.34
725.00 2.22 17.35
726.00 2.20 17.37
727.00 2.21 17.37
728.00 2.19 17.35
729.00 2.20 17.34
730.00 2.18 17.31
731.00 2.18 17.31
732.00 2.18 17.32
733.00 2.17 17.28
734.00 2.17 17.29
735.00 2.16 17.34
736.00 2.15 17.30
737.00 2.16 17.30
738.00 2.16 17.31
739.00 2.16 17.30
740.00 2.16 17.33
741.00 2.15 17.31
742.00 2.17 17.32
743.00 2.18 17.31
744.00 2.17 17.31
745.00 2.18 17.33
746.00 2.18 17.32
747.00 2.20 17.31
748.00 2.20 17.29
749.00 2.18 17.31
750.00 2.17 17.34
751.00 2.21 17.34
752.00 2.20 17.39
753.00 2.21 17.45
754.00 2.22 17.48
755.00 2.23 17.47
756.00 2.23 17.47
757.00 2.24 17.53
758.00 2.23 17.54
759.00 2.22 17.52
760.00 2.21 17.48
761.00 2.22 17.51
762.00 2.23 17.53
763.00 2.24 17.54
764.00 2.26 17.47
765.00 2.26 17.48
766.00 2.25 17.53
767.00 2.25 17.55
768.00 2.25 17.52
769.00 2.26 17.58
770.00 2.27 17.56
771.00 2.28 17.61
772.00 2.26 17.59
773.00 2.27 17.62
774.00 2.26 17.66
775.00 2.27 17.63
776.00 2.26 17.70
777.00 2.24 17.62
778.00 2.23 17.67
779.00 2.22 17.59
780.00 2.21 17.55
781.00 2.20 17.56
782.00 2.21 17.64
783.00 2.21 17.61
784.00 2.23 17.58
785.00 2.22 17.61
786.00 2.21 17.61
787.00 2.22 17.58
788.00 2.22 17.54
789.00 2.20 17.47
790.00 2.17 17.44
791.00 2.18 17.44
792.00 2.19 17.41
793.00 2.20 17.44
794.00 2.22 17.43
795.00 2.23 17.54
796.00 2.21 17.55
797.00 2.23 17.59
798.00 2.23 17.64
799.00 2.22 17.62
800.00 2.22 17.61
801.00 2.23 17.64
802.00 2.22 17.68
803.00 2.21 17.69
804.00 2.21 17.69
805.00 2.21 17.73
806.00 2.23 17.67
807.00 2.23 17.71
808.00 2.23 17.67
809.00 2.23 17.69
810.00 2.21 17.68
811.00 2.21 17.71
812.00 2.20 17.73
813.00 2.19 17.74
814.00 2.21 17.74
815.00 2.19 17.72
816.00 2.18 17.72
817.00 2.18 17.72
818.00 2.17 17.70
819.00 2.18 17.71
820.00 2.18 17.67
821.00 2.18 17.69
822.00 2.19 17.66
823.00 2.20 17.70
824.00 2.21 17.74
825.00 2.22 17.81
826.00 2.24 17.81
827.00 2.24 17.81
828.00 2.24 17.86
829.00 2.23 17.89
830.00 2.24 17.91
831.00 2.25 17.92
832.00 2.25 17.98
833.00 2.27 17.91
834.00 2.27 17.87
835.00 2.28 17.89
836.00 2.30 17.94
837.00 2.31 17.96
838.00 2.31 17.98
839.00 2.31 17.95
840.00 2.31 17.93
841.00 2.31 18.00
842.00 2.30 17.95
843.00 2.30 17.95
844.00 2.32 17.89
845.00 2.34 17.90
846.00 2.32 17.93
847.00 2.32 17.94
848.00 2.32 17.88
849.00 2.31 17.88
850.00 2.32 17.92
851.00 2.33 17.91
852.00 2.33 17.96
853.00 2.31 17.96
854.00 2.30 17.98
855.00 2.29 18.00
856.00 2.29 17.92
857.00 2.28 17.92
858.00 2.27 17.87
859.00 2.26 17.86
860.00 2.26 17.85
861.00 2.26 17.88
862.00 2.26 17.92
863.00 2.26 17.83
864.00 2.27 17.79
865.00 2.29 17.88
866.00 2.28 17.91
867.00 2.27 17.91
868.00 2.27 17.92
869.00 2.28 17.90
870.00 2.28 17.87
871.00 2.28 17.93
872.00 2.28 17.90
873.00 2.28 17.86
874.00 2.29 17.92
875.00 2.28 17.90
876.00 2.27 17.94
877.00 2.28 17.90
878.00 2.27 17.91
879.00 2.27 17.91
880.00 2.27 17.90
881.00 2.26 17.87
882.00 2.25 17.85
883.00 2.25 17.85
884.00 2.24 17.92
885.00 2.24 17.87
886.00 2.25 17.88
887.00 2.25 17.90
888.00 2.26 17.93
889.00 2.28 17.88
890.00 2.27 17.91
891.00 2.27 17.85
892.00 2.28 17.87
893.00 2.27 17.92
894.00 2.28 17.89
895.00 2.30 17.99
896.00 2.31 17.99
897.00 2.31 18.02
898.00 2.31 18.03
899.00 2.31 18.05
900.00 2.32 18.09
901.00 2.32 18.16
902.00 2.31 18.17
903.00 2.30 18.19
904.00 2.30 18.16
905.00 2.30 18.13
906.00 2.32 18.13
907.00 2.33 18.12
908.00 2.33 18.09
909.00 2.34 18.07
910.00 2.34 18.04
911.00 2.36 18.01
912.00 2.34 18.05
913.00 2.33 17.96
914.00 2.33 17.91
915.00 2.31 17.89
916.00 2.31 17.96
917.00 2.30 17.99
918.00 2.30 17.98
919.00 2.29 18.00
920.00 2.31 18.00
921.00 2.30 18.04
922.00 2.30 17.99
923.00 2.31 18.01
924.00 2.29 18.01
925.00 2.31 18.01
926.00 2.31 18.04
927.00 2.30 18.04
928.00 2.30 18.03
929.00 2.28 18.04
930.00 2.28 18.09
931.00 2.29 18.07
932.00 2.29 18.09
933.00 2.28 18.12
934.00 2.27 18.09
935.00 2.29 18.09
936.00 2.29 18.11
937.00 2.29 18.16
938.00 2.29 18.17
939.00 2.29 18.13
940.00 2.30 18.14
941.00 2.30 18.11
942.00 2.31 18.13
943.00 2.30 18.16
944.00 2.31 18.17
945.00 2.30 18.19
946.00 2.29 18.19
947.00 2.26 18.21
948.00 2.25 18.21
949.00 2.26 18.13
950.00 2.26 18.07
951.00 2.25 18.07
952.00 2.25 18.21
953.00 2.26 18.23
954.00 2.26 18.15
955.00 2.26 18.21
956.00 2.26 18.18
957.00 2.27 18.22
958.00 2.26 18.27
959.00 2.24 18.21
960.00 2.24 18.26
961.00 2.23 18.28
962.00 2.23 18.29
963.00 2.24 18.29
964.00 2.24 18.29
965.00 2.22 18.36
966.00 2.24 18.39
967.00 2.24 18.31
968.00 2.24 18.33
969.00 2.25 18.39
970.00 2.27 18.44
971.00 2.27 18.48
972.00 2.28 18.49
973.00 2.28 18.46
974.00 2.28 18.44
975.00 2.27 18.48
976.00 2.28 18.49
977.00 2.27 18.53
978.00 2.27 18.54
979.00 2.26 18.58
980.00 2.27 18.62
981.00 2.27 18.61
982.00 2.26 18.63
983.00 2.27 18.60
984.00 2.27 18.57
985.00 2.28 18.56
986.00 2.27 18.52
987.00 2.27 18.56
988.00 2.26 18.59
989.00 2.28 18.56
990.00 2.27 18.52
991.00 2.27 18.55
992.00 2.26 18.60
993.00 2.26 18.54
994.00 2.27 18.49
995.00 2.26 18.46
996.00 2.27 18.48
997.00 2.27 18.45
998.00 2.28 18.45
999.00 2.28 18.42
1000.00 2.27 18.41
1001.00 2.27 18.39
1002.00 2.26 18.40
1003.00 2.26 18.42
1004.00 2.27 18.44
1005.00 2.28 18.54
1006.00 2.26 18.51
1007.00 2.26 18.57
1008.00 2.24 18.58
1009.00 2.24 18.58
1010.00 2.23 18.58
1011.00 2.24 18.57
1012.00 2.25 18.55
1013.00 2.25 18.49
1014.00 2.24 18.49
1015.00 2.23 18.56
1016.00 2.23 18.60
1017.00 2.25 18.61
1018.00 2.25 18.65
1019.00 2.25 18.67
1020.00 2.27 18.63
1021.00 2.28 18.60
1022.00 2.26 18.56
1023.00 2.25 18.50
1024.00 2.24 18.52
1025.00 2.22 18.50
1026.00 2.22 18.56
1027.00 2.21 18.56
1028.00 2.20 18.61
1029.00 2.20 18.69
1030.00 2.20 18.70
1031.00 2.19 18.73
1032.00 2.19 18.68
1033.00 2.18 18.73
1034.00 2.17 18.72
1035.00 2.16 18.77
1036.00 2.15 18.69
1037.00 2.14 18.66
1038.00 2.14 18.62
1039.00 2.14 18.59
1040.00 2.16 18.60
1041.00 2.16 18.66
1042.00 2.17 18.67
1043.00 2.17 18.65
1044.00 2.17 18.63
1045.00 2.18 18.65
1046.00 2.18 18.61
1047.00 2.18 18.62
1048.00 2.18 18.59
1049.00 2.16 18.66
1050.00 2.16 18.72
1051.00 2.17 18.70
1052.00 2.17 18.69
1053.00 2.15 18.68
1054.00 2.14 18.62
1055.00 2.14 18.61
1056.00 2.14 18.59
1057.00 2.16 18.54
1058.00 2.14 18.50
1059.00 2.15 18.51
1060.00 2.16 18.51
1061.00 2.17 18.49
1062.00 2.19 18.52
1063.00 2.20 18.51
1064.00 2.20 18.51
1065.00 2.19 18.57
1066.00 2.20 18.57
1067.00 2.21 18.56
1068.00 2.21 18.54
1069.00 2.22 18.58
1070.00 2.23 18.60
1071.00 2.24 18.59
1072.00 2.24 18.64
1073.00 2.24 18.62
1074.00 2.23 18.63
1075.00 2.22 18.66
1076.00 2.23 18.62
1077.00 2.24 18.54
1078.00 2.24 18.52
1079.00 2.24 18.46
1080.00 2.23 18.48
1081.00 2.23 18.47
1082.00 2.24 18.42
1083.00 2.24 18.38
1084.00 2.22 18.34
1085.00 2.21 18.33
1086.00 2.19 18.32
1087.00 2.20 18.35
1088.00 2.19 18.34
1089.00 2.18 18.28
1090.00 2.20 18.29
1091.00 2.20 18.29
1092.00 2.21 18.34
1093.00 2.21 18.36
1094.00 2.20 18.37
1095.00 2.20 18.37
1096.00 2.19 18.38
1097.00 2.18 18.37
1098.00 2.18 18.37
1099.00 2.15 18.37
1100.00 2.17 18.36
1101.00 2.18 18.30
1102.00 2.18 18.32
1103.00 2.19 18.37
1104.00 2.19 18.30
1105.00 2.19 18.33
1106.00 2.21 18.34
1107.00 2.22 18.30
1108.00 2.21 18.32
1109.00 2.20 18.32
1110.00 2.21 18.28
1111.00 2.20 18.30
1112.00 2.21 18.23
1113.00 2.22 18.19
1114.00 2.22 18.24
1115.00 2.20 18.25
1116.00 2.21 18.27
1117.00 2.20 18.26
1118.00 2.22 18.32
1119.00 2.22 18.29
1120.00 2.21 18.30
1121.00 2.22 18.29
1122.00 2.23 18.36
1123.00 2.23 18.34
1124.00 2.22 18.30
1125.00 2.21 18.40
1126.00 2.20 18.42
1127.00 2.22 18.49
1128.00 2.23 18.46
1129.00 2.22 18.45
1130.00 2.22 18.45
1131.00 2.23 18.51
1132.00 2.23 18.49
1133.00 2.22 18.48
1134.00 2.21 18.50
1135.00 2.23 18.49
1136.00 2.21 18.49
1137.00 2.21 18.50
1138.00 2.21 18.42
1139.00 2.21 18.34
1140.00 2.21 18.36
1141.00 2.21 18.40
1142.00 2.20 18.42
1143.00 2.19 18.42
1144.00 2.18 18.34
1145.00 2.19 18.35
1146.00 2.20 18.33
1147.00 2.21 18.33
1148.00 2.20 18.31
1149.00 2.20 18.36
1150.00 2.20 18.34
1151.00 2.20 18.36
1152.00 2.21 18.38
1153.00 2.20 18.34
1154.00 2.20 18.35
1155.00 2.21 18.34
1156.00 2.20 18.34
1157.00 2.18 18.29
1158.00 2.19 18.20
1159.00 2.19 18.23
1160.00 2.20 18.24
1161.00 2.21 18.24
1162.00 2.21 18.23
1163.00 2.22 18.20
1164.00 2.22 18.26
1165.00 2.22 18.26
1166.00 2.22 18.23
1167.00 2.20 18.16
1168.00 2.21 18.09
1169.00 2.21 18.04
1170.00 2.20 17.99
1171.00 2.18 17.97
1172.00 2.17 17.99
1173.00 2.18 17.95
1174.00 2.18 17.98
1175.00 2.19 17.99
1176.00 2.18 17.95
1177.00 2.18 17.97
1178.00 2.17 17.95
1179.00 2.16 17.97
1180.00 2.16 17.95
1181.00 2.16 17.96
1182.00 2.15 17.93
1183.00 2.14 18.00
1184.00 2.16 17.99
1185.00 2.17 17.92
1186.00 2.18 17.92
1187.00 2.19 17.88
1188.00 2.19 17.91
1189.00 2.20 17.87
1190.00 2.20 17.93
1191.00 2.19 17.91
1192.00 2.21 17.86
1193.00 2.20 17.90
1194.00 2.21 17.94
1195.00 2.22 17.90
1196.00 2.21 17.89
1197.00 2.22 17.98
1198.00 2.22 17.98
1199.00 2.21 18.03
1200.00 2.20 18.02
1201.00 2.20 17.98
1202.00 2.23 18.08
1203.00 2.23 18.04
1204.00 2.25 18.08
1205.00 2.24 18.15
1206.00 2.23 18.16
1207.00 2.23 18.18
1208.00 2.24 18.19
1209.00 2.24 18.20
1210.00 2.22 18.25
1211.00 2.25 18.32
1212.00 2.23 18.25
1213.00 2.24 18.22
1214.00 2.23 18.23
1215.00 2.23 18.24
1216.00 2.23 18.27
1217.00 2.22 18.24
1218.00 2.23 18.21
1219.00 2.24 18.28
1220.00 2.23 18.31
1221.00 2.24 18.35
1222.00 2.23 18.33
1223.00 2.21 18.36
1224.00 2.21 18.38
1225.00 2.22 18.31
1226.00 2.21 18.27
1227.00 2.22 18.34
1228.00 2.21 18.28
1229.00 2.22 18.29
1230.00 2.21 18.24
1231.00 2.25 18.26
1232.00 2.24 18.28
1233.00 2.25 18.32
1234.00 2.25 18.31
1235.00 2.25 18.29
1236.00 2.26 18.27
1237.00 2.26 18.22
1238.00 2.26 18.22
1239.00 2.26 18.22
1240.00 2.26 18.27
1241.00 2.25 18.31
1242.00 2.25 18.30
1243.00 2.25 18.26
1244.00 2.25 18.22
1245.00 2.25 18.18
1246.00 2.25 18.24
1247.00 2.26 18.31
1248.00 2.27 18.40
1249.00 2.27 18.40
1250.00 2.26 18.42
1251.00 2.24 18.44
1252.00 2.25 18.38
1253.00 2.27 18.43
1254.00 2.27 18.41
1255.00 2.27 18.39
1256.00 2.27 18.31
1257.00 2.28 18.33
1258.00 2.29 18.32
1259.00 2.28 18.34
1260.00 2.30 18.36
1261.00 2.31 18.42
1262.00 2.31 18.41
1263.00 2.33 18.45
1264.00 2.32 18.49
1265.00 2.32 18.47
1266.00 2.32 18.57
1267.00 2.32 18.59
1268.00 2.31 18.58
1269.00 2.31 18.59
1270.00 2.31 18.56
1271.00 2.31 18.54
1272.00 2.32 18.51
1273.00 2.33 18.50
1274.00 2.32 18.38
1275.00 2.31 18.40
1276.00 2.31 18.47
1277.00 2.32 18.47
1278.00 2.30 18.48
1279.00 2.32 18.44
1280.00 2.33 18.43
1281.00 2.33 18.37
1282.00 2.32 18.38
1283.00 2.32 18.36
1284.00 2.29 18.42
1285.00 2.30 18.42
1286.00 2.30 18.44
1287.00 2.31 18.43
1288.00 2.30 18.41
1289.00 2.29 18.42
1290.00 2.28 18.48
1291.00 2.27 18.51
1292.00 2.27 18.48
1293.00 2.28 18.44
1294.00 2.30 18.45
1295.00 2.28 18.50
1296.00 2.28 18.44
1297.00 2.27 18.46
1298.00 2.26 18.44
1299.00 2.26 18.39
1300.00 2.27 18.45
1301.00 2.27 18.45
1302.00 2.28 18.47
1303.00 2.26 18.49
1304.00 2.26 18.45
1305.00 2.28 18.52
1306.00 2.30 18.59
1307.00 2.31 18.62
1308.00 2.31 18.72
1309.00 2.32 18.78
1310.00 2.34 18.77
1311.00 2.34 18.74
1312.00 2.36 18.68
1313.00 2.35 18.58
