0 118
1 137
2 131
3 134
4 120
5 144
6 139
7 117
8 137
9 142
10 124
11 140
12 121
13 156
14 150
15 141
16 142
17 147
18 143
19 146
20 151
21 120
22 134
23 149
24 135
25 149
26 123
27 158
28 125
29 166
30 154
31 156
32 152
33 145
34 176
35 167
36 176
37 192
38 177
39 182
40 170
41 170
42 166
43 172
44 178
45 188
46 197
47 235
48 254
49 270
50 244
51 246
52 250
53 225
54 253
55 252
56 244
57 238
58 247
59 250
60 246
61 244
62 252
63 252
64 237
65 223
66 238
67 232
68 231
69 256
70 220
71 236
72 257
73 251
74 260
75 237
76 248
77 237
78 214
79 212
80 210
81 225
82 254
83 247
84 233
85 234
86 242
87 254
88 265
89 224
90 225
91 253
92 238
93 223
94 242
95 244
96 229
97 242
98 226
99 255
100 241
101 239
102 243
103 238
104 230
105 245
106 241
107 240
108 226
109 256
110 242
111 235
112 254
113 218
114 225
115 234
116 237
117 240
118 256
119 276
120 222
121 236
122 251
123 246
124 264
125 251
126 259
127 230
128 218
129 223
130 238
131 233
132 243
133 257
134 208
135 209
136 236
137 236
138 261
139 229
140 244
141 226
142 260
143 219
144 238
145 215
146 211
