0 127
1 157
2 191
3 188
4 188
5 186
6 176
7 180
8 152
9 173
10 181
11 202
12 207
13 196
14 204
15 184
16 204
17 176
18 184
19 205
20 187
21 162
22 190
23 181
24 186
25 200
26 178
27 171
28 199
29 184
30 189
31 162
32 179
33 184
34 179
35 186
36 173
37 182
38 206
39 186
40 195
41 180
42 183
43 187
44 167
45 178
46 207
47 196
48 203
49 158
50 198
51 163
52 171
53 183
54 181
55 198
56 157
57 184
58 195
59 186
60 176
61 183
62 205
63 154
64 175
65 186
66 176
67 197
68 186
69 152
70 181
71 194
72 184
73 190
74 190
75 203
76 186
77 186
78 182
79 167
80 179
81 154
82 192
83 187
84 169
85 189
86 193
87 170
88 208
89 181
90 177
91 195
92 170
93 176
94 178
95 184
96 189
97 183
98 167
99 183
100 181
101 156
102 195
103 187
104 214
105 209
106 146
107 190
108 171
109 203
110 189
111 173
112 175
113 189
114 182
115 182
116 188
117 183
118 187
119 163
120 186
121 199
122 170
123 214
124 187
125 166
126 190
127 176
128 170
129 182
130 188
131 154
132 167
133 182
134 151
135 170
136 192
137 178
138 198
139 145
140 155
141 175
142 176
143 200
