0 203
1 0
2 9
3 3
4 0
5 7
6 3
7 3
8 2
9 2
10 7
11 1
12 1
13 2
14 0
15 3
16 1
17 1
18 3
19 2
20 2
21 2
22 3
23 0
24 5
25 1
26 1
27 0
28 6
29 2
30 3
31 4
32 4
33 2
34 0
35 1
36 2
37 6
38 2
39 5
40 3
41 3
42 4
43 5
44 3
45 1
46 4
47 4
48 2
49 2
50 3
51 3
52 4
53 3
54 1
55 2
56 4
57 3
58 3
59 3
60 3
61 1
62 5
63 1
64 1
65 7
66 3
67 1
68 5
69 1
70 1
71 2
72 3
73 1
74 3
75 3
76 3
77 1
78 1
79 3
80 5
81 7
82 1
83 2
84 2
85 3
86 1
87 5
88 3
89 4
90 1
91 4
92 2
93 1
94 1
95 2
96 0
97 1
98 0
99 6
100 3
101 3
102 5
103 1
104 0
105 2
106 2
107 3
108 4
109 3
110 4
111 3
112 3
113 7
114 3
115 2
116 1
117 3
118 1
119 2
120 4
121 1
122 4
123 0
124 5
125 4
126 3
127 5
128 1
129 2
130 3
131 5
132 1
133 0
134 5
135 2
136 3
137 2
138 1
139 3
140 1
141 6
142 3
143 1
144 1
145 7
146 1
147 3
148 2
149 1
150 2
151 1
152 2
