0 170
1 2
2 4
3 4
4 2
5 2
6 5
7 2
8 7
9 3
10 2
11 2
12 2
13 2
14 2
15 5
16 5
17 2
18 1
19 2
20 5
21 3
22 1
23 4
24 3
25 1
26 3
27 5
28 4
29 3
30 3
31 1
32 2
33 2
34 2
35 7
36 2
37 2
38 7
39 4
40 3
41 10
42 2
43 2
44 5
45 4
46 5
47 3
48 5
49 5
50 5
51 6
52 2
53 1
54 0
55 1
56 2
57 4
58 3
59 3
60 2
61 2
62 5
63 3
64 1
65 4
66 1
67 2
68 4
69 3
70 3
71 7
72 4
73 1
74 4
75 3
76 3
77 4
78 2
79 7
80 5
81 3
82 3
83 4
84 2
85 6
86 1
87 1
88 4
89 4
90 0
91 6
92 2
93 3
94 3
95 3
96 5
97 2
98 6
99 1
100 4
101 1
102 3
103 2
104 5
105 3
106 7
107 4
108 3
109 3
110 10
111 2
112 1
113 1
114 2
115 4
116 5
117 2
118 1
119 1
120 1
121 4
122 4
123 6
124 4
125 6
126 1
127 6
128 7
129 1
130 4
131 1
132 3
133 2
134 7
135 4
136 2
137 2
138 4
139 8
140 4
141 4
142 5
143 4
144 5
145 3
146 3
