0 49
1 56
2 50
3 52
4 46
5 41
6 48
7 52
8 37
9 43
10 37
11 47
12 45
13 43
14 48
15 48
16 52
17 53
18 48
19 52
20 48
21 51
22 52
23 44
24 40
25 42
26 49
27 46
28 60
29 47
30 51
31 52
32 51
33 44
34 50
35 44
36 47
37 41
38 42
39 50
40 50
41 36
42 54
43 44
44 51
45 54
46 48
47 54
48 44
49 45
50 41
51 55
52 53
53 41
54 54
55 50
56 51
57 64
58 53
59 55
60 51
61 40
62 47
63 49
64 44
65 53
66 39
67 44
68 46
69 47
70 47
71 53
72 47
73 46
74 37
75 45
76 51
77 45
78 38
79 44
80 38
81 46
82 47
83 43
84 49
85 42
86 35
87 38
88 49
89 41
90 45
91 47
92 48
93 39
94 39
95 43
96 46
97 48
98 39
99 44
100 51
101 43
102 48
103 41
104 38
105 46
106 48
107 44
108 47
109 42
110 41
111 53
112 47
113 45
114 44
115 45
116 58
117 52
118 59
119 63
120 59
121 46
122 56
123 57
124 55
125 56
126 47
127 58
128 46
129 40
130 49
131 50
132 56
133 50
134 58
135 51
136 55
137 54
138 47
139 48
140 55
141 48
142 53
143 46
144 56
145 57
146 49
147 53
148 49
