0 190
1 174
2 162
3 166
4 184
5 180
6 149
7 145
8 199
9 180
10 149
11 183
12 120
13 196
14 192
15 169
16 179
17 153
18 183
19 185
20 182
21 159
22 177
23 167
24 139
25 173
26 207
27 169
28 159
29 180
30 172
31 199
32 178
33 195
34 185
35 145
36 157
37 161
38 179
39 169
40 140
41 181
42 168
43 174
44 175
45 182
46 156
47 168
48 155
49 207
50 133
51 147
52 167
53 160
54 177
55 165
56 164
57 157
58 157
59 131
60 127
61 144
62 162
63 170
64 152
65 167
66 191
67 191
68 152
69 146
70 163
71 168
72 174
73 194
74 161
75 199
76 171
77 169
78 190
79 134
80 128
81 147
82 135
83 190
84 174
85 179
86 137
87 162
88 181
89 162
90 196
91 148
92 157
93 140
94 188
95 178
96 187
97 163
98 164
99 177
100 164
101 181
102 151
103 177
104 173
105 176
106 132
107 155
108 122
109 136
110 153
111 119
112 137
113 163
114 168
115 161
116 152
117 181
118 138
119 218
120 185
121 173
122 184
123 138
124 186
