0 0
1 0
2 0
3 0
4 0
5 0
6 0
7 0
8 0
9 0
10 0
11 0
12 0
13 0
14 0
15 0
16 0
17 12
18 18
19 17
20 23
21 16
22 16
23 19
24 21
25 19
26 21
27 15
28 17
29 17
30 20
31 25
32 22
33 15
34 12
35 16
36 17
37 22
38 20
39 24
40 20
41 26
42 21
43 24
44 21
45 19
46 16
47 16
48 18
49 18
50 18
51 24
52 23
53 20
54 15
55 19
56 21
57 18
58 15
59 23
60 11
61 22
62 21
63 11
64 17
65 17
66 24
67 23
68 18
69 21
70 19
71 22
72 17
73 20
74 15
75 10
76 17
77 14
78 18
79 20
80 23
81 16
82 15
83 15
84 22
85 17
86 22
87 20
88 19
89 21
90 21
91 20
92 22
93 22
94 19
95 18
96 22
97 20
98 35
99 38
100 33
101 47
102 42
103 38
104 35
105 47
106 42
107 48
108 43
109 38
110 42
111 47
112 48
113 52
114 50
115 37
116 42
117 43
118 40
119 39
120 46
121 47
122 42
123 43
124 46
125 52
126 48
127 44
128 42
129 42
130 46
131 43
132 43
133 42
134 42
135 39
136 51
137 39
138 44
139 38
140 44
141 48
142 42
143 36
144 45
145 39
146 50
147 42
148 43
149 54
