0 98
1 93
2 91
3 73
4 87
5 77
6 80
7 88
8 81
9 77
10 102
11 83
12 81
13 85
14 94
15 91
16 81
17 89
18 85
19 69
20 86
21 100
22 86
23 109
24 90
25 103
26 79
27 83
28 78
29 89
30 94
31 85
32 80
33 87
34 94
35 83
36 99
37 88
38 100
39 86
40 69
41 104
42 81
43 93
44 84
45 89
46 82
47 81
48 90
49 78
50 77
51 78
52 83
53 80
54 64
55 72
56 68
57 61
58 80
59 66
60 67
61 67
62 81
63 91
64 75
65 89
66 79
67 88
68 84
69 89
70 77
71 66
72 83
73 82
74 82
75 81
76 97
77 89
78 92
79 89
80 91
81 78
82 92
83 94
84 75
85 76
86 96
87 74
88 91
89 71
90 59
91 87
92 75
93 77
94 72
95 80
96 87
97 89
98 91
99 110
100 89
101 95
102 81
103 105
104 107
105 100
106 98
107 80
108 83
109 95
110 97
111 100
112 95
113 95
114 91
115 99
116 94
117 95
118 95
119 99
120 96
121 85
122 95
123 101
124 98
125 87
126 103
127 94
128 80
129 111
130 92
131 81
132 85
133 98
134 89
135 122
136 75
137 90
138 85
139 96
140 94
141 99
142 88
143 99
144 116
145 95
146 94
147 112
148 89
149 102
