0 222
1 1
2 2
3 4
4 1
5 2
6 5
7 1
8 5
9 2
10 3
11 7
12 2
13 4
14 1
15 1
16 3
17 4
18 2
19 2
20 5
21 5
22 6
23 3
24 3
25 5
26 2
27 3
28 5
29 1
30 2
31 4
32 4
33 4
34 4
35 3
36 1
37 4
38 6
39 5
40 1
41 2
42 3
43 3
44 0
45 2
46 1
47 1
48 4
49 6
50 1
51 0
52 4
53 1
54 2
55 5
56 1
57 1
58 5
59 6
60 0
61 4
62 2
63 0
64 4
65 4
66 2
67 3
68 2
69 0
70 3
71 2
72 3
73 1
74 1
75 2
76 7
77 2
78 2
79 2
80 5
81 2
82 2
83 4
84 5
85 3
86 2
87 2
88 7
89 7
90 0
91 2
92 1
93 2
94 2
95 5
96 3
97 0
98 0
99 2
100 2
101 4
102 2
103 0
104 4
105 5
106 3
107 0
108 2
109 4
110 3
111 1
112 2
113 2
114 4
115 4
116 3
117 5
118 2
119 1
120 0
121 1
122 4
123 1
124 1
125 2
126 2
127 3
128 3
129 3
130 5
131 3
132 6
133 4
134 2
135 2
136 1
137 2
138 5
139 3
140 2
141 3
142 3
143 4
144 2
145 3
146 5
147 8
148 3
149 1
150 0
151 0
