0 209
1 1
2 2
3 8
4 5
5 4
6 3
7 4
8 4
9 3
10 2
11 2
12 2
13 1
14 2
15 2
16 4
17 3
18 1
19 4
20 2
21 3
22 0
23 2
24 2
25 7
26 5
27 3
28 2
29 1
30 3
31 5
32 0
33 4
34 0
35 2
36 3
37 3
38 8
39 3
40 4
41 4
42 6
43 6
44 1
45 1
46 2
47 3
48 4
49 2
50 1
51 3
52 2
53 3
54 0
55 1
56 0
57 2
58 2
59 1
60 6
61 2
62 3
63 5
64 5
65 6
66 3
67 3
68 5
69 2
70 5
71 2
72 3
73 4
74 0
75 2
76 0
77 0
78 2
79 1
80 5
81 3
82 1
83 6
84 1
85 3
86 2
87 3
88 3
89 1
90 8
91 3
92 0
93 5
94 5
95 1
96 2
97 3
98 4
99 6
100 3
101 1
102 4
103 2
104 4
105 3
106 2
107 3
108 2
109 4
110 1
111 1
112 2
113 3
114 1
115 2
116 2
117 3
118 4
119 4
120 8
121 7
122 4
123 3
124 1
125 2
126 5
127 5
128 4
129 4
130 0
131 4
132 1
133 5
134 3
135 2
136 2
137 1
138 1
139 3
140 5
141 2
142 1
143 2
144 0
145 1
146 1
147 5
148 8
149 3
150 1
