0 42
1 42
2 45
3 43
4 51
5 44
6 52
7 47
8 41
9 55
10 37
11 48
12 41
13 46
14 34
15 43
16 53
17 45
18 35
19 43
20 49
21 55
22 41
23 57
24 41
25 36
26 40
27 35
28 33
29 38
30 45
31 41
32 46
33 45
34 42
35 46
36 42
37 47
38 51
39 41
40 49
41 46
42 49
43 41
44 45
45 36
46 48
47 42
48 34
49 39
50 40
51 45
52 53
53 48
54 38
55 47
56 38
57 42
58 43
59 31
60 41
61 36
62 47
63 40
64 46
65 34
66 43
67 54
68 41
69 37
70 38
71 59
72 55
73 50
74 36
75 43
76 47
77 47
78 44
79 41
80 46
81 52
82 53
83 45
84 34
85 41
86 42
87 50
88 41
89 49
90 42
91 46
92 43
93 46
94 44
95 39
96 46
97 54
98 35
99 37
100 46
101 39
102 40
103 34
104 45
105 40
106 45
107 43
108 42
109 44
110 37
111 43
112 43
113 40
114 43
115 53
116 50
117 55
118 39
119 41
120 34
121 40
122 54
123 45
124 54
125 43
126 47
127 46
128 48
129 51
130 39
131 36
132 56
133 52
134 47
135 46
136 45
137 40
138 41
139 40
140 44
141 49
142 36
143 49
144 38
145 47
146 45
147 35
148 35
149 45
150 45
151 37
152 42
153 37
