0 53
1 62
2 55
3 53
4 57
5 48
6 43
7 60
8 58
9 54
10 55
11 59
12 55
13 50
14 45
15 53
16 56
17 55
18 55
19 52
20 52
21 48
22 51
23 46
24 44
25 46
26 46
27 42
28 51
29 50
30 50
31 47
32 46
33 48
34 50
35 45
36 47
37 46
38 45
39 47
40 38
41 46
42 47
43 55
44 45
45 57
46 53
47 40
48 47
49 41
50 39
51 47
52 50
53 56
54 47
55 49
56 49
57 51
58 49
59 49
60 46
61 37
62 49
63 49
64 53
65 47
66 40
67 46
68 42
69 48
70 50
71 46
72 39
73 49
74 43
75 43
76 50
77 53
78 54
79 47
80 52
81 44
82 50
83 53
84 50
85 49
86 46
87 52
88 67
89 50
90 58
91 53
92 59
93 60
94 49
95 63
96 55
97 59
98 53
99 63
100 57
101 60
102 56
103 56
104 54
105 52
106 55
107 53
108 49
109 50
110 49
111 54
112 59
113 54
114 59
115 54
116 59
117 53
118 54
119 59
120 52
121 64
122 64
123 68
124 59
125 53
126 62
127 59
128 56
129 58
130 52
131 53
132 65
133 61
134 59
135 45
136 66
137 52
138 49
139 49
140 49
141 48
142 49
143 43
144 58
145 48
146 43
147 46
