0 195
1 202
2 175
3 211
4 218
5 187
6 213
7 207
8 199
9 196
10 188
11 169
12 170
13 149
14 147
15 224
16 199
17 152
18 181
19 194
20 201
21 147
22 196
23 184
24 194
25 221
26 164
27 203
28 185
29 168
30 199
31 194
32 189
33 173
34 185
35 132
36 177
37 135
38 171
39 162
40 209
41 179
42 179
43 185
44 182
45 203
46 186
47 206
48 205
49 194
50 197
51 153
52 205
53 209
54 212
55 197
56 150
57 188
58 147
59 186
60 202
61 180
62 190
63 196
64 178
65 179
66 162
67 188
68 185
69 169
70 226
71 198
72 198
73 206
74 194
75 191
76 192
77 209
78 168
79 176
80 169
81 169
82 141
83 188
84 168
85 162
86 179
87 142
88 160
89 180
90 182
91 161
92 187
93 152
94 171
95 185
96 183
97 224
98 135
99 208
100 178
101 222
102 195
103 185
104 199
105 201
106 156
107 225
108 180
109 181
110 161
111 164
112 166
113 176
114 185
115 164
116 172
117 183
118 138
119 179
120 185
121 225
122 182
123 209
124 175
125 183
126 176
127 179
128 217
129 220
130 178
131 208
132 162
133 148
134 182
135 203
136 181
137 170
138 142
139 187
140 160
141 188
142 146
143 181
144 214
145 181
146 164
147 196
148 181
149 174
150 197
151 192
152 156
153 160
154 187
155 158
156 182
157 186
158 190
159 177
160 162
161 225
162 197
163 220
164 145
165 177
166 195
167 186
168 192
169 200
170 228
171 235
172 244
173 207
174 245
175 212
176 224
177 209
178 191
179 223
