0 221
1 184
2 171
3 216
4 165
5 152
6 177
7 172
8 185
9 195
10 179
11 175
12 135
13 196
14 141
15 162
16 190
17 174
18 176
19 177
20 203
21 202
22 173
23 199
24 177
25 206
26 191
27 175
28 164
29 167
30 185
31 207
32 152
33 183
34 211
35 155
36 185
37 181
38 217
39 157
40 182
41 174
42 181
43 178
44 148
45 216
46 174
47 235
48 184
49 201
50 156
51 165
52 205
53 177
54 184
55 175
56 166
57 198
58 159
59 177
60 162
61 175
62 153
63 161
64 178
65 149
66 191
67 133
68 154
69 179
70 192
71 204
72 155
73 163
74 183
75 196
76 204
77 212
78 176
79 142
80 214
81 164
82 175
83 191
84 182
85 217
86 195
87 111
88 186
89 183
90 179
91 139
92 187
93 159
94 193
95 200
96 181
97 164
98 129
99 153
100 177
101 187
102 215
103 141
104 162
105 185
106 156
107 187
108 151
109 157
110 115
111 167
112 180
113 153
114 159
115 168
116 176
117 166
118 182
119 190
120 172
121 191
122 190
123 180
124 161
125 166
126 171
127 155
128 161
129 185
130 151
131 185
132 164
133 204
134 165
135 169
136 145
137 173
138 146
139 155
140 151
141 189
142 165
143 156
144 173
145 176
146 165
147 193
148 178
149 153
150 153
151 205
152 149
153 186
154 174
155 184
156 182
157 137
158 171
159 153
160 164
161 207
162 189
163 188
164 175
165 155
166 160
167 165
168 181
169 170
