0 205
1 2
2 0
3 5
4 1
5 1
6 6
7 1
8 4
9 5
10 7
11 4
12 3
13 1
14 4
15 4
16 1
17 5
18 1
19 6
20 1
21 0
22 4
23 3
24 2
25 2
26 1
27 2
28 2
29 1
30 4
31 4
32 4
33 4
34 3
35 1
36 6
37 3
38 2
39 1
40 6
41 4
42 1
43 5
44 1
45 3
46 4
47 2
48 2
49 1
50 2
51 2
52 3
53 4
54 3
55 0
56 1
57 1
58 3
59 0
60 2
61 4
62 5
63 1
64 5
65 1
66 4
67 3
68 2
69 2
70 1
71 5
72 1
73 1
74 2
75 0
76 4
77 1
78 4
79 1
80 4
81 1
82 0
83 2
84 1
85 2
86 0
87 4
88 2
89 4
90 3
91 6
92 3
93 3
94 5
95 4
96 1
97 4
98 4
99 0
100 2
101 2
102 2
103 2
104 4
105 4
106 1
107 5
108 1
109 0
110 2
111 2
112 6
113 2
114 3
115 5
116 1
117 1
118 0
119 1
120 5
121 5
122 0
123 3
124 4
125 2
126 1
127 4
128 1
129 1
130 1
131 3
132 2
133 1
134 3
135 3
136 4
137 2
138 5
139 5
140 1
141 2
142 4
143 2
144 4
145 3
