0 230
1 1
2 1
3 5
4 5
5 1
6 2
7 1
8 5
9 1
10 0
11 2
12 3
13 6
14 3
15 4
16 7
17 6
18 3
19 6
20 3
21 1
22 2
23 0
24 1
25 2
26 2
27 7
28 2
29 3
30 3
31 2
32 3
33 2
34 2
35 2
36 4
37 2
38 2
39 3
40 3
41 4
42 3
43 0
44 3
45 5
46 3
47 3
48 4
49 4
50 2
51 2
52 2
53 2
54 1
55 1
56 5
57 1
58 0
59 2
60 6
61 2
62 1
63 1
64 3
65 1
66 3
67 0
68 1
69 1
70 1
71 4
72 3
73 1
74 5
75 9
76 2
77 3
78 2
79 0
80 2
81 4
82 3
83 1
84 3
85 6
86 4
87 1
88 5
89 4
90 3
91 3
92 4
93 1
94 1
95 1
96 9
97 4
98 3
99 2
100 5
101 0
102 1
103 4
104 0
105 4
106 2
107 1
108 1
109 3
110 2
111 2
112 3
113 2
114 4
115 4
116 3
117 3
118 3
119 2
120 2
121 2
122 0
123 1
124 1
125 4
126 6
127 6
128 2
129 5
130 1
131 1
132 4
133 4
134 2
135 1
136 3
137 2
138 2
139 9
140 3
141 5
142 5
143 0
144 4
145 1
146 3
147 0
