0 185
1 4
2 7
3 5
4 6
5 4
6 2
7 2
8 2
9 1
10 6
11 3
12 5
13 5
14 1
15 3
16 3
17 2
18 1
19 3
20 1
21 1
22 1
23 1
24 1
25 1
26 1
27 4
28 2
29 0
30 2
31 3
32 2
33 6
34 2
35 4
36 4
37 0
38 1
39 4
40 3
41 3
42 2
43 4
44 3
45 1
46 4
47 1
48 6
49 5
50 1
51 3
52 6
53 1
54 0
55 5
56 6
57 4
58 3
59 1
60 7
61 1
62 0
63 2
64 1
65 2
66 3
67 0
68 3
69 0
70 3
71 6
72 5
73 3
74 3
75 4
76 1
77 3
78 1
79 1
80 0
81 0
82 2
83 3
84 3
85 0
86 1
87 2
88 0
89 2
90 1
91 2
92 3
93 1
94 0
95 4
96 5
97 2
98 1
99 1
100 5
101 1
102 8
103 1
104 2
105 3
106 3
107 3
108 2
109 0
110 0
111 0
112 2
113 3
114 0
115 4
116 2
117 2
118 4
119 2
120 1
121 2
122 1
123 2
124 2
125 5
126 0
127 5
128 2
129 1
130 2
131 2
132 3
133 2
134 1
135 0
136 2
137 2
138 1
139 1
140 4
141 2
142 0
143 2
144 1
145 2
