0 261
1 3
2 0
3 2
4 2
5 4
6 2
7 1
8 2
9 0
10 1
11 2
12 1
13 3
14 3
15 2
16 3
17 4
18 5
19 4
20 6
21 6
22 2
23 2
24 2
25 3
26 2
27 2
28 3
29 3
30 0
31 3
32 3
33 1
34 1
35 5
36 3
37 3
38 3
39 4
40 4
41 2
42 2
43 2
44 4
45 1
46 2
47 0
48 3
49 3
50 0
51 0
52 0
53 1
54 1
55 1
56 3
57 1
58 4
59 3
60 3
61 5
62 0
63 2
64 2
65 4
66 3
67 1
68 4
69 0
70 4
71 4
72 2
73 0
74 2
75 2
76 1
77 2
78 4
79 1
80 2
81 5
82 1
83 3
84 4
85 2
86 3
87 2
88 1
89 6
90 7
91 2
92 3
93 2
94 4
95 3
96 1
97 0
98 1
99 0
100 0
101 0
102 0
103 1
104 4
105 4
106 6
107 3
108 1
109 0
110 2
111 1
112 2
113 2
114 2
115 3
116 1
117 7
118 0
119 4
120 2
121 4
122 1
123 8
124 3
125 1
126 1
127 6
128 4
129 2
130 2
131 3
132 6
133 1
134 1
135 3
136 6
137 3
138 3
139 2
140 3
141 2
142 1
143 0
144 0
145 6
146 0
147 3
