0 230
1 6
2 10
3 2
4 4
5 2
6 3
7 1
8 0
9 1
10 3
11 5
12 3
13 1
14 3
15 0
16 1
17 1
18 2
19 4
20 4
21 1
22 0
23 7
24 2
25 3
26 0
27 0
28 4
29 3
30 4
31 4
32 1
33 0
34 3
35 3
36 2
37 1
38 5
39 6
40 3
41 5
42 4
43 2
44 1
45 1
46 2
47 1
48 2
49 5
50 2
51 1
52 4
53 3
54 1
55 3
56 3
57 2
58 2
59 2
60 2
61 2
62 6
63 5
64 3
65 0
66 1
67 2
68 5
69 2
70 0
71 4
72 4
73 1
74 6
75 4
76 0
77 1
78 1
79 3
80 4
81 6
82 3
83 2
84 6
85 3
86 3
87 1
88 3
89 6
90 2
91 2
92 5
93 8
94 3
95 3
96 2
97 1
98 1
99 3
100 1
101 2
102 4
103 1
104 6
105 5
106 4
107 2
108 1
109 0
110 1
111 7
112 2
113 1
114 5
115 0
116 3
117 1
118 8
119 2
120 1
121 2
122 3
123 2
124 2
125 3
126 3
127 2
128 2
129 0
130 2
131 2
132 5
133 3
134 1
135 3
136 1
137 0
138 1
139 3
140 2
141 2
142 2
143 3
144 3
145 4
146 1
147 1
148 2
149 5
150 0
151 3
152 3
153 2
154 2
155 6
156 1
157 0
158 2
159 2
160 6
161 5
162 1
163 1
164 1
165 2
166 2
167 3
168 2
169 1
170 5
171 2
172 1
173 4
