0 224
1 11
2 6
3 7
4 7
5 4
6 4
7 6
8 4
9 12
10 3
11 1
12 3
13 4
14 4
15 2
16 6
17 3
18 6
19 6
20 11
21 2
22 5
23 0
24 1
25 5
26 0
27 4
28 1
29 3
30 7
31 3
32 3
33 2
34 4
35 1
36 3
37 3
38 3
39 0
40 7
41 1
42 4
43 5
44 2
45 2
46 0
47 2
48 3
49 4
50 2
51 1
52 3
53 6
54 4
55 1
56 0
57 3
58 4
59 3
60 5
61 0
62 2
63 2
64 5
65 1
66 3
67 3
68 1
69 5
70 1
71 1
72 2
73 4
74 5
75 3
76 1
77 4
78 4
79 4
80 0
81 2
82 3
83 2
84 3
85 1
86 1
87 1
88 4
89 1
90 2
91 0
92 3
93 4
94 2
95 1
96 1
97 3
98 4
99 5
100 3
101 1
102 1
103 3
104 1
105 2
106 1
107 8
108 2
109 2
110 2
111 2
112 0
113 0
114 2
115 2
116 2
117 2
118 1
119 2
120 2
121 1
122 5
123 3
124 2
125 3
126 1
127 2
128 4
129 0
130 3
131 1
132 1
133 1
134 0
135 5
136 2
137 0
138 6
139 2
140 3
141 4
142 5
143 2
144 1
145 3
146 1
147 3
148 8
149 1
150 2
