0 205
1 172
2 136
3 202
4 164
5 189
6 205
7 203
8 200
9 206
10 236
11 253
12 206
13 208
14 201
15 186
16 219
17 212
18 231
19 203
20 220
21 225
22 236
23 204
24 168
25 234
26 210
27 204
28 191
29 187
30 216
31 200
32 204
33 198
34 210
35 196
36 220
37 234
38 237
39 212
40 255
41 200
42 217
43 212
44 195
45 238
46 216
47 198
48 189
49 217
50 211
51 207
52 253
53 212
54 242
55 201
56 198
57 223
58 218
59 219
60 204
61 195
62 237
63 209
64 224
65 222
66 221
67 181
68 197
69 188
70 210
71 220
72 217
73 195
74 191
75 222
76 225
77 206
78 222
79 228
80 185
81 202
82 207
83 203
84 208
85 260
86 226
87 201
88 202
89 196
90 234
91 221
92 211
93 225
94 201
95 240
96 202
97 208
98 198
99 205
100 234
101 189
102 244
103 201
104 195
105 216
106 188
107 225
108 200
109 190
110 194
111 204
112 221
113 220
114 228
115 201
116 196
117 176
118 173
119 205
120 191
121 195
122 223
123 203
124 216
125 230
126 232
127 218
128 196
129 194
130 229
131 222
132 210
133 192
134 202
135 222
136 232
137 230
138 222
139 221
140 222
141 214
142 208
143 216
144 248
145 220
146 242
147 237
148 212
149 224
150 172
151 219
152 212
153 188
154 192
155 214
156 178
157 216
158 225
159 216
160 206
