0 44
1 52
2 62
3 52
4 49
5 59
6 62
7 54
8 52
9 53
10 46
11 54
12 59
13 55
14 48
15 58
16 53
17 50
18 64
19 64
20 60
21 61
22 66
23 56
24 53
25 63
26 65
27 59
28 50
29 59
30 53
31 55
32 53
33 64
34 47
35 68
36 46
37 49
38 49
39 58
40 43
41 51
42 56
43 60
44 59
45 43
46 58
47 56
48 59
49 63
50 57
51 64
52 61
53 66
54 61
55 60
56 55
57 65
58 55
59 59
60 60
61 71
62 67
63 66
64 68
65 70
66 48
67 49
68 55
69 56
70 55
71 62
72 58
73 63
74 59
75 70
76 69
77 55
78 49
79 55
80 59
81 54
82 55
83 51
84 53
85 59
86 54
87 63
88 55
89 61
90 64
91 62
92 62
93 53
94 56
95 59
96 51
97 56
98 52
99 54
100 44
101 60
102 50
103 39
104 60
105 44
106 48
107 48
108 55
109 60
110 60
111 44
112 52
113 52
114 59
115 48
116 51
117 44
118 52
119 44
120 57
121 61
122 46
123 55
124 47
125 55
126 59
127 50
128 55
129 52
130 49
131 40
132 49
133 48
134 45
135 40
136 49
137 56
138 65
139 58
140 59
141 44
142 50
143 52
144 52
145 54
146 52
147 55
148 49
149 46
150 49
151 46
152 38
153 46
