0 66
1 79
2 58
3 85
4 76
5 77
6 76
7 59
8 60
9 68
10 59
11 60
12 66
13 61
14 59
15 63
16 69
17 58
18 58
19 59
20 58
21 69
22 63
23 64
24 73
25 79
26 65
27 61
28 67
29 69
30 79
31 79
32 57
33 56
34 89
35 65
36 75
37 81
38 76
39 66
40 78
41 72
42 80
43 78
44 79
45 75
46 67
47 77
48 71
49 77
50 77
51 79
52 67
53 79
54 70
55 75
56 65
57 70
58 71
59 68
60 82
61 76
62 74
63 64
64 82
65 64
66 47
67 79
68 68
69 67
70 68
71 60
72 55
73 79
74 68
75 67
76 64
77 68
78 77
79 68
80 76
81 90
82 80
83 71
84 67
85 86
86 84
87 93
88 87
89 84
90 85
91 87
92 58
93 83
94 74
95 70
96 83
97 74
98 79
99 76
100 80
101 72
102 79
103 80
104 88
105 82
106 96
107 83
108 82
109 87
110 82
111 89
112 82
113 73
114 65
115 80
116 79
117 73
118 82
119 73
120 70
121 80
122 83
123 76
124 77
125 81
126 64
127 90
128 95
129 79
130 77
131 83
132 84
133 86
134 74
135 81
136 80
137 89
138 72
139 86
140 93
141 94
142 94
143 81
144 101
145 79
146 79
147 93
148 86
149 85
150 95
