0 176
1 148
2 140
3 136
4 214
5 179
6 164
7 184
8 156
9 144
10 186
11 159
12 173
13 195
14 186
15 184
16 170
17 156
18 179
19 176
20 164
21 201
22 193
23 140
24 160
25 172
26 122
27 165
28 154
29 161
30 177
31 184
32 182
33 198
34 174
35 180
36 190
37 174
38 166
39 168
40 158
41 157
42 142
43 165
44 165
45 169
46 190
47 137
48 127
49 167
50 207
51 172
52 156
53 179
54 182
55 166
56 153
57 193
58 147
59 149
60 153
61 187
62 207
63 148
64 194
65 178
66 183
67 164
68 167
69 149
70 141
71 137
72 192
73 163
74 174
75 161
76 161
77 169
78 191
79 190
80 146
81 176
82 168
83 158
84 169
85 199
86 157
87 166
88 190
89 176
90 208
91 182
92 165
93 180
94 170
95 169
96 173
97 166
98 165
99 156
100 206
101 139
102 138
103 164
104 172
105 192
106 148
107 163
108 180
109 173
110 162
111 179
112 164
113 198
114 182
115 166
116 189
117 170
118 166
119 161
120 147
121 164
122 172
123 158
124 163
125 154
126 162
127 201
128 185
129 148
130 156
131 163
132 153
133 159
134 129
135 196
136 160
137 184
