0 43
1 46
2 54
3 45
4 38
5 46
6 52
7 47
8 49
9 38
10 40
11 49
12 41
13 50
14 46
15 47
16 46
17 36
18 41
19 34
20 45
21 50
22 36
23 47
24 38
25 32
26 38
27 48
28 40
29 45
30 44
31 48
32 35
33 55
34 48
35 45
36 44
37 41
38 42
39 44
40 43
41 41
42 35
43 39
44 43
45 48
46 52
47 39
48 38
49 51
50 48
51 45
52 46
53 45
54 42
55 43
56 49
57 41
58 40
59 40
60 34
61 38
62 50
63 46
64 57
65 45
66 44
67 41
68 44
69 43
70 38
71 39
72 49
73 49
74 45
75 40
76 39
77 41
78 47
79 39
80 45
81 43
82 49
83 41
84 48
85 45
86 55
87 51
88 40
89 53
90 54
91 52
92 47
93 45
94 44
95 45
96 50
97 50
98 53
99 48
100 46
101 49
102 52
103 48
104 42
105 40
106 41
107 44
108 41
109 44
110 40
111 48
112 43
113 41
114 50
115 40
116 34
117 53
118 48
119 55
120 46
121 70
122 44
123 54
124 55
125 46
126 51
127 44
128 54
129 44
130 47
131 47
132 52
133 52
134 44
135 48
136 49
137 43
138 33
139 41
140 55
141 45
142 40
143 51
144 42
145 45
146 38
147 47
148 40
149 47
150 41
151 53
