0 133
1 142
2 142
3 145
4 128
5 159
6 150
7 139
8 124
9 151
10 146
11 138
12 159
13 121
14 139
15 139
16 146
17 129
18 133
19 139
20 166
21 140
22 161
23 148
24 163
25 141
26 159
27 168
28 194
29 158
30 169
31 165
32 155
33 180
34 167
35 192
36 175
37 162
38 167
39 170
40 181
41 182
42 193
43 175
44 204
45 182
46 174
47 167
48 191
49 176
50 170
51 202
52 187
53 165
54 198
55 177
56 189
57 187
58 187
59 180
60 189
61 174
62 194
63 153
64 194
65 188
66 204
67 184
68 193
69 190
70 184
71 198
72 186
73 183
74 167
75 168
76 183
77 203
78 160
79 193
80 191
81 167
82 163
83 172
84 180
85 189
86 200
87 210
88 195
89 187
90 201
91 208
92 217
93 186
94 183
95 196
96 181
97 165
98 170
99 140
100 183
101 177
102 200
103 186
104 212
105 182
106 183
107 183
108 186
109 205
110 176
111 182
112 169
113 179
114 164
115 162
116 183
117 192
118 165
119 179
120 194
121 198
122 178
123 155
124 161
125 188
126 154
127 171
128 205
129 183
130 165
131 212
132 195
133 163
134 186
135 157
136 201
137 193
138 175
139 173
140 179
141 208
142 169
143 170
