0 179
1 2
2 2
3 2
4 3
5 5
6 1
7 2
8 5
9 3
10 5
11 5
12 1
13 4
14 0
15 3
16 5
17 3
18 5
19 2
20 3
21 4
22 2
23 0
24 1
25 2
26 5
27 1
28 1
29 3
30 1
31 2
32 1
33 2
34 2
35 2
36 1
37 3
38 2
39 1
40 4
41 0
42 1
43 6
44 3
45 4
46 2
47 3
48 1
49 2
50 4
51 4
52 4
53 2
54 3
55 6
56 6
57 3
58 3
59 5
60 1
61 3
62 1
63 2
64 7
65 1
66 6
67 0
68 2
69 0
70 4
71 0
72 0
73 2
74 4
75 1
76 3
77 7
78 0
79 0
80 7
81 1
82 2
83 2
84 3
85 3
86 1
87 2
88 3
89 8
90 5
91 2
92 3
93 7
94 1
95 4
96 1
97 1
98 4
99 1
100 2
101 0
102 4
103 1
104 1
105 2
106 2
107 1
108 6
109 7
110 3
111 2
112 2
113 4
114 4
115 3
116 2
117 2
118 0
119 1
120 5
121 0
122 6
123 10
124 3
125 3
126 0
127 2
128 3
129 0
130 3
131 5
132 0
133 2
134 1
135 2
136 0
137 1
138 6
139 3
140 2
141 2
142 2
143 2
144 2
145 4
146 3
147 1
148 9
149 7
150 7
151 7
152 4
153 4
154 0
155 3
156 4
157 2
158 2
159 3
160 3
161 2
162 2
163 7
164 4
165 4
166 3
167 4
168 5
169 4
170 4
171 1
172 5
173 2
174 2
175 0
