0 209
1 6
2 7
3 4
4 4
5 4
6 2
7 2
8 1
9 2
10 0
11 3
12 4
13 3
14 3
15 3
16 2
17 4
18 2
19 4
20 6
21 3
22 1
23 2
24 1
25 2
26 5
27 4
28 5
29 3
30 2
31 3
32 3
33 4
34 5
35 2
36 2
37 3
38 4
39 1
40 2
41 2
42 5
43 4
44 5
45 2
46 2
47 5
48 2
49 2
50 4
51 1
52 3
53 4
54 2
55 4
56 3
57 3
58 4
59 7
60 1
61 1
62 0
63 1
64 3
65 4
66 10
67 4
68 1
69 3
70 4
71 2
72 1
73 4
74 2
75 2
76 4
77 3
78 5
79 3
80 4
81 0
82 2
83 2
84 1
85 5
86 3
87 3
88 0
89 5
90 6
91 2
92 2
93 3
94 1
95 5
96 1
97 2
98 6
99 1
100 4
101 5
102 1
103 1
104 4
105 1
106 1
107 0
108 1
109 4
110 2
111 3
112 3
113 1
114 3
115 2
116 0
117 3
118 4
119 1
120 2
121 3
122 2
123 3
124 1
125 2
126 1
127 2
128 2
129 1
130 1
131 4
132 9
133 2
134 4
135 3
136 2
137 4
138 2
139 0
140 2
141 6
142 3
143 3
144 2
145 1
146 1
147 2
148 4
149 2
150 1
151 5
152 4
