0 179
1 154
2 171
3 148
4 208
5 190
6 188
7 147
8 146
9 182
10 187
11 167
12 208
13 179
14 130
15 170
16 172
17 138
18 174
19 173
20 168
21 182
22 148
23 196
24 173
25 183
26 130
27 156
28 168
29 198
30 146
31 141
32 159
33 134
34 159
35 164
36 192
37 167
38 178
39 159
40 191
41 175
42 139
43 120
44 150
45 155
46 180
47 141
48 196
49 167
50 184
51 158
52 171
53 180
54 158
55 208
56 202
57 147
58 160
59 179
60 145
61 169
62 197
63 176
64 168
65 195
66 169
67 198
68 175
69 189
70 183
71 183
72 169
73 191
74 161
75 220
76 153
77 160
78 164
79 190
80 190
81 147
82 164
83 209
84 168
85 167
86 183
87 136
88 181
89 161
90 147
91 155
92 172
93 155
94 163
95 181
96 166
97 189
98 160
99 129
100 224
101 147
102 159
103 150
104 171
105 137
106 167
107 197
108 159
109 174
110 159
111 171
112 185
113 139
114 124
115 180
116 174
117 160
118 160
119 192
120 175
121 144
122 180
123 179
124 166
125 191
126 191
127 193
128 202
129 152
130 193
131 154
132 152
133 177
134 152
135 183
136 189
137 179
138 139
139 174
140 169
141 126
142 153
143 204
144 178
145 141
146 175
147 171
148 169
149 172
150 153
151 225
152 201
153 156
154 187
155 147
156 182
157 126
158 145
159 176
160 159
161 167
162 146
