0 62
1 67
2 77
3 63
4 54
5 58
6 64
7 68
8 63
9 72
10 58
11 64
12 63
13 62
14 55
15 74
16 58
17 71
18 65
19 56
20 64
21 60
22 56
23 52
24 66
25 60
26 56
27 59
28 66
29 62
30 59
31 70
32 73
33 67
34 61
35 63
36 63
37 63
38 56
39 69
40 80
41 57
42 66
43 54
44 61
45 69
46 73
47 77
48 76
49 71
50 75
51 85
52 94
53 70
54 84
55 81
56 77
57 82
58 84
59 84
60 73
61 84
62 91
63 79
64 86
65 89
66 80
67 91
68 77
69 83
70 87
71 87
72 94
73 95
74 86
75 82
76 77
77 75
78 88
79 85
80 82
81 69
82 83
83 75
84 84
85 75
86 70
87 68
88 70
89 83
90 82
91 66
92 83
93 64
94 73
95 69
96 73
97 74
98 94
99 84
100 78
101 83
102 77
103 76
104 70
105 68
106 72
107 68
108 74
109 70
110 72
111 69
112 72
113 67
114 54
115 64
116 81
117 56
118 67
119 74
120 64
121 68
122 70
123 74
124 71
125 63
126 80
127 73
128 51
129 62
130 61
131 68
132 61
133 58
134 58
135 73
136 65
137 63
138 64
139 61
140 79
141 63
142 62
143 66
144 65
145 70
146 62
147 71
148 74
149 70
150 67
151 63
