0 110
1 112
2 130
3 135
4 121
5 126
6 142
7 132
8 131
9 138
10 120
11 107
12 132
13 119
14 128
15 128
16 118
17 115
18 141
19 122
20 126
21 112
22 117
23 120
24 123
25 115
26 128
27 128
28 135
29 128
30 137
31 107
32 112
33 118
34 103
35 117
36 117
37 124
38 139
39 121
40 120
41 133
42 129
43 111
44 135
45 125
46 108
47 100
48 122
49 126
50 106
51 121
52 101
53 111
54 99
55 106
56 115
57 121
58 111
59 116
60 101
61 120
62 107
63 99
64 86
65 90
66 113
67 104
68 107
69 97
70 107
71 103
72 123
73 105
74 111
75 100
76 122
77 121
78 110
79 113
80 98
81 111
82 108
83 104
84 99
85 109
86 117
87 115
88 105
89 106
90 105
91 115
92 104
93 94
94 127
95 127
96 118
97 109
98 123
99 126
100 111
101 109
102 115
103 118
104 118
105 118
106 114
107 116
108 119
109 120
110 119
111 135
112 116
113 116
114 127
115 126
116 115
117 107
118 112
119 117
120 124
121 123
122 123
123 108
124 133
125 112
126 136
127 116
128 118
129 125
130 123
131 115
132 113
133 127
134 127
135 129
136 140
137 132
138 126
139 129
140 127
141 116
142 118
143 129
144 116
145 144
146 133
147 130
148 121
149 122
