0 168
1 3
2 3
3 1
4 1
5 7
6 3
7 2
8 2
9 8
10 2
11 1
12 7
13 6
14 3
15 5
16 4
17 0
18 2
19 7
20 1
21 2
22 4
23 1
24 4
25 6
26 6
27 1
28 5
29 2
30 4
31 0
32 2
33 1
34 3
35 4
36 4
37 5
38 3
39 2
40 2
41 4
42 3
43 1
44 1
45 6
46 2
47 2
48 1
49 3
50 0
51 3
52 5
53 5
54 2
55 3
56 3
57 5
58 0
59 7
60 1
61 0
62 3
63 3
64 2
65 2
66 1
67 1
68 3
69 2
70 1
71 1
72 0
73 4
74 1
75 1
76 4
77 6
78 8
79 4
80 3
81 5
82 4
83 3
84 2
85 5
86 3
87 2
88 2
89 4
90 5
91 1
92 1
93 1
94 7
95 7
96 1
97 3
98 4
99 2
100 5
101 1
102 3
103 5
104 2
105 1
106 5
107 2
108 5
109 3
110 6
111 3
112 2
113 2
114 3
115 2
116 4
117 4
118 1
119 3
120 3
121 1
122 4
123 3
124 3
125 4
126 4
127 3
128 9
129 2
130 3
131 3
132 4
133 4
134 2
135 3
136 2
137 2
138 3
139 1
140 6
141 2
142 5
143 4
144 3
145 3
146 5
