0 169
1 191
2 170
3 215
4 181
5 187
6 211
7 199
8 191
9 175
10 198
11 172
12 189
13 231
14 199
15 223
16 194
17 199
18 211
19 223
20 203
21 210
22 187
23 243
24 218
25 199
26 220
27 210
28 217
29 223
30 212
31 249
32 240
33 205
34 225
35 239
36 185
37 229
38 190
39 218
40 207
41 238
42 198
43 205
44 220
45 210
46 229
47 216
48 185
49 209
50 214
51 202
52 183
53 228
54 223
55 221
56 183
57 204
58 184
59 214
60 186
61 230
62 201
63 219
64 238
65 218
66 226
67 188
68 229
69 220
70 215
71 218
72 195
73 221
74 199
75 223
76 216
77 196
78 205
79 229
80 213
81 192
82 215
83 200
84 228
85 231
86 207
87 212
88 195
89 224
90 215
91 190
92 221
93 222
94 231
95 212
96 227
97 234
98 251
99 199
100 226
101 189
102 205
103 221
104 188
105 200
106 209
107 233
108 235
109 247
110 241
111 206
112 222
113 267
114 194
115 221
116 237
117 209
118 186
119 204
120 203
121 220
122 226
123 218
124 228
125 193
126 228
127 238
128 209
129 213
130 229
131 210
132 246
133 239
134 203
135 225
136 218
137 223
138 219
139 241
140 189
141 209
142 216
143 182
144 205
145 222
146 188
147 227
148 210
149 255
150 182
151 231
152 213
153 190
154 196
155 184
156 216
157 208
158 212
159 208
160 206
161 216
