0 73
1 88
2 86
3 84
4 81
5 87
6 85
7 86
8 98
9 76
10 81
11 84
12 83
13 83
14 72
15 75
16 56
17 84
18 95
19 78
20 79
21 92
22 80
23 94
24 101
25 99
26 69
27 83
28 85
29 73
30 72
31 94
32 78
33 78
34 84
35 75
36 93
37 60
38 90
39 72
40 84
41 76
42 68
43 60
44 65
45 66
46 70
47 70
48 71
49 62
50 63
51 68
52 78
53 83
54 72
55 71
56 77
57 97
58 73
59 81
60 80
61 86
62 76
63 92
64 76
65 79
66 81
67 78
68 79
69 84
70 78
71 66
72 71
73 80
74 89
75 85
76 78
77 86
78 84
79 82
80 107
81 88
82 79
83 82
84 95
85 78
86 99
87 104
88 105
89 86
90 88
91 95
92 86
93 101
94 88
95 81
96 81
97 91
98 106
99 88
100 104
101 92
102 111
103 75
104 106
105 89
106 91
107 82
108 84
109 83
110 82
111 71
112 94
113 84
114 76
115 103
116 86
117 96
118 80
119 72
120 67
121 73
122 88
123 78
124 78
125 93
126 87
127 82
128 73
129 102
130 89
131 111
132 97
133 99
134 96
135 87
136 101
137 90
138 82
139 105
140 71
141 101
142 93
143 93
144 95
145 95
146 85
147 89
148 93
149 95
150 90
