0 53
1 49
2 53
3 62
4 48
5 56
6 57
7 51
8 57
9 49
10 50
11 51
12 49
13 60
14 50
15 48
16 46
17 51
18 54
19 59
20 46
21 63
22 44
23 51
24 54
25 50
26 53
27 51
28 40
29 47
30 44
31 43
32 50
33 53
34 53
35 46
36 45
37 45
38 45
39 57
40 46
41 55
42 59
43 54
44 42
45 45
46 60
47 62
48 56
49 45
50 54
51 57
52 49
53 53
54 56
55 52
56 55
57 56
58 64
59 58
60 53
61 55
62 57
63 61
64 60
65 52
66 41
67 57
68 48
69 54
70 58
71 52
72 61
73 50
74 52
75 62
76 54
77 63
78 50
79 50
80 57
81 57
82 54
83 43
84 61
85 48
86 69
87 59
88 59
89 52
90 50
91 55
92 55
93 52
94 49
95 50
96 56
97 58
98 56
99 52
100 52
101 56
102 64
103 65
104 58
105 49
106 51
107 42
108 47
109 56
110 50
111 45
112 54
113 58
114 55
115 51
116 55
117 57
118 52
119 57
120 59
121 59
122 49
123 51
124 61
125 56
126 52
127 52
128 46
129 51
130 57
131 57
132 55
133 52
134 54
135 43
136 56
137 59
138 44
139 46
140 54
141 68
142 47
143 52
144 51
145 49
146 64
147 56
148 58
149 58
150 57
151 58
