0 89
1 97
2 114
3 115
4 121
5 102
6 103
7 112
8 101
9 121
10 116
11 95
12 106
13 95
14 106
15 100
16 102
17 113
18 112
19 113
20 109
21 111
22 106
23 105
24 96
25 107
26 110
27 115
28 110
29 96
30 107
31 94
32 103
33 116
34 124
35 113
36 104
37 113
38 104
39 121
40 118
41 116
42 118
43 116
44 123
45 103
46 121
47 99
48 110
49 101
50 130
51 121
52 95
53 114
54 111
55 92
56 106
57 116
58 116
59 117
60 118
61 119
62 120
63 105
64 113
65 125
66 110
67 117
68 123
69 103
70 100
71 98
72 109
73 116
74 106
75 112
76 114
77 100
78 114
79 109
80 124
81 119
82 108
83 124
84 124
85 127
86 113
87 116
88 113
89 129
90 117
91 122
92 109
93 124
94 97
95 108
96 105
97 115
98 110
99 96
100 117
101 131
102 110
103 109
104 124
105 114
106 113
107 117
108 121
109 103
110 96
111 111
112 118
113 131
114 119
115 113
116 119
117 94
118 113
119 116
120 116
121 114
122 120
123 116
124 112
125 103
126 88
127 104
128 100
129 125
130 101
131 93
132 118
133 120
134 115
135 120
136 114
137 125
138 108
139 113
140 113
141 99
142 117
143 107
144 102
145 107
146 112
