0 215
1 7
2 9
3 3
4 3
5 3
6 2
7 4
8 2
9 3
10 6
11 1
12 1
13 1
14 0
15 0
16 2
17 1
18 1
19 4
20 4
21 3
22 5
23 2
24 3
25 2
26 6
27 0
28 2
29 5
30 1
31 2
32 3
33 2
34 3
35 3
36 2
37 3
38 2
39 1
40 5
41 2
42 1
43 3
44 1
45 2
46 4
47 1
48 1
49 2
50 1
51 5
52 2
53 2
54 6
55 2
56 0
57 2
58 3
59 5
60 2
61 0
62 5
63 1
64 3
65 2
66 7
67 2
68 4
69 3
70 3
71 3
72 0
73 2
74 1
75 1
76 1
77 4
78 5
79 1
80 5
81 0
82 1
83 3
84 4
85 1
86 7
87 2
88 2
89 1
90 5
91 2
92 6
93 3
94 1
95 0
96 3
97 3
98 3
99 1
100 1
101 2
102 2
103 4
104 4
105 2
106 4
107 5
108 6
109 3
110 1
111 1
112 2
113 5
114 3
115 5
116 3
117 0
118 2
119 2
120 1
121 3
122 2
123 5
124 4
125 3
126 2
127 0
128 7
129 0
130 3
131 1
132 2
133 1
134 1
135 0
136 3
137 4
138 4
139 2
140 2
141 3
142 4
143 3
144 1
145 4
146 7
147 1
148 1
149 3
150 2
151 1
