0 46
1 48
2 43
3 36
4 41
5 36
6 43
7 40
8 43
9 47
10 43
11 45
12 44
13 41
14 42
15 53
16 58
17 45
18 38
19 40
20 40
21 46
22 42
23 35
24 37
25 42
26 41
27 40
28 51
29 49
30 48
31 41
32 45
33 52
34 44
35 45
36 41
37 38
38 39
39 47
40 51
41 44
42 52
43 51
44 54
45 46
46 42
47 52
48 44
49 44
50 54
51 53
52 51
53 54
54 45
55 40
56 42
57 45
58 38
59 50
60 51
61 55
62 49
63 51
64 45
65 46
66 44
67 49
68 49
69 44
70 53
71 54
72 38
73 50
74 51
75 42
76 44
77 47
78 40
79 38
80 35
81 51
82 43
83 53
84 50
85 47
86 48
87 49
88 47
89 47
90 51
91 47
92 47
93 46
94 48
95 44
96 47
97 46
98 53
99 46
100 41
101 55
102 46
103 45
104 46
105 40
106 46
107 46
108 37
109 47
110 41
111 41
112 38
113 40
114 40
115 46
116 47
117 47
118 44
119 43
120 44
121 42
122 44
123 52
124 50
125 38
126 46
127 52
128 40
129 39
130 41
131 40
132 40
133 41
134 55
135 44
136 45
137 45
138 50
139 45
140 41
141 45
142 50
143 52
144 47
145 48
146 49
147 55
148 39
