0 183
1 197
2 233
3 188
4 219
5 229
6 215
7 190
8 231
9 208
10 232
11 223
12 216
13 240
14 220
15 224
16 217
17 233
18 205
19 224
20 233
21 192
22 212
23 234
24 190
25 230
26 229
27 202
28 223
29 245
30 216
31 225
32 246
33 195
34 205
35 236
36 243
37 241
38 243
39 251
40 220
41 205
42 233
43 220
44 239
45 206
46 183
47 195
48 204
49 214
50 220
51 204
52 222
53 196
54 232
55 221
56 237
57 209
58 232
59 216
60 236
61 246
62 224
63 208
64 243
65 221
66 207
67 211
68 221
69 215
70 239
71 229
72 215
73 222
74 207
75 206
76 213
77 204
78 210
79 209
80 189
81 177
82 177
83 205
84 200
85 249
86 264
87 238
88 222
89 242
90 239
91 198
92 225
93 202
94 248
95 240
96 202
97 231
98 190
99 200
100 228
101 223
102 211
103 212
104 182
105 210
106 222
107 212
108 224
109 235
110 243
111 193
112 206
113 228
114 203
115 209
116 224
117 205
118 202
119 230
120 222
121 198
122 190
123 215
124 220
125 222
126 226
127 242
128 231
129 237
130 246
131 210
132 233
133 206
134 221
135 228
136 191
137 240
138 218
139 262
140 196
141 207
142 213
143 210
144 213
145 234
146 186
147 187
148 222
149 169
150 205
151 228
152 223
153 231
154 205
155 227
156 218
157 195
158 219
159 278
160 253
161 231
162 231
163 229
164 208
165 208
166 205
167 204
168 214
169 242
