0 129
1 126
2 134
3 112
4 137
5 109
6 109
7 111
8 105
9 117
10 117
11 126
12 104
13 121
14 102
15 121
16 122
17 126
18 117
19 126
20 127
21 139
22 125
23 133
24 128
25 104
26 128
27 115
28 111
29 111
30 110
31 116
32 122
33 113
34 124
35 113
36 117
37 130
38 116
39 118
40 121
41 137
42 121
43 130
44 113
45 132
46 132
47 128
48 124
49 131
50 127
51 126
52 146
53 113
54 126
55 128
56 133
57 122
58 134
59 124
60 137
61 134
62 143
63 129
64 115
65 134
66 137
67 132
68 137
69 140
70 143
71 164
72 159
73 163
74 148
75 167
76 156
77 164
78 194
79 167
80 132
81 161
82 175
83 149
84 161
85 166
86 157
87 174
88 142
89 170
90 145
91 193
92 167
93 184
94 171
95 170
96 212
97 163
98 168
99 181
100 191
101 195
102 207
103 191
104 209
105 195
106 180
107 192
108 169
109 192
110 180
111 204
112 204
113 197
114 208
115 179
116 189
117 179
118 178
119 175
120 176
121 175
122 194
123 211
124 175
125 182
126 167
127 201
128 193
129 195
130 181
131 176
132 182
133 179
134 190
135 218
136 180
137 196
138 196
139 183
140 196
141 183
142 173
143 222
144 181
145 193
146 164
