0 31
1 49
2 49
3 46
4 52
5 56
6 53
7 54
8 59
9 52
10 51
11 63
12 60
13 68
14 43
15 60
16 64
17 54
18 54
19 53
20 61
21 64
22 58
23 65
24 65
25 62
26 62
27 72
28 52
29 67
30 67
31 58
32 54
33 63
34 65
35 64
36 64
37 63
38 67
39 81
40 68
41 76
42 72
43 57
44 65
45 67
46 67
47 67
48 79
49 74
50 72
51 65
52 69
53 74
54 80
55 67
56 77
57 61
58 64
59 77
60 66
61 66
62 61
63 49
64 61
65 68
66 63
67 72
68 72
69 73
70 72
71 70
72 63
73 80
74 55
75 56
76 59
77 67
78 66
79 59
80 58
81 46
82 54
83 56
84 47
85 53
86 52
87 44
88 54
89 52
90 42
91 55
92 53
93 82
94 67
95 57
96 66
97 58
98 58
99 58
100 52
101 60
102 62
103 70
104 57
105 47
106 58
107 55
108 63
109 60
110 68
111 71
112 56
113 66
114 62
115 66
116 72
117 69
118 70
119 80
120 72
121 66
122 69
123 62
124 59
125 74
126 73
127 80
128 74
129 73
130 60
131 69
132 58
133 68
134 57
135 82
136 60
137 68
