0 82
1 88
2 81
3 78
4 77
5 82
6 80
7 79
8 63
9 86
10 88
11 83
12 72
13 77
14 79
15 80
16 69
17 70
18 49
19 72
20 66
21 76
22 71
23 89
24 69
25 72
26 60
27 64
28 71
29 56
30 73
31 74
32 77
33 67
34 78
35 78
36 61
37 79
38 74
39 76
40 70
41 82
42 71
43 64
44 94
45 81
46 77
47 80
48 83
49 75
50 67
51 65
52 79
53 74
54 68
55 70
56 79
57 74
58 85
59 69
60 68
61 69
62 73
63 83
64 82
65 85
66 68
67 95
68 80
69 78
70 82
71 84
72 94
73 79
74 91
75 84
76 94
77 92
78 104
79 92
80 97
81 96
82 86
83 112
84 91
85 79
86 85
87 94
88 96
89 95
90 112
91 98
92 91
93 96
94 98
95 88
96 90
97 93
98 92
99 99
100 78
101 87
102 83
103 82
104 85
105 66
106 89
107 93
108 91
109 94
110 74
111 86
112 78
113 72
114 100
115 85
116 97
117 85
118 100
119 105
120 98
121 94
122 104
123 89
124 100
125 91
126 94
127 98
128 110
129 90
130 102
131 117
132 112
133 108
134 109
135 85
136 95
137 111
138 97
139 90
140 106
141 102
142 91
143 106
144 108
145 77
146 90
147 103
148 106
149 86
150 96
151 96
152 98
