0 43
1 41
2 57
3 45
4 51
5 48
6 43
7 46
8 51
9 48
10 55
11 53
12 50
13 39
14 42
15 41
16 41
17 43
18 48
19 50
20 47
21 39
22 46
23 38
24 41
25 39
26 43
27 36
28 39
29 34
30 42
31 41
32 31
33 38
34 50
35 27
36 42
37 42
38 42
39 35
40 45
41 35
42 48
43 32
44 38
45 51
46 51
47 43
48 48
49 42
50 41
51 38
52 42
53 42
54 37
55 45
56 47
57 50
58 40
59 35
60 35
61 46
62 49
63 45
64 40
65 46
66 35
67 44
68 36
69 52
70 44
71 52
72 59
73 50
74 45
75 45
76 49
77 48
78 56
79 46
80 50
81 52
82 48
83 54
84 56
85 53
86 52
87 51
88 59
89 46
90 47
91 41
92 49
93 55
94 53
95 49
96 42
97 33
98 39
99 42
100 42
101 42
102 46
103 49
104 47
105 47
106 52
107 49
108 51
109 46
110 58
111 58
112 57
113 47
114 55
115 50
116 43
117 54
118 48
119 43
120 48
121 49
122 58
123 50
124 52
125 49
126 36
127 39
128 51
129 47
130 48
131 41
132 40
133 34
134 30
135 35
136 41
137 48
138 47
139 46
140 41
141 44
142 42
143 41
144 42
145 39
146 27
147 40
148 42
149 35
150 35
151 44
152 44
