0 187
1 151
2 177
3 179
4 189
5 162
6 168
7 196
8 165
9 207
10 169
11 196
12 130
13 174
14 157
15 150
16 183
17 177
18 176
19 186
20 200
21 157
22 181
23 178
24 132
25 201
26 125
27 142
28 193
29 169
30 176
31 207
32 148
33 170
34 166
35 141
36 185
37 166
38 216
39 195
40 140
41 199
42 173
43 136
44 134
45 185
46 159
47 161
48 134
49 171
50 158
51 172
52 177
53 193
54 165
55 160
56 184
57 176
58 156
59 154
60 171
61 171
62 146
63 145
64 173
65 185
66 162
67 170
68 178
69 168
70 183
71 177
72 165
73 187
74 155
75 187
76 176
77 149
78 189
79 209
80 196
81 166
82 169
83 172
84 163
85 212
86 165
87 154
88 185
89 114
90 156
91 179
92 164
93 181
94 164
95 203
96 199
97 190
98 161
99 182
100 194
101 193
102 166
103 141
104 156
105 132
106 171
107 171
108 157
109 175
110 173
111 199
112 179
113 165
114 154
115 190
116 207
117 172
118 208
119 155
120 177
121 151
122 173
123 176
124 170
125 187
126 136
127 152
128 196
129 168
130 176
131 207
132 234
133 179
134 169
135 173
136 168
137 186
138 149
139 194
140 123
141 170
142 157
143 161
144 195
145 180
146 144
147 178
148 169
149 164
150 191
151 160
152 155
153 169
154 166
155 172
156 172
157 171
158 214
159 174
160 198
161 194
162 183
163 180
164 126
165 185
166 163
167 171
168 151
169 193
170 150
171 135
172 163
173 174
174 154
175 174
