0 99
1 98
2 104
3 96
4 93
5 97
6 89
7 100
8 108
9 91
10 92
11 107
12 94
13 104
14 110
15 109
16 90
17 109
18 89
19 102
20 104
21 94
22 108
23 106
24 98
25 113
26 106
27 102
28 108
29 104
30 120
31 100
32 104
33 110
34 118
35 101
36 119
37 113
38 109
39 108
40 103
41 108
42 103
43 108
44 103
45 111
46 104
47 107
48 108
49 112
50 113
51 108
52 101
53 112
54 106
55 109
56 113
57 108
58 96
59 104
60 116
61 120
62 114
63 100
64 97
65 96
66 110
67 117
68 109
69 101
70 108
71 114
72 123
73 122
74 106
75 96
76 96
77 129
78 115
79 95
80 117
81 114
82 112
83 121
84 123
85 104
86 121
87 104
88 120
89 121
90 126
91 111
92 107
93 110
94 105
95 120
96 120
97 117
98 115
99 109
100 105
101 112
102 116
103 119
104 104
105 101
106 108
107 111
108 118
109 108
110 113
111 101
112 112
113 117
114 114
115 129
116 115
117 117
118 105
119 123
120 115
121 125
122 108
123 109
124 114
125 109
126 119
127 115
128 103
129 102
130 117
131 110
132 102
133 120
134 120
135 110
136 118
137 117
138 117
139 93
140 104
141 114
142 101
143 114
144 103
145 114
146 128
