0 168
1 3
2 3
3 1
4 1
5 3
6 3
7 2
8 8
9 4
10 4
11 6
12 0
13 6
14 1
15 3
16 2
17 7
18 4
19 5
20 5
21 2
22 2
23 5
24 5
25 3
26 3
27 5
28 6
29 5
30 6
31 7
32 4
33 1
34 6
35 2
36 3
37 1
38 4
39 5
40 4
41 4
42 3
43 7
44 2
45 3
46 1
47 2
48 3
49 2
50 1
51 3
52 2
53 5
54 3
55 2
56 4
57 1
58 4
59 7
60 4
61 3
62 4
63 2
64 3
65 3
66 2
67 2
68 2
69 4
70 3
71 5
72 0
73 6
74 5
75 2
76 4
77 5
78 3
79 3
80 2
81 2
82 2
83 4
84 4
85 3
86 1
87 4
88 4
89 2
90 6
91 2
92 3
93 5
94 4
95 3
96 2
97 3
98 2
99 3
100 2
101 6
102 6
103 3
104 1
105 1
106 0
107 5
108 3
109 2
110 3
111 3
112 5
113 2
114 3
115 3
116 4
117 0
118 6
119 7
120 1
121 0
122 3
123 4
124 1
125 0
126 2
127 4
128 1
129 3
130 1
131 1
132 1
133 2
134 6
135 4
136 4
137 3
138 5
139 9
140 0
141 2
142 4
143 4
144 5
145 3
146 1
147 2
148 3
149 0
150 5
151 3
