0 225
1 229
2 219
3 201
4 242
5 238
6 224
7 227
8 213
9 232
10 220
11 213
12 237
13 227
14 240
15 237
16 234
17 242
18 259
19 238
20 219
21 202
22 194
23 248
24 225
25 215
26 232
27 212
28 214
29 214
30 248
31 231
32 214
33 217
34 219
35 207
36 233
37 204
38 222
39 214
40 197
41 223
42 209
43 234
44 239
45 205
46 226
47 234
48 212
49 230
50 220
51 208
52 226
53 222
54 220
55 225
56 237
57 216
58 240
59 232
60 198
61 205
62 228
63 215
64 193
65 230
66 251
67 224
68 191
69 238
70 256
71 222
72 216
73 200
74 258
75 203
76 215
77 237
78 218
79 231
80 232
81 252
82 236
83 233
84 266
85 227
86 247
87 226
88 228
89 228
90 194
91 214
92 218
93 225
94 201
95 229
96 211
97 234
98 206
99 213
100 186
101 223
102 248
103 244
104 225
105 202
106 208
107 212
108 254
109 222
110 217
111 201
112 208
113 242
114 248
115 203
116 222
117 214
118 244
119 226
120 219
121 224
122 237
123 250
124 201
125 238
126 221
127 235
128 225
129 213
130 235
131 219
132 246
133 205
134 217
135 238
136 211
137 221
138 202
139 229
140 211
141 204
142 230
143 240
144 195
145 223
146 237
147 252
148 238
149 232
150 263
151 228
152 242
153 225
154 218
155 224
156 239
157 225
158 204
159 252
160 236
161 205
