0 66
1 65
2 48
3 58
4 54
5 50
6 45
7 52
8 56
9 57
10 49
11 56
12 47
13 47
14 39
15 48
16 64
17 61
18 50
19 41
20 56
21 48
22 46
23 53
24 43
25 41
26 40
27 42
28 45
29 51
30 50
31 42
32 43
33 43
34 37
35 49
36 39
37 40
38 39
39 39
40 45
41 41
42 41
43 47
44 44
45 37
46 46
47 44
48 51
49 49
50 42
51 42
52 43
53 50
54 52
55 49
56 52
57 56
58 51
59 47
60 47
61 48
62 50
63 48
64 53
65 41
66 50
67 45
68 59
69 50
70 45
71 52
72 54
73 45
74 43
75 43
76 56
77 46
78 44
79 46
80 40
81 40
82 43
83 40
84 44
85 42
86 39
87 42
88 46
89 45
90 40
91 42
92 60
93 53
94 59
95 53
96 49
97 43
98 50
99 46
100 41
101 46
102 47
103 41
104 44
105 39
106 40
107 38
108 40
109 44
110 41
111 41
112 44
113 46
114 48
115 51
116 60
117 45
118 43
119 41
120 44
121 48
122 42
123 43
124 58
125 53
126 44
127 50
128 50
129 42
130 46
131 51
132 47
133 46
134 46
135 41
136 39
137 48
138 47
139 48
140 45
141 48
142 52
143 50
144 46
145 42
146 43
147 40
148 38
