0 39
1 37
2 28
3 42
4 39
5 38
6 48
7 36
8 39
9 42
10 31
11 40
12 35
13 35
14 42
15 36
16 41
17 43
18 42
19 39
20 35
21 35
22 33
23 31
24 32
25 35
26 32
27 35
28 28
29 28
30 38
31 43
32 25
33 30
34 33
35 30
36 35
37 31
38 37
39 31
40 34
41 41
42 40
43 38
44 36
45 39
46 37
47 35
48 36
49 36
50 34
51 36
52 34
53 32
54 31
55 34
56 36
57 36
58 29
59 33
60 38
61 36
62 33
63 43
64 44
65 42
66 36
67 39
68 34
69 30
70 41
71 33
72 42
73 40
74 40
75 32
76 39
77 29
78 38
79 36
80 38
81 32
82 35
83 37
84 40
85 39
86 49
87 33
88 38
89 35
90 37
91 33
92 39
93 39
94 41
95 37
96 37
97 46
98 41
99 36
100 40
101 38
102 35
103 37
104 37
105 39
106 41
107 34
108 43
109 43
110 38
111 49
112 34
113 33
114 33
115 35
116 40
117 45
118 37
119 39
120 40
121 39
122 41
123 41
124 44
125 37
126 41
127 34
128 34
129 38
130 30
131 42
132 41
133 37
134 44
135 38
136 45
137 42
138 34
139 36
140 35
141 31
142 31
143 30
144 36
145 36
146 33
147 42
148 36
149 44
150 38
151 40
152 39
153 42
154 32
155 37
156 34
157 32
158 38
159 38
160 38
161 34
162 37
163 44
164 36
165 40
166 40
167 36
168 37
169 39
170 38
171 39
