0 45
1 47
2 42
3 44
4 40
5 45
6 51
7 46
8 49
9 40
10 47
11 43
12 44
13 44
14 42
15 42
16 42
17 52
18 53
19 51
20 62
21 59
22 52
23 48
24 54
25 48
26 49
27 47
28 54
29 54
30 54
31 60
32 50
33 57
34 48
35 54
36 48
37 47
38 60
39 57
40 46
41 49
42 54
43 49
44 40
45 43
46 46
47 60
48 49
49 58
50 49
51 34
52 44
53 44
54 46
55 52
56 48
57 46
58 45
59 47
60 57
61 51
62 49
63 47
64 49
65 38
66 35
67 42
68 42
69 42
70 40
71 42
72 42
73 51
74 44
75 41
76 39
77 45
78 50
79 45
80 51
81 52
82 47
83 42
84 44
85 47
86 44
87 49
88 51
89 57
90 50
91 52
92 45
93 50
94 48
95 51
96 50
97 57
98 51
99 49
100 50
101 47
102 56
103 51
104 51
105 60
106 50
107 53
108 55
109 43
110 48
111 53
112 49
113 43
114 46
115 41
116 46
117 44
118 50
119 53
120 47
121 54
122 53
123 51
124 54
125 42
126 46
127 63
128 50
129 48
130 49
131 45
132 48
133 46
134 43
135 51
136 45
137 48
138 48
139 45
140 44
141 42
142 47
143 44
144 49
145 40
146 42
147 42
148 36
