0.00 3.14 33.58
1.00 3.14 33.58
2.00 3.14 33.58
3.00 3.14 33.58
4.00 3.14 33.58
5.00 3.14 33.58
6.00 3.14 33.58
7.00 3.14 33.58
8.00 3.14 33.58
9.00 3.14 33.58
10.00 3.14 33.58
11.00 3.14 33.58
12.00 3.14 33.58
13.00 3.14 33.58
14.00 3.14 33.58
15.00 3.14 33.58
16.00 3.14 33.58
17.00 3.14 33.58
18.00 3.14 33.58
19.00 3.14 33.58
20.00 3.14 33.58
21.00 3.14 33.58
22.00 3.14 33.58
23.00 3.14 33.58
24.00 3.14 33.58
25.00 3.14 33.58
26.00 3.14 33.58
27.00 3.14 33.58
28.00 3.14 33.58
29.00 3.14 33.58
30.00 3.14 33.58
31.00 3.14 33.58
32.00 3.14 33.58
33.00 3.14 33.58
34.00 3.14 33.58
35.00 3.14 33.58
36.00 3.14 33.58
37.00 3.14 33.58
38.00 3.14 33.58
39.00 3.14 33.58
40.00 3.14 33.58
41.00 3.14 33.58
42.00 3.14 33.58
43.00 3.14 33.58
44.00 3.14 33.58
45.00 3.14 33.58
46.00 3.14 33.58
47.00 3.14 33.58
48.00 3.14 33.58
49.00 3.14 33.58
50.00 3.14 33.58
51.00 3.14 33.58
52.00 3.14 33.58
53.00 3.14 33.58
54.00 3.14 33.58
55.00 3.14 33.58
56.00 3.14 33.58
57.00 3.14 33.58
58.00 3.14 33.58
59.00 3.14 33.58
60.00 3.14 33.58
61.00 3.14 33.58
62.00 3.14 33.58
63.00 3.14 33.58
64.00 3.14 33.58
65.00 3.14 33.58
66.00 3.14 33.58
67.00 3.14 33.58
68.00 3.14 33.58
69.00 3.14 33.58
70.00 3.14 33.58
71.00 3.14 33.58
72.00 3.14 33.58
73.00 3.14 33.58
74.00 3.14 33.58
75.00 3.14 33.58
76.00 3.14 33.58
77.00 3.14 33.58
78.00 3.14 33.58
79.00 3.14 33.58
80.00 3.14 33.58
81.00 3.14 33.58
82.00 3.14 33.58
83.00 3.14 33.58
84.00 3.14 33.58
85.00 3.14 33.58
86.00 3.14 33.58
87.00 3.14 33.58
88.00 3.14 33.58
89.00 3.14 33.58
90.00 3.14 33.58
91.00 3.14 33.58
92.00 3.14 33.58
93.00 3.14 33.58
94.00 3.14 33.58
95.00 3.14 33.58
96.00 3.14 33.58
97.00 3.14 33.58
98.00 3.14 33.58
99.00 3.14 33.58
100.00 3.14 33.58
101.00 3.14 33.58
102.00 3.14 33.58
103.00 3.14 33.58
104.00 3.14 33.58
105.00 3.14 33.58
106.00 3.14 33.58
107.00 3.14 33.58
108.00 3.14 33.58
109.00 3.14 33.58
110.00 3.14 33.58
111.00 3.14 33.58
112.00 3.14 33.58
113.00 3.14 33.58
114.00 3.14 33.58
115.00 3.14 33.58
116.00 3.14 33.58
117.00 3.14 33.58
118.00 3.14 33.58
119.00 3.14 33.58
120.00 3.14 33.58
121.00 3.14 33.58
122.00 3.14 33.58
123.00 3.14 33.58
124.00 3.14 33.58
125.00 3.14 33.58
126.00 3.14 33.58
127.00 3.14 33.58
128.00 3.14 33.58
129.00 3.14 33.58
130.00 3.14 33.58
131.00 3.14 33.58
132.00 3.14 33.58
133.00 3.14 33.58
134.00 3.14 33.58
135.00 3.14 33.58
136.00 3.14 33.58
137.00 3.14 33.58
138.00 3.14 33.58
139.00 3.14 33.58
140.00 3.14 33.58
141.00 3.14 33.58
142.00 3.14 33.58
143.00 3.14 33.58
144.00 3.14 33.58
145.00 3.14 33.58
146.00 3.14 33.58
147.00 3.14 33.58
148.00 3.14 33.58
149.00 3.14 33.58
150.00 3.14 33.58
151.00 3.14 33.58
152.00 3.14 33.58
153.00 3.14 33.58
154.00 3.14 33.58
155.00 3.14 33.58
156.00 3.14 33.58
157.00 3.14 33.58
158.00 3.14 33.58
159.00 3.14 33.58
160.00 3.14 33.58
161.00 3.14 33.58
162.00 3.14 33.58
163.00 3.14 33.58
164.00 3.14 33.58
165.00 3.14 33.58
166.00 3.14 33.58
167.00 3.14 33.58
168.00 3.14 33.58
169.00 3.14 33.58
170.00 3.14 33.58
171.00 3.14 33.58
172.00 3.14 33.58
173.00 3.14 33.58
174.00 3.14 33.58
175.00 3.14 33.58
176.00 3.14 33.58
177.00 3.14 33.58
178.00 3.14 33.58
179.00 3.14 33.58
180.00 3.14 33.58
181.00 3.14 33.58
182.00 3.14 33.58
183.00 3.14 33.58
184.00 3.14 33.58
185.00 3.14 33.58
186.00 3.14 33.58
187.00 3.14 33.58
188.00 3.14 33.58
189.00 3.14 33.58
190.00 3.14 33.58
191.00 3.14 33.58
192.00 3.14 33.58
193.00 3.14 33.58
194.00 3.14 33.58
195.00 3.14 33.58
196.00 3.14 33.58
197.00 3.14 33.58
198.00 3.14 33.58
199.00 3.14 33.58
200.00 3.14 33.58
201.00 3.14 33.58
202.00 3.14 33.58
203.00 3.14 33.58
204.00 3.14 33.58
205.00 3.14 33.58
206.00 3.14 33.58
207.00 3.14 33.58
208.00 3.14 33.58
209.00 3.14 33.58
210.00 3.14 33.58
211.00 3.14 33.58
212.00 3.14 33.58
213.00 3.14 33.58
214.00 3.14 33.58
215.00 3.14 33.58
216.00 3.14 33.58
217.00 3.14 33.58
218.00 3.14 33.58
219.00 3.14 33.58
220.00 3.14 33.58
221.00 3.14 33.58
222.00 3.14 33.58
223.00 3.14 33.58
224.00 3.14 33.58
225.00 3.14 33.58
226.00 3.14 33.58
227.00 3.14 33.58
228.00 3.14 33.58
229.00 3.14 33.58
230.00 3.14 33.58
231.00 3.14 33.58
232.00 3.14 33.58
233.00 3.14 33.58
234.00 3.14 33.58
235.00 3.14 33.58
236.00 3.14 33.58
237.00 3.14 33.58
238.00 3.14 33.58
239.00 3.14 33.58
240.00 3.14 33.58
241.00 3.14 33.58
242.00 3.14 33.58
243.00 3.14 33.58
244.00 3.14 33.58
245.00 3.14 33.58
246.00 3.14 33.58
247.00 3.14 33.58
248.00 3.14 33.58
249.00 3.14 33.58
250.00 3.14 33.58
251.00 3.14 33.58
252.00 3.14 33.58
253.00 3.14 33.58
254.00 3.14 33.58
255.00 3.14 33.58
256.00 3.14 33.58
257.00 3.14 33.58
258.00 3.14 33.58
259.00 3.14 33.58
260.00 3.14 33.58
261.00 3.14 33.58
262.00 3.14 33.58
263.00 3.14 33.58
264.00 3.14 33.58
265.00 3.14 33.58
266.00 3.14 33.58
267.00 3.14 33.58
268.00 3.14 33.58
269.00 3.14 33.58
270.00 3.14 33.58
271.00 3.14 33.58
272.00 3.14 33.58
273.00 3.14 33.58
274.00 3.14 33.58
275.00 3.14 33.58
276.00 3.14 33.58
277.00 3.14 33.58
278.00 3.14 33.58
279.00 3.14 33.58
280.00 3.14 33.58
281.00 3.14 33.58
282.00 3.14 33.58
283.00 3.14 33.58
284.00 3.14 33.58
285.00 3.14 33.58
286.00 3.14 33.58
287.00 3.14 33.58
288.00 3.14 33.58
289.00 3.14 33.58
290.00 3.14 33.58
291.00 3.14 33.58
292.00 3.14 33.58
293.00 3.14 33.58
294.00 3.14 33.58
295.00 3.14 33.58
296.00 3.14 33.58
297.00 3.14 33.58
298.00 3.14 33.58
299.00 3.14 33.58
300.00 3.14 33.58
301.00 3.14 33.58
302.00 3.14 33.58
303.00 3.14 33.58
304.00 3.14 33.58
305.00 3.14 33.58
306.00 3.14 33.58
307.00 3.14 33.58
308.00 3.14 33.58
309.00 3.14 33.58
310.00 3.14 33.58
311.00 3.14 33.58
312.00 3.14 33.58
313.00 3.14 33.58
314.00 3.14 33.58
315.00 3.14 33.58
316.00 3.14 33.58
317.00 3.14 33.58
318.00 3.14 33.58
319.00 3.14 33.58
320.00 3.14 33.58
321.00 3.14 33.58
322.00 3.14 33.58
323.00 3.14 33.58
324.00 3.14 33.58
325.00 3.14 33.58
326.00 3.14 33.58
327.00 3.14 33.58
328.00 3.14 33.58
329.00 3.14 33.58
330.00 3.14 33.58
331.00 3.14 33.58
332.00 3.14 33.58
333.00 3.14 33.58
334.00 3.14 33.58
335.00 3.14 33.58
336.00 3.14 33.58
337.00 3.14 33.58
338.00 3.14 33.58
339.00 3.14 33.58
340.00 3.14 33.58
341.00 3.14 33.58
342.00 3.14 33.58
343.00 3.14 33.58
344.00 3.14 33.58
345.00 3.14 33.58
346.00 3.14 33.58
347.00 3.14 33.58
348.00 3.14 33.58
349.00 3.14 33.58
350.00 3.14 33.58
351.00 3.14 33.58
352.00 3.14 33.58
353.00 3.14 33.58
354.00 3.14 33.58
355.00 3.14 33.58
356.00 3.14 33.58
357.00 3.14 33.58
358.00 3.14 33.58
359.00 3.14 33.58
360.00 3.14 33.58
361.00 3.14 33.58
362.00 3.14 33.58
363.00 3.14 33.58
364.00 3.14 33.58
365.00 3.14 33.58
366.00 3.14 33.58
367.00 3.14 33.58
368.00 3.14 33.58
369.00 3.14 33.58
370.00 3.14 33.58
371.00 3.14 33.58
372.00 3.14 33.58
373.00 3.14 33.58
374.00 3.14 33.58
375.00 3.14 33.58
376.00 3.14 33.58
377.00 3.14 33.58
378.00 3.14 33.58
379.00 3.14 33.58
380.00 3.14 33.58
381.00 3.14 33.58
382.00 3.14 33.58
383.00 3.14 33.58
384.00 3.14 33.58
385.00 3.14 33.58
386.00 3.14 33.58
387.00 3.14 33.58
388.00 3.14 33.58
389.00 3.14 33.58
390.00 3.14 33.58
391.00 3.14 33.58
392.00 3.14 33.58
393.00 3.14 33.58
394.00 3.14 33.58
395.00 3.14 33.58
396.00 3.14 33.58
397.00 3.14 33.58
398.00 3.14 33.58
399.00 3.14 33.58
400.00 3.14 33.58
401.00 3.12 33.58
402.00 3.11 33.55
403.00 3.10 33.49
404.00 3.08 33.44
405.00 3.06 33.41
406.00 3.04 33.36
407.00 3.05 33.37
408.00 3.05 33.31
409.00 3.05 33.22
410.00 3.05 33.11
411.00 3.02 33.04
412.00 3.01 32.98
413.00 3.00 32.96
414.00 2.98 33.02
415.00 2.95 32.95
416.00 2.93 32.97
417.00 2.93 32.92
418.00 2.95 32.94
419.00 2.96 32.93
420.00 2.95 32.96
421.00 2.94 33.04
422.00 2.94 32.95
423.00 2.95 32.93
424.00 2.97 32.77
425.00 2.97 32.71
426.00 2.98 32.75
427.00 2.98 32.76
428.00 3.00 32.72
429.00 3.02 32.73
430.00 3.02 32.76
431.00 3.02 32.81
432.00 3.02 32.79
433.00 3.02 32.84
434.00 3.04 32.94
435.00 3.04 32.86
436.00 3.05 32.85
437.00 3.06 32.85
438.00 3.05 32.84
439.00 3.04 32.84
440.00 3.05 32.81
441.00 3.05 32.77
442.00 3.03 32.80
443.00 3.02 32.81
444.00 3.01 32.81
445.00 3.01 32.82
446.00 3.00 32.78
447.00 3.01 32.74
448.00 3.00 32.72
449.00 2.99 32.61
450.00 2.99 32.62
451.00 3.01 32.58
452.00 3.03 32.67
453.00 3.04 32.72
454.00 3.05 32.73
455.00 3.05 32.71
456.00 3.06 32.62
457.00 3.05 32.51
458.00 3.04 32.46
459.00 3.04 32.42
460.00 3.02 32.40
461.00 3.01 32.27
462.00 3.00 32.31
463.00 3.01 32.30
464.00 3.03 32.35
465.00 3.05 32.35
466.00 3.03 32.35
467.00 3.03 32.29
468.00 3.02 32.21
469.00 3.02 32.13
470.00 3.02 32.05
471.00 3.00 32.08
472.00 2.97 32.09
473.00 2.95 32.09
474.00 2.95 32.06
475.00 2.94 32.04
476.00 2.93 32.11
477.00 2.91 32.19
478.00 2.89 32.29
479.00 2.90 32.35
480.00 2.89 32.43
481.00 2.90 32.36
482.00 2.91 32.34
483.00 2.93 32.34
484.00 2.92 32.29
485.00 2.92 32.31
486.00 2.92 32.23
487.00 2.91 32.28
488.00 2.91 32.26
489.00 2.91 32.28
490.00 2.90 32.34
491.00 2.90 32.32
492.00 2.91 32.34
493.00 2.89 32.31
494.00 2.88 32.31
495.00 2.89 32.31
496.00 2.91 32.32
497.00 2.92 32.29
498.00 2.94 32.23
499.00 2.95 32.28
500.00 2.96 32.25
501.00 2.95 32.27
502.00 2.97 32.23
503.00 2.98 32.21
504.00 2.98 32.25
505.00 2.98 32.28
506.00 2.99 32.30
507.00 3.00 32.26
508.00 2.99 32.34
509.00 2.98 32.35
510.00 2.97 32.32
511.00 2.97 32.32
512.00 2.96 32.40
513.00 2.93 32.39
514.00 2.92 32.37
515.00 2.91 32.30
516.00 2.90 32.31
517.00 2.90 32.27
518.00 2.89 32.25
519.00 2.89 32.31
520.00 2.88 32.39
521.00 2.88 32.54
522.00 2.88 32.58
523.00 2.88 32.59
524.00 2.87 32.58
525.00 2.85 32.61
526.00 2.84 32.51
527.00 2.84 32.41
528.00 2.82 32.34
529.00 2.81 32.33
530.00 2.83 32.38
531.00 2.85 32.44
532.00 2.89 32.39
533.00 2.92 32.38
534.00 2.95 32.36
535.00 2.96 32.36
536.00 2.99 32.33
537.00 3.01 32.32
538.00 3.01 32.35
539.00 3.01 32.35
540.00 3.01 32.34
541.00 3.02 32.31
542.00 3.02 32.34
543.00 3.02 32.35
544.00 3.00 32.42
545.00 2.99 32.44
546.00 2.97 32.38
547.00 2.94 32.36
548.00 2.90 32.30
549.00 2.87 32.21
550.00 2.83 32.14
551.00 2.80 32.06
552.00 2.76 32.01
553.00 2.74 31.94
554.00 2.73 31.92
555.00 2.72 31.84
556.00 2.72 31.76
557.00 2.70 31.70
558.00 2.72 31.60
559.00 2.73 31.59
560.00 2.75 31.56
561.00 2.79 31.60
562.00 2.81 31.57
563.00 2.82 31.55
564.00 2.83 31.50
565.00 2.82 31.48
566.00 2.80 31.33
567.00 2.79 31.30
568.00 2.80 31.27
569.00 2.80 31.28
570.00 2.80 31.27
571.00 2.80 31.37
572.00 2.78 31.34
573.00 2.78 31.29
574.00 2.78 31.25
575.00 2.79 31.21
576.00 2.78 31.18
577.00 2.78 31.20
578.00 2.77 31.14
579.00 2.74 31.02
580.00 2.70 30.97
581.00 2.69 30.96
582.00 2.69 30.95
583.00 2.69 30.95
584.00 2.70 30.91
585.00 2.70 30.94
586.00 2.71 30.91
587.00 2.71 30.93
588.00 2.70 30.92
589.00 2.70 30.87
590.00 2.71 30.87
591.00 2.73 30.88
592.00 2.72 30.92
593.00 2.73 30.92
594.00 2.71 30.85
595.00 2.69 30.73
596.00 2.68 30.78
597.00 2.67 30.74
598.00 2.67 30.74
599.00 2.70 30.87
600.00 2.74 30.90
601.00 2.77 31.00
602.00 2.79 31.14
603.00 2.81 31.20
604.00 2.82 31.18
605.00 2.82 31.19
606.00 2.83 31.22
607.00 2.84 31.24
608.00 2.85 31.22
609.00 2.86 31.23
610.00 2.86 31.25
611.00 2.83 31.18
612.00 2.82 31.16
613.00 2.83 31.14
614.00 2.83 31.05
615.00 2.82 31.08
616.00 2.82 31.11
617.00 2.79 31.15
618.00 2.80 31.17
619.00 2.78 31.15
620.00 2.79 30.98
621.00 2.80 30.95
622.00 2.81 30.93
623.00 2.79 30.94
624.00 2.79 30.87
625.00 2.79 30.89
626.00 2.79 30.85
627.00 2.78 30.78
628.00 2.78 30.71
629.00 2.78 30.68
630.00 2.78 30.69
631.00 2.77 30.70
632.00 2.76 30.71
633.00 2.75 30.71
634.00 2.77 30.73
635.00 2.75 30.84
636.00 2.73 30.81
637.00 2.74 30.85
638.00 2.74 30.84
639.00 2.75 30.83
640.00 2.75 30.79
641.00 2.75 30.78
642.00 2.74 30.72
643.00 2.74 30.72
644.00 2.74 30.77
645.00 2.77 30.76
646.00 2.79 30.82
647.00 2.81 30.87
648.00 2.83 30.86
649.00 2.85 30.86
650.00 2.89 30.93
651.00 2.94 30.87
652.00 2.98 30.92
653.00 3.00 30.95
654.00 3.01 31.02
655.00 3.03 31.00
656.00 3.04 30.94
657.00 3.05 30.91
658.00 3.07 30.93
659.00 3.08 30.89
660.00 3.11 30.86
661.00 3.13 30.83
662.00 3.12 30.82
663.00 3.11 30.77
664.00 3.08 30.75
665.00 3.05 30.68
666.00 3.02 30.73
667.00 3.04 30.65
668.00 3.03 30.66
669.00 3.02 30.58
670.00 2.99 30.56
671.00 2.97 30.53
672.00 2.95 30.45
673.00 2.95 30.37
674.00 2.96 30.36
675.00 2.93 30.28
676.00 2.93 30.23
677.00 2.92 30.23
678.00 2.91 30.26
679.00 2.92 30.35
680.00 2.92 30.31
681.00 2.91 30.23
682.00 2.89 30.26
683.00 2.90 30.29
684.00 2.90 30.37
685.00 2.91 30.37
686.00 2.91 30.40
687.00 2.88 30.36
688.00 2.86 30.34
689.00 2.86 30.40
690.00 2.87 30.39
691.00 2.89 30.34
692.00 2.91 30.35
693.00 2.92 30.39
694.00 2.91 30.44
695.00 2.88 30.43
696.00 2.87 30.45
697.00 2.85 30.38
698.00 2.83 30.43
699.00 2.82 30.42
700.00 2.80 30.37
701.00 2.80 30.33
702.00 2.80 30.24
703.00 2.79 30.24
704.00 2.79 30.13
705.00 2.80 30.15
706.00 2.81 30.10
707.00 2.79 30.09
708.00 2.79 30.13
709.00 2.78 30.17
710.00 2.77 30.21
711.00 2.75 30.22
712.00 2.76 30.21
713.00 2.76 30.28
714.00 2.77 30.37
715.00 2.78 30.40
716.00 2.78 30.41
717.00 2.79 30.45
718.00 2.78 30.50
719.00 2.77 30.56
720.00 2.75 30.62
721.00 2.73 30.62
722.00 2.73 30.60
723.00 2.73 30.71
724.00 2.73 30.70
725.00 2.72 30.68
726.00 2.75 30.61
727.00 2.78 30.62
728.00 2.80 30.61
729.00 2.82 30.61
730.00 2.84 30.62
731.00 2.87 30.56
732.00 2.86 30.56
733.00 2.87 30.51
734.00 2.87 30.49
735.00 2.86 30.45
736.00 2.88 30.47
737.00 2.91 30.52
738.00 2.95 30.46
739.00 2.97 30.52
740.00 2.97 30.60
741.00 2.99 30.65
742.00 3.01 30.75
743.00 3.02 30.76
744.00 3.03 30.68
745.00 3.02 30.67
746.00 3.01 30.70
747.00 3.01 30.66
748.00 3.01 30.59
749.00 3.03 30.69
750.00 3.03 30.72
751.00 3.02 30.64
752.00 3.01 30.70
753.00 3.02 30.75
754.00 3.02 30.65
755.00 3.01 30.65
756.00 3.01 30.68
757.00 3.00 30.59
758.00 2.99 30.75
759.00 2.98 30.79
760.00 2.97 30.88
761.00 2.96 30.93
762.00 2.94 31.00
763.00 2.95 30.99
764.00 2.96 30.96
765.00 2.97 30.92
766.00 2.98 30.97
767.00 2.97 31.01
768.00 2.94 31.07
769.00 2.94 31.09
770.00 2.95 31.16
771.00 2.94 31.27
772.00 2.94 31.23
773.00 2.93 31.18
774.00 2.93 31.16
775.00 2.92 31.17
776.00 2.91 31.19
777.00 2.93 31.20
778.00 2.93 31.30
779.00 2.95 31.33
780.00 2.93 31.39
781.00 2.93 31.37
782.00 2.93 31.37
783.00 2.93 31.27
784.00 2.96 31.24
785.00 2.97 31.24
786.00 2.97 31.27
787.00 2.96 31.23
788.00 2.96 31.21
789.00 2.95 31.22
790.00 2.96 31.17
791.00 2.94 31.12
792.00 2.92 31.15
793.00 2.91 31.14
794.00 2.93 31.20
795.00 2.95 31.23
796.00 2.98 31.22
797.00 2.97 31.18
798.00 2.95 31.13
799.00 2.96 31.17
800.00 2.96 31.16
801.00 2.95 31.25
802.00 2.94 31.26
803.00 2.93 31.18
804.00 2.93 31.16
805.00 2.92 31.20
806.00 2.91 31.19
807.00 2.91 31.16
808.00 2.91 31.14
809.00 2.90 31.09
810.00 2.91 31.07
811.00 2.90 31.13
812.00 2.91 31.09
813.00 2.91 31.09
814.00 2.90 31.07
815.00 2.89 31.08
816.00 2.87 31.04
817.00 2.83 30.94
818.00 2.81 30.80
819.00 2.82 30.75
820.00 2.82 30.77
821.00 2.83 30.81
822.00 2.85 30.78
823.00 2.86 30.74
824.00 2.85 30.74
825.00 2.86 30.68
826.00 2.87 30.67
827.00 2.87 30.59
828.00 2.88 30.52
829.00 2.88 30.48
830.00 2.87 30.39
831.00 2.85 30.34
832.00 2.84 30.29
833.00 2.84 30.22
834.00 2.83 30.22
835.00 2.81 30.19
836.00 2.77 30.18
837.00 2.74 30.14
838.00 2.72 30.06
839.00 2.72 29.95
840.00 2.71 29.90
841.00 2.69 29.89
842.00 2.69 29.77
843.00 2.65 29.75
844.00 2.65 29.81
845.00 2.65 29.85
846.00 2.65 29.86
847.00 2.67 29.80
848.00 2.68 29.82
849.00 2.68 29.86
850.00 2.68 29.78
851.00 2.67 29.76
852.00 2.67 29.73
853.00 2.63 29.71
854.00 2.63 29.71
855.00 2.61 29.71
856.00 2.57 29.70
857.00 2.54 29.59
858.00 2.53 29.57
859.00 2.53 29.59
860.00 2.50 29.63
861.00 2.51 29.66
862.00 2.52 29.67
863.00 2.53 29.60
864.00 2.53 29.60
865.00 2.53 29.61
866.00 2.55 29.64
867.00 2.58 29.68
868.00 2.60 29.72
869.00 2.61 29.73
870.00 2.61 29.72
871.00 2.62 29.75
872.00 2.66 29.73
873.00 2.68 29.69
874.00 2.70 29.67
875.00 2.68 29.75
876.00 2.66 29.67
877.00 2.64 29.62
878.00 2.62 29.61
879.00 2.60 29.55
880.00 2.58 29.41
881.00 2.56 29.41
882.00 2.53 29.36
883.00 2.53 29.32
884.00 2.53 29.30
885.00 2.52 29.28
886.00 2.50 29.26
887.00 2.48 29.19
888.00 2.45 29.22
889.00 2.47 29.20
890.00 2.47 29.24
891.00 2.50 29.22
892.00 2.49 29.23
893.00 2.51 29.28
894.00 2.53 29.35
895.00 2.55 29.37
896.00 2.56 29.41
897.00 2.56 29.39
898.00 2.55 29.31
899.00 2.52 29.23
900.00 2.50 29.17
901.00 2.48 29.07
902.00 2.46 29.06
903.00 2.44 29.11
904.00 2.42 29.19
905.00 2.43 29.21
906.00 2.43 29.27
907.00 2.44 29.24
908.00 2.44 29.26
909.00 2.43 29.22
910.00 2.44 29.16
911.00 2.42 29.05
912.00 2.41 29.05
913.00 2.38 29.06
914.00 2.38 28.98
915.00 2.39 28.89
916.00 2.40 28.82
917.00 2.40 28.74
918.00 2.39 28.65
919.00 2.36 28.56
920.00 2.34 28.40
921.00 2.31 28.29
922.00 2.27 28.25
923.00 2.24 28.25
924.00 2.21 28.17
925.00 2.18 28.11
926.00 2.15 28.07
927.00 2.11 27.97
928.00 2.11 27.85
929.00 2.11 27.79
930.00 2.10 27.73
931.00 2.09 27.73
932.00 2.07 27.67
933.00 2.05 27.63
934.00 2.03 27.61
935.00 2.03 27.60
936.00 2.02 27.59
937.00 2.03 27.56
938.00 2.03 27.53
939.00 2.03 27.48
940.00 2.04 27.45
941.00 2.04 27.50
942.00 2.05 27.45
943.00 2.05 27.37
944.00 2.04 27.39
945.00 2.02 27.37
946.00 2.02 27.42
947.00 2.00 27.41
948.00 2.01 27.42
949.00 2.03 27.37
950.00 2.03 27.31
951.00 2.01 27.37
952.00 2.03 27.39
953.00 2.02 27.41
954.00 2.00 27.43
955.00 2.00 27.44
956.00 2.01 27.57
957.00 2.00 27.57
958.00 2.00 27.63
959.00 1.98 27.72
960.00 1.94 27.71
961.00 1.92 27.71
962.00 1.92 27.63
963.00 1.94 27.62
964.00 1.93 27.64
965.00 1.92 27.59
966.00 1.91 27.57
967.00 1.91 27.47
968.00 1.93 27.49
969.00 1.95 27.45
970.00 1.95 27.40
971.00 1.94 27.41
972.00 1.92 27.35
973.00 1.92 27.22
974.00 1.92 27.19
975.00 1.93 27.07
976.00 1.94 27.06
977.00 1.96 27.06
978.00 1.97 27.05
979.00 1.99 27.10
980.00 2.00 27.02
981.00 1.99 27.05
982.00 1.99 27.06
983.00 1.98 27.06
984.00 1.97 27.02
985.00 1.96 26.99
986.00 1.94 26.97
987.00 1.92 26.89
988.00 1.93 26.87
989.00 1.91 26.77
990.00 1.94 26.78
991.00 1.94 26.81
992.00 1.95 26.86
993.00 1.95 26.83
994.00 1.95 26.76
995.00 1.93 26.79
996.00 1.94 26.76
997.00 1.93 26.70
998.00 1.94 26.63
999.00 1.92 26.66
1000.00 1.93 26.66
1001.00 1.92 26.63
1002.00 1.91 26.69
1003.00 1.92 26.66
1004.00 1.92 26.74
1005.00 1.91 26.70
1006.00 1.89 26.69
1007.00 1.87 26.65
1008.00 1.86 26.68
1009.00 1.87 26.64
1010.00 1.87 26.57
1011.00 1.85 26.58
1012.00 1.85 26.66
1013.00 1.85 26.65
1014.00 1.84 26.72
1015.00 1.85 26.68
1016.00 1.84 26.62
1017.00 1.84 26.56
1018.00 1.83 26.52
1019.00 1.83 26.46
1020.00 1.81 26.40
1021.00 1.81 26.40
1022.00 1.80 26.32
1023.00 1.81 26.30
1024.00 1.82 26.34
1025.00 1.81 26.24
1026.00 1.81 26.16
1027.00 1.82 26.17
1028.00 1.81 26.14
1029.00 1.82 26.12
1030.00 1.80 26.04
1031.00 1.80 26.07
1032.00 1.79 26.08
1033.00 1.81 26.07
1034.00 1.80 26.09
1035.00 1.79 26.12
1036.00 1.79 26.14
1037.00 1.79 26.12
1038.00 1.81 26.15
1039.00 1.81 26.11
1040.00 1.79 26.03
1041.00 1.78 26.06
1042.00 1.77 26.07
1043.00 1.77 25.99
1044.00 1.78 25.99
1045.00 1.78 26.01
1046.00 1.76 25.93
1047.00 1.76 25.83
1048.00 1.77 25.84
1049.00 1.77 25.81
1050.00 1.79 25.90
1051.00 1.76 25.98
1052.00 1.77 25.94
1053.00 1.77 25.92
1054.00 1.79 25.90
1055.00 1.79 25.89
1056.00 1.80 25.87
1057.00 1.82 25.90
1058.00 1.81 25.88
1059.00 1.82 25.85
1060.00 1.81 25.81
1061.00 1.82 25.77
1062.00 1.82 25.78
1063.00 1.82 25.79
1064.00 1.81 25.71
1065.00 1.79 25.73
1066.00 1.80 25.69
1067.00 1.79 25.58
1068.00 1.77 25.57
1069.00 1.75 25.46
1070.00 1.73 25.41
1071.00 1.74 25.38
1072.00 1.73 25.37
1073.00 1.75 25.34
1074.00 1.73 25.38
1075.00 1.72 25.39
1076.00 1.72 25.40
1077.00 1.73 25.44
1078.00 1.74 25.41
1079.00 1.72 25.42
1080.00 1.73 25.43
1081.00 1.73 25.42
1082.00 1.72 25.37
1083.00 1.72 25.39
1084.00 1.71 25.37
1085.00 1.72 25.38
1086.00 1.70 25.38
1087.00 1.71 25.41
1088.00 1.72 25.44
1089.00 1.73 25.44
1090.00 1.75 25.45
1091.00 1.75 25.53
1092.00 1.77 25.60
1093.00 1.81 25.63
1094.00 1.81 25.62
1095.00 1.82 25.66
1096.00 1.82 25.66
1097.00 1.82 25.64
1098.00 1.81 25.70
1099.00 1.83 25.66
1100.00 1.83 25.71
1101.00 1.85 25.65
1102.00 1.85 25.70
1103.00 1.88 25.76
1104.00 1.90 25.82
1105.00 1.91 25.85
1106.00 1.90 25.81
1107.00 1.90 25.82
1108.00 1.88 25.86
1109.00 1.87 25.73
1110.00 1.85 25.72
1111.00 1.86 25.61
1112.00 1.86 25.53
1113.00 1.86 25.51
1114.00 1.88 25.47
1115.00 1.89 25.51
1116.00 1.91 25.52
1117.00 1.91 25.52
1118.00 1.92 25.48
1119.00 1.93 25.47
1120.00 1.92 25.48
1121.00 1.93 25.40
1122.00 1.93 25.52
1123.00 1.93 25.49
1124.00 1.91 25.45
1125.00 1.90 25.46
1126.00 1.89 25.44
1127.00 1.88 25.38
1128.00 1.84 25.31
1129.00 1.84 25.38
1130.00 1.84 25.34
1131.00 1.84 25.28
1132.00 1.83 25.26
1133.00 1.84 25.23
1134.00 1.85 25.29
1135.00 1.84 25.28
1136.00 1.84 25.33
1137.00 1.82 25.33
1138.00 1.83 25.31
1139.00 1.85 25.26
1140.00 1.87 25.21
1141.00 1.88 25.21
1142.00 1.89 25.25
1143.00 1.87 25.27
1144.00 1.88 25.24
1145.00 1.88 25.24
1146.00 1.90 25.18
1147.00 1.89 25.18
1148.00 1.91 25.21
1149.00 1.90 25.25
1150.00 1.93 25.23
1151.00 1.92 25.26
1152.00 1.92 25.35
1153.00 1.93 25.27
1154.00 1.92 25.22
1155.00 1.90 25.23
1156.00 1.90 25.22
1157.00 1.91 25.21
1158.00 1.93 25.12
1159.00 1.94 25.09
1160.00 1.92 25.08
1161.00 1.90 25.01
1162.00 1.89 25.01
1163.00 1.90 24.92
1164.00 1.90 24.96
1165.00 1.88 24.92
1166.00 1.88 24.85
1167.00 1.88 24.78
1168.00 1.89 24.74
1169.00 1.89 24.72
1170.00 1.89 24.60
1171.00 1.90 24.58
1172.00 1.90 24.49
1173.00 1.90 24.46
1174.00 1.90 24.38
1175.00 1.91 24.38
1176.00 1.90 24.28
1177.00 1.89 24.32
1178.00 1.87 24.32
1179.00 1.87 24.29
1180.00 1.88 24.27
1181.00 1.87 24.30
1182.00 1.89 24.30
1183.00 1.87 24.28
1184.00 1.89 24.23
1185.00 1.91 24.19
1186.00 1.89 24.19
1187.00 1.88 24.11
1188.00 1.87 24.15
1189.00 1.86 24.16
1190.00 1.85 24.17
1191.00 1.86 24.19
1192.00 1.84 24.22
1193.00 1.83 24.22
1194.00 1.82 24.23
1195.00 1.82 24.21
1196.00 1.82 24.12
1197.00 1.81 24.14
1198.00 1.81 24.14
1199.00 1.80 24.15
1200.00 1.81 24.09
1201.00 1.80 24.08
1202.00 1.81 24.10
1203.00 1.82 24.09
1204.00 1.81 24.08
1205.00 1.82 24.07
1206.00 1.82 24.06
1207.00 1.80 24.07
1208.00 1.78 24.08
1209.00 1.80 24.06
1210.00 1.80 24.04
1211.00 1.80 23.99
1212.00 1.81 23.92
1213.00 1.84 23.86
1214.00 1.85 23.87
1215.00 1.86 23.81
1216.00 1.86 23.83
1217.00 1.87 23.86
1218.00 1.86 23.92
1219.00 1.86 23.88
1220.00 1.88 23.83
1221.00 1.86 23.83
1222.00 1.88 23.77
1223.00 1.88 23.76
1224.00 1.88 23.65
1225.00 1.88 23.70
1226.00 1.89 23.68
1227.00 1.91 23.60
1228.00 1.90 23.61
1229.00 1.89 23.65
1230.00 1.89 23.63
1231.00 1.89 23.55
1232.00 1.90 23.47
1233.00 1.90 23.49
1234.00 1.91 23.54
1235.00 1.91 23.58
1236.00 1.91 23.63
1237.00 1.91 23.61
1238.00 1.91 23.68
1239.00 1.92 23.68
1240.00 1.90 23.63
1241.00 1.91 23.65
1242.00 1.91 23.59
1243.00 1.91 23.57
1244.00 1.91 23.62
1245.00 1.91 23.62
1246.00 1.92 23.62
1247.00 1.92 23.59
1248.00 1.90 23.57
1249.00 1.92 23.55
1250.00 1.95 23.54
1251.00 1.97 23.57
1252.00 1.97 23.51
1253.00 1.96 23.59
1254.00 1.97 23.51
1255.00 1.98 23.47
1256.00 1.98 23.36
1257.00 1.96 23.33
1258.00 1.95 23.28
1259.00 1.95 23.32
1260.00 1.96 23.24
1261.00 1.96 23.17
1262.00 1.97 23.16
1263.00 1.98 23.12
1264.00 1.98 23.12
1265.00 1.99 23.17
1266.00 2.00 23.21
1267.00 2.01 23.21
1268.00 2.02 23.19
1269.00 2.01 23.16
1270.00 2.01 23.19
1271.00 2.00 23.09
1272.00 1.99 23.09
1273.00 2.00 23.02
1274.00 1.98 22.97
1275.00 1.99 22.92
1276.00 1.98 22.90
1277.00 1.98 22.93
1278.00 1.97 22.94
1279.00 1.96 22.94
1280.00 1.96 22.95
1281.00 1.96 23.00
1282.00 1.94 23.04
1283.00 1.95 23.01
1284.00 1.93 22.95
1285.00 1.93 22.94
1286.00 1.92 23.02
1287.00 1.92 23.04
1288.00 1.91 23.04
1289.00 1.91 23.02
1290.00 1.91 23.07
1291.00 1.90 23.15
1292.00 1.88 23.18
1293.00 1.87 23.21
1294.00 1.86 23.20
1295.00 1.87 23.25
1296.00 1.89 23.23
1297.00 1.89 23.25
1298.00 1.91 23.24
1299.00 1.89 23.19
1300.00 1.88 23.13
1301.00 1.87 23.15
1302.00 1.86 23.17
1303.00 1.88 23.10
1304.00 1.87 23.14
1305.00 1.88 23.15
1306.00 1.88 23.19
1307.00 1.92 23.18
1308.00 1.92 23.25
1309.00 1.94 23.24
1310.00 1.94 23.20
1311.00 1.95 23.22
1312.00 1.95 23.12
1313.00 1.95 23.07
1314.00 1.92 23.05
1315.00 1.94 23.03
1316.00 1.93 23.10
1317.00 1.95 23.01
1318.00 1.94 23.06
1319.00 1.94 23.01
1320.00 1.91 23.04
1321.00 1.89 22.97
1322.00 1.89 22.97
1323.00 1.88 22.91
1324.00 1.88 22.85
1325.00 1.86 22.77
1326.00 1.86 22.70
1327.00 1.86 22.65
1328.00 1.88 22.68
1329.00 1.88 22.71
1330.00 1.88 22.72
1331.00 1.88 22.69
1332.00 1.86 22.68
1333.00 1.85 22.75
1334.00 1.82 22.75
1335.00 1.81 22.74
1336.00 1.78 22.75
1337.00 1.78 22.81
1338.00 1.76 22.87
1339.00 1.73 22.84
1340.00 1.73 22.87
1341.00 1.71 22.90
1342.00 1.72 22.88
1343.00 1.70 22.89
1344.00 1.72 22.91
1345.00 1.71 22.88
1346.00 1.69 22.86
1347.00 1.68 22.84
1348.00 1.67 22.85
1349.00 1.68 22.79
1350.00 1.69 22.78
1351.00 1.73 22.70
1352.00 1.74 22.72
1353.00 1.76 22.70
1354.00 1.75 22.67
1355.00 1.77 22.70
1356.00 1.76 22.68
1357.00 1.76 22.64
1358.00 1.74 22.65
1359.00 1.75 22.66
1360.00 1.76 22.73
1361.00 1.77 22.75
1362.00 1.78 22.76
1363.00 1.76 22.70
1364.00 1.74 22.67
1365.00 1.75 22.64
1366.00 1.76 22.64
1367.00 1.76 22.63
1368.00 1.74 22.59
1369.00 1.73 22.55
1370.00 1.73 22.55
1371.00 1.72 22.52
1372.00 1.73 22.48
1373.00 1.72 22.40
1374.00 1.72 22.39
1375.00 1.72 22.37
1376.00 1.73 22.31
1377.00 1.73 22.28
1378.00 1.75 22.27
1379.00 1.76 22.15
1380.00 1.78 22.15
1381.00 1.77 22.11
1382.00 1.79 22.14
1383.00 1.81 22.17
1384.00 1.82 22.17
1385.00 1.84 22.10
1386.00 1.83 22.12
1387.00 1.85 22.10
1388.00 1.85 22.13
1389.00 1.87 22.11
1390.00 1.86 22.15
1391.00 1.88 22.18
1392.00 1.86 22.25
1393.00 1.88 22.26
1394.00 1.88 22.32
1395.00 1.88 22.31
1396.00 1.87 22.35
1397.00 1.87 22.32
1398.00 1.87 22.32
1399.00 1.88 22.25
1400.00 1.89 22.19
1401.00 1.90 22.16
1402.00 1.91 22.15
1403.00 1.87 22.16
1404.00 1.86 22.17
1405.00 1.85 22.22
1406.00 1.85 22.19
1407.00 1.86 22.14
1408.00 1.86 22.18
1409.00 1.86 22.16
1410.00 1.86 22.14
1411.00 1.84 22.22
1412.00 1.83 22.34
1413.00 1.82 22.46
1414.00 1.83 22.42
1415.00 1.83 22.42
1416.00 1.82 22.42
1417.00 1.80 22.48
1418.00 1.78 22.37
1419.00 1.79 22.36
1420.00 1.79 22.25
1421.00 1.81 22.32
1422.00 1.80 22.28
1423.00 1.79 22.34
1424.00 1.80 22.36
1425.00 1.81 22.38
1426.00 1.82 22.39
1427.00 1.83 22.40
1428.00 1.82 22.44
1429.00 1.82 22.45
1430.00 1.83 22.51
1431.00 1.84 22.51
1432.00 1.84 22.45
1433.00 1.84 22.42
1434.00 1.86 22.38
1435.00 1.86 22.35
1436.00 1.87 22.33
1437.00 1.86 22.33
1438.00 1.87 22.34
1439.00 1.87 22.37
1440.00 1.88 22.41
1441.00 1.87 22.41
1442.00 1.88 22.45
1443.00 1.88 22.36
1444.00 1.88 22.39
1445.00 1.86 22.39
1446.00 1.87 22.32
1447.00 1.87 22.29
1448.00 1.86 22.20
1449.00 1.86 22.17
1450.00 1.85 22.05
1451.00 1.85 22.01
1452.00 1.84 22.02
1453.00 1.84 22.02
1454.00 1.86 21.92
1455.00 1.86 21.88
1456.00 1.86 21.86
1457.00 1.87 21.93
1458.00 1.88 21.92
1459.00 1.90 22.02
1460.00 1.90 21.98
1461.00 1.90 21.96
1462.00 1.92 21.98
1463.00 1.92 21.99
1464.00 1.94 22.03
1465.00 1.93 22.01
1466.00 1.93 21.91
1467.00 1.91 21.96
1468.00 1.90 21.99
1469.00 1.89 22.05
1470.00 1.89 21.99
1471.00 1.89 21.98
1472.00 1.87 22.00
1473.00 1.87 21.96
1474.00 1.85 21.95
1475.00 1.85 21.93
1476.00 1.84 21.95
1477.00 1.83 21.96
1478.00 1.81 21.88
1479.00 1.82 21.93
1480.00 1.82 21.95
1481.00 1.80 21.93
1482.00 1.80 21.89
1483.00 1.80 21.81
1484.00 1.82 21.83
1485.00 1.83 21.86
1486.00 1.83 21.84
1487.00 1.83 21.90
1488.00 1.83 21.83
1489.00 1.83 21.86
1490.00 1.84 21.80
1491.00 1.85 21.82
1492.00 1.86 21.84
1493.00 1.88 21.75
1494.00 1.87 21.75
1495.00 1.90 21.76
1496.00 1.89 21.80
1497.00 1.90 21.80
1498.00 1.92 21.74
1499.00 1.91 21.78
1500.00 1.91 21.76
1501.00 1.90 21.72
1502.00 1.89 21.66
1503.00 1.86 21.71
1504.00 1.85 21.60
1505.00 1.83 21.57
1506.00 1.81 21.52
1507.00 1.79 21.52
1508.00 1.77 21.49
1509.00 1.74 21.49
1510.00 1.72 21.50
1511.00 1.72 21.53
1512.00 1.71 21.53
1513.00 1.71 21.55
1514.00 1.72 21.55
1515.00 1.73 21.56
1516.00 1.71 21.46
1517.00 1.75 21.51
1518.00 1.74 21.42
1519.00 1.76 21.46
1520.00 1.76 21.36
1521.00 1.75 21.42
1522.00 1.74 21.40
1523.00 1.72 21.38
1524.00 1.74 21.39
1525.00 1.73 21.37
1526.00 1.73 21.37
1527.00 1.74 21.33
1528.00 1.74 21.29
1529.00 1.76 21.22
1530.00 1.76 21.22
1531.00 1.76 21.21
1532.00 1.77 21.22
1533.00 1.78 21.10
1534.00 1.82 21.12
1535.00 1.82 21.10
1536.00 1.84 21.09
1537.00 1.83 21.08
1538.00 1.82 21.07
1539.00 1.80 21.05
1540.00 1.79 21.03
1541.00 1.78 20.93
1542.00 1.77 20.88
1543.00 1.77 20.96
1544.00 1.78 20.89
1545.00 1.79 20.83
1546.00 1.79 20.83
1547.00 1.80 20.72
1548.00 1.82 20.68
1549.00 1.82 20.70
1550.00 1.82 20.68
1551.00 1.80 20.72
1552.00 1.80 20.69
1553.00 1.80 20.67
1554.00 1.79 20.60
1555.00 1.79 20.63
1556.00 1.77 20.69
1557.00 1.76 20.75
1558.00 1.74 20.72
1559.00 1.73 20.74
1560.00 1.72 20.70
1561.00 1.70 20.70
1562.00 1.70 20.66
1563.00 1.70 20.61
1564.00 1.72 20.62
1565.00 1.72 20.72
1566.00 1.73 20.72
1567.00 1.73 20.74
1568.00 1.73 20.72
1569.00 1.73 20.68
1570.00 1.72 20.63
1571.00 1.70 20.55
1572.00 1.68 20.58
1573.00 1.68 20.55
1574.00 1.66 20.60
1575.00 1.65 20.61
1576.00 1.65 20.58
1577.00 1.63 20.53
1578.00 1.60 20.53
1579.00 1.57 20.60
1580.00 1.58 20.61
1581.00 1.57 20.59
1582.00 1.59 20.50
1583.00 1.61 20.45
1584.00 1.61 20.44
1585.00 1.62 20.47
1586.00 1.62 20.52
1587.00 1.60 20.47
1588.00 1.59 20.42
1589.00 1.59 20.38
1590.00 1.58 20.37
1591.00 1.58 20.29
1592.00 1.57 20.23
1593.00 1.58 20.27
1594.00 1.59 20.36
1595.00 1.61 20.46
1596.00 1.58 20.41
1597.00 1.57 20.42
1598.00 1.60 20.26
1599.00 1.61 20.31
1600.00 1.62 20.20
1601.00 1.63 20.31
1602.00 1.65 20.30
1603.00 1.65 20.37
1604.00 1.63 20.35
1605.00 1.63 20.37
1606.00 1.62 20.32
1607.00 1.61 20.36
1608.00 1.63 20.42
1609.00 1.60 20.39
1610.00 1.60 20.38
1611.00 1.58 20.36
1612.00 1.58 20.37
1613.00 1.60 20.32
1614.00 1.59 20.32
1615.00 1.59 20.27
1616.00 1.57 20.26
1617.00 1.57 20.20
1618.00 1.57 20.14
1619.00 1.58 20.14
1620.00 1.60 20.03
1621.00 1.60 20.10
1622.00 1.61 20.11
1623.00 1.61 20.18
1624.00 1.60 20.15
1625.00 1.60 20.14
1626.00 1.59 20.14
1627.00 1.61 20.25
1628.00 1.59 20.26
1629.00 1.57 20.27
1630.00 1.59 20.22
1631.00 1.60 20.23
1632.00 1.57 20.21
1633.00 1.58 20.30
1634.00 1.61 20.31
1635.00 1.62 20.36
1636.00 1.66 20.31
1637.00 1.67 20.25
1638.00 1.68 20.32
1639.00 1.69 20.35
1640.00 1.70 20.31
1641.00 1.71 20.26
1642.00 1.71 20.26
1643.00 1.72 20.32
1644.00 1.74 20.35
1645.00 1.76 20.44
1646.00 1.77 20.41
1647.00 1.78 20.43
1648.00 1.79 20.31
1649.00 1.79 20.41
1650.00 1.81 20.42
1651.00 1.83 20.40
1652.00 1.84 20.39
1653.00 1.82 20.37
1654.00 1.81 20.38
1655.00 1.79 20.37
1656.00 1.79 20.40
1657.00 1.79 20.46
1658.00 1.81 20.42
1659.00 1.81 20.49
1660.00 1.81 20.42
1661.00 1.80 20.46
1662.00 1.80 20.43
1663.00 1.78 20.46
1664.00 1.78 20.42
1665.00 1.79 20.34
1666.00 1.80 20.36
1667.00 1.83 20.30
1668.00 1.84 20.38
1669.00 1.85 20.37
1670.00 1.86 20.39
1671.00 1.86 20.40
1672.00 1.86 20.36
1673.00 1.87 20.32
1674.00 1.89 20.34
1675.00 1.89 20.40
1676.00 1.90 20.37
1677.00 1.93 20.35
1678.00 1.93 20.27
1679.00 1.94 20.29
1680.00 1.94 20.30
1681.00 1.93 20.32
1682.00 1.93 20.32
1683.00 1.91 20.32
1684.00 1.92 20.29
1685.00 1.91 20.32
1686.00 1.94 20.26
1687.00 1.96 20.29
1688.00 1.95 20.32
1689.00 1.95 20.20
1690.00 1.93 20.14
1691.00 1.93 20.12
1692.00 1.92 20.22
1693.00 1.93 20.17
1694.00 1.94 20.15
1695.00 1.95 20.13
1696.00 1.95 20.11
1697.00 1.95 20.12
1698.00 1.97 20.18
1699.00 1.99 20.20
1700.00 1.98 20.21
1701.00 2.00 20.27
1702.00 2.00 20.27
1703.00 2.01 20.21
1704.00 2.01 20.12
1705.00 2.01 20.11
1706.00 2.01 20.06
1707.00 2.01 19.97
1708.00 2.04 19.96
1709.00 2.06 19.96
1710.00 2.06 19.97
1711.00 2.05 19.98
1712.00 2.04 19.97
1713.00 2.05 19.96
1714.00 2.04 20.03
1715.00 2.06 20.04
1716.00 2.04 20.07
1717.00 2.05 20.10
1718.00 2.04 20.07
1719.00 2.03 19.99
1720.00 2.03 19.98
1721.00 2.05 19.94
1722.00 2.04 19.95
1723.00 2.05 20.02
1724.00 2.05 20.06
1725.00 2.05 20.06
1726.00 2.05 20.08
1727.00 2.06 20.15
1728.00 2.08 20.15
1729.00 2.08 20.14
1730.00 2.10 20.11
1731.00 2.10 20.10
1732.00 2.10 20.14
1733.00 2.10 20.20
1734.00 2.09 20.20
1735.00 2.09 20.17
1736.00 2.09 20.13
1737.00 2.08 19.99
1738.00 2.08 20.00
1739.00 2.06 20.00
1740.00 2.07 19.94
1741.00 2.07 19.94
1742.00 2.07 19.93
1743.00 2.10 20.00
1744.00 2.12 19.99
1745.00 2.13 20.04
1746.00 2.13 19.95
1747.00 2.12 19.93
1748.00 2.14 19.93
1749.00 2.13 19.93
1750.00 2.14 19.98
1751.00 2.14 19.99
1752.00 2.15 19.95
1753.00 2.15 19.84
1754.00 2.13 19.90
1755.00 2.13 19.89
1756.00 2.13 19.83
1757.00 2.13 19.77
1758.00 2.14 19.79
1759.00 2.14 19.87
1760.00 2.15 19.94
1761.00 2.14 20.07
1762.00 2.14 20.08
1763.00 2.15 20.04
1764.00 2.17 20.01
1765.00 2.18 19.97
1766.00 2.18 19.95
1767.00 2.16 19.97
1768.00 2.15 20.01
1769.00 2.14 20.03
1770.00 2.14 19.98
1771.00 2.14 19.87
1772.00 2.12 19.76
1773.00 2.12 19.76
1774.00 2.10 19.71
1775.00 2.11 19.75
1776.00 2.10 19.77
1777.00 2.09 19.80
1778.00 2.09 19.82
1779.00 2.09 19.79
1780.00 2.09 19.79
1781.00 2.07 19.76
1782.00 2.05 19.68
1783.00 2.02 19.62
1784.00 2.02 19.61
1785.00 2.01 19.46
1786.00 2.01 19.51
1787.00 2.02 19.58
1788.00 2.01 19.57
1789.00 2.03 19.57
1790.00 2.00 19.54
1791.00 2.00 19.50
1792.00 1.99 19.55
1793.00 1.99 19.55
1794.00 2.00 19.54
1795.00 2.00 19.46
1796.00 2.02 19.49
1797.00 2.04 19.45
1798.00 2.04 19.42
1799.00 2.03 19.40
1800.00 2.04 19.36
1801.00 2.04 19.35
1802.00 2.04 19.32
1803.00 2.04 19.36
1804.00 2.06 19.38
1805.00 2.06 19.38
1806.00 2.06 19.41
1807.00 2.08 19.37
1808.00 2.06 19.42
1809.00 2.05 19.32
1810.00 2.03 19.24
1811.00 2.02 19.21
1812.00 2.02 19.26
1813.00 2.01 19.30
1814.00 2.01 19.32
1815.00 2.01 19.37
1816.00 2.00 19.37
1817.00 1.99 19.26
1818.00 1.97 19.21
1819.00 1.98 19.16
1820.00 1.97 19.17
1821.00 1.99 19.10
1822.00 2.00 19.10
1823.00 2.00 19.11
1824.00 2.01 19.16
1825.00 2.02 19.07
1826.00 2.01 19.10
1827.00 2.03 19.03
1828.00 2.05 19.05
1829.00 2.06 19.05
1830.00 2.07 19.09
1831.00 2.07 19.09
1832.00 2.08 19.14
1833.00 2.09 19.23
1834.00 2.11 19.22
1835.00 2.10 19.30
1836.00 2.13 19.19
1837.00 2.14 19.17
1838.00 2.17 19.11
1839.00 2.16 19.16
1840.00 2.16 19.15
1841.00 2.15 19.13
1842.00 2.16 19.15
1843.00 2.16 19.16
1844.00 2.16 19.10
1845.00 2.15 19.05
1846.00 2.14 19.05
1847.00 2.11 18.98
1848.00 2.10 19.03
1849.00 2.10 19.00
1850.00 2.10 19.00
1851.00 2.08 18.95
1852.00 2.08 18.98
1853.00 2.08 19.01
1854.00 2.07 19.00
1855.00 2.08 19.09
1856.00 2.09 19.06
1857.00 2.11 19.03
1858.00 2.12 18.99
1859.00 2.12 18.91
1860.00 2.10 18.86
1861.00 2.11 18.77
1862.00 2.12 18.82
1863.00 2.13 18.81
1864.00 2.15 18.86
1865.00 2.18 18.94
1866.00 2.19 18.95
1867.00 2.21 18.95
1868.00 2.21 18.89
1869.00 2.21 18.79
1870.00 2.20 18.75
1871.00 2.22 18.71
1872.00 2.23 18.74
1873.00 2.22 18.59
1874.00 2.19 18.64
1875.00 2.18 18.64
1876.00 2.18 18.69
1877.00 2.18 18.70
1878.00 2.17 18.75
1879.00 2.17 18.70
1880.00 2.15 18.71
1881.00 2.15 18.60
1882.00 2.18 18.63
1883.00 2.18 18.54
1884.00 2.19 18.51
1885.00 2.19 18.53
1886.00 2.18 18.51
1887.00 2.18 18.44
1888.00 2.17 18.40
1889.00 2.16 18.33
1890.00 2.15 18.34
1891.00 2.17 18.36
1892.00 2.17 18.31
1893.00 2.18 18.33
1894.00 2.18 18.27
1895.00 2.19 18.24
1896.00 2.19 18.26
1897.00 2.17 18.25
1898.00 2.16 18.26
1899.00 2.19 18.22
1900.00 2.19 18.28
1901.00 2.18 18.28
1902.00 2.16 18.27
1903.00 2.16 18.28
1904.00 2.18 18.33
1905.00 2.19 18.35
1906.00 2.17 18.34
1907.00 2.17 18.39
1908.00 2.17 18.41
1909.00 2.17 18.45
1910.00 2.17 18.42
1911.00 2.18 18.40
1912.00 2.18 18.40
1913.00 2.18 18.44
1914.00 2.19 18.45
1915.00 2.19 18.50
1916.00 2.20 18.43
1917.00 2.19 18.43
1918.00 2.19 18.46
1919.00 2.20 18.45
1920.00 2.22 18.53
1921.00 2.24 18.48
1922.00 2.26 18.52
1923.00 2.27 18.55
1924.00 2.27 18.61
1925.00 2.27 18.60
1926.00 2.27 18.54
1927.00 2.28 18.51
1928.00 2.28 18.47
1929.00 2.27 18.54
1930.00 2.26 18.45
1931.00 2.25 18.39
1932.00 2.26 18.40
1933.00 2.26 18.37
1934.00 2.25 18.38
1935.00 2.24 18.41
1936.00 2.24 18.44
1937.00 2.25 18.44
1938.00 2.25 18.42
1939.00 2.28 18.52
1940.00 2.27 18.52
1941.00 2.28 18.58
1942.00 2.25 18.61
1943.00 2.25 18.60
1944.00 2.24 18.52
1945.00 2.24 18.48
1946.00 2.24 18.49
1947.00 2.24 18.44
1948.00 2.25 18.37
1949.00 2.24 18.33
1950.00 2.23 18.32
1951.00 2.25 18.44
1952.00 2.25 18.50
1953.00 2.24 18.47
1954.00 2.23 18.49
1955.00 2.21 18.50
1956.00 2.24 18.44
1957.00 2.22 18.46
1958.00 2.25 18.36
1959.00 2.26 18.42
1960.00 2.26 18.29
1961.00 2.25 18.29
1962.00 2.26 18.25
1963.00 2.26 18.24
1964.00 2.28 18.31
1965.00 2.28 18.33
1966.00 2.29 18.42
1967.00 2.29 18.37
1968.00 2.28 18.38
1969.00 2.27 18.37
1970.00 2.29 18.45
1971.00 2.27 18.51
1972.00 2.28 18.57
1973.00 2.28 18.53
1974.00 2.28 18.54
1975.00 2.28 18.54
1976.00 2.25 18.51
1977.00 2.25 18.51
1978.00 2.24 18.51
1979.00 2.23 18.50
1980.00 2.22 18.43
1981.00 2.22 18.40
1982.00 2.23 18.36
1983.00 2.22 18.33
1984.00 2.21 18.33
1985.00 2.22 18.32
1986.00 2.23 18.35
1987.00 2.22 18.46
1988.00 2.21 18.46
1989.00 2.23 18.41
1990.00 2.24 18.51
1991.00 2.24 18.53
1992.00 2.24 18.49
1993.00 2.24 18.54
1994.00 2.23 18.57
1995.00 2.23 18.67
1996.00 2.22 18.64
1997.00 2.22 18.73
1998.00 2.23 18.67
1999.00 2.24 18.70
2000.00 2.24 18.68
2001.00 2.24 18.67
2002.00 2.25 18.62
2003.00 2.25 18.50
2004.00 2.27 18.50
2005.00 2.28 18.51
2006.00 2.28 18.53
2007.00 2.26 18.56
2008.00 2.25 18.60
2009.00 2.26 18.54
2010.00 2.25 18.54
2011.00 2.25 18.44
2012.00 2.25 18.44
2013.00 2.28 18.43
2014.00 2.29 18.40
2015.00 2.30 18.41
2016.00 2.30 18.44
2017.00 2.30 18.49
2018.00 2.33 18.49
2019.00 2.32 18.46
2020.00 2.33 18.43
2021.00 2.32 18.31
2022.00 2.32 18.29
2023.00 2.31 18.23
2024.00 2.31 18.21
2025.00 2.32 18.24
2026.00 2.31 18.26
2027.00 2.31 18.23
2028.00 2.29 18.23
2029.00 2.32 18.21
2030.00 2.35 18.24
2031.00 2.36 18.19
2032.00 2.39 18.17
2033.00 2.38 18.12
2034.00 2.39 18.11
2035.00 2.41 18.11
2036.00 2.43 18.07
2037.00 2.44 17.97
2038.00 2.44 17.99
2039.00 2.44 17.97
2040.00 2.44 18.00
2041.00 2.44 18.07
2042.00 2.44 18.08
2043.00 2.42 18.09
2044.00 2.43 18.05
2045.00 2.42 18.06
2046.00 2.41 18.09
2047.00 2.43 18.10
2048.00 2.44 18.04
2049.00 2.44 18.01
2050.00 2.43 17.96
2051.00 2.42 17.90
2052.00 2.44 17.94
2053.00 2.45 17.97
2054.00 2.48 17.98
2055.00 2.49 18.01
2056.00 2.49 18.00
2057.00 2.49 18.09
2058.00 2.49 18.08
2059.00 2.50 18.13
2060.00 2.51 18.11
2061.00 2.55 18.11
2062.00 2.57 18.16
2063.00 2.59 18.17
2064.00 2.59 18.13
2065.00 2.60 18.14
2066.00 2.59 18.09
2067.00 2.58 18.06
2068.00 2.61 18.06
2069.00 2.60 18.06
2070.00 2.60 18.13
2071.00 2.61 18.04
2072.00 2.61 18.02
2073.00 2.63 18.01
2074.00 2.63 18.00
2075.00 2.63 18.05
2076.00 2.64 18.07
2077.00 2.64 18.05
2078.00 2.65 18.08
2079.00 2.67 18.18
2080.00 2.68 18.24
2081.00 2.70 18.31
2082.00 2.72 18.34
2083.00 2.73 18.34
2084.00 2.74 18.33
2085.00 2.74 18.32
2086.00 2.75 18.30
2087.00 2.75 18.25
2088.00 2.74 18.25
2089.00 2.75 18.16
2090.00 2.74 18.17
2091.00 2.75 18.18
2092.00 2.76 18.23
2093.00 2.76 18.20
2094.00 2.77 18.16
2095.00 2.78 18.20
2096.00 2.79 18.22
2097.00 2.81 18.21
2098.00 2.81 18.23
2099.00 2.81 18.21
2100.00 2.81 18.23
2101.00 2.81 18.26
2102.00 2.81 18.31
2103.00 2.81 18.30
2104.00 2.80 18.25
2105.00 2.80 18.19
2106.00 2.77 18.12
2107.00 2.76 18.15
2108.00 2.75 18.09
2109.00 2.75 18.02
2110.00 2.75 18.00
2111.00 2.74 18.07
2112.00 2.72 18.04
2113.00 2.72 18.00
2114.00 2.74 18.05
2115.00 2.73 18.05
2116.00 2.74 18.14
2117.00 2.76 18.17
2118.00 2.76 18.14
2119.00 2.77 18.07
2120.00 2.75 17.97
2121.00 2.75 17.99
2122.00 2.74 18.04
2123.00 2.74 18.12
2124.00 2.74 18.07
2125.00 2.73 18.09
2126.00 2.72 18.18
2127.00 2.71 18.11
2128.00 2.72 18.12
2129.00 2.72 18.14
2130.00 2.71 18.19
2131.00 2.70 18.18
2132.00 2.71 18.11
2133.00 2.71 18.03
2134.00 2.70 18.02
2135.00 2.71 17.90
2136.00 2.71 17.98
2137.00 2.72 18.06
2138.00 2.71 17.99
2139.00 2.70 17.92
2140.00 2.71 17.94
2141.00 2.71 17.89
2142.00 2.70 17.99
2143.00 2.69 17.94
2144.00 2.70 17.93
2145.00 2.70 17.88
2146.00 2.72 17.92
2147.00 2.71 17.95
2148.00 2.70 17.97
2149.00 2.70 17.99
2150.00 2.71 18.03
2151.00 2.72 17.95
2152.00 2.70 17.97
2153.00 2.68 17.96
2154.00 2.67 17.97
2155.00 2.66 17.94
2156.00 2.66 17.95
2157.00 2.64 17.96
2158.00 2.64 17.97
2159.00 2.62 17.95
2160.00 2.60 17.93
2161.00 2.60 17.89
2162.00 2.60 17.95
2163.00 2.59 18.01
2164.00 2.58 17.98
2165.00 2.57 17.86
2166.00 2.57 17.87
2167.00 2.57 17.83
2168.00 2.58 17.81
2169.00 2.56 17.82
2170.00 2.55 17.85
2171.00 2.55 17.75
2172.00 2.56 17.79
2173.00 2.55 17.79
2174.00 2.55 17.74
2175.00 2.55 17.77
2176.00 2.54 17.68
2177.00 2.54 17.68
2178.00 2.55 17.69
2179.00 2.55 17.70
2180.00 2.55 17.75
2181.00 2.56 17.80
2182.00 2.59 17.93
2183.00 2.58 17.87
2184.00 2.60 17.90
2185.00 2.60 17.85
2186.00 2.59 17.86
2187.00 2.59 17.81
2188.00 2.60 17.91
2189.00 2.61 17.90
2190.00 2.60 17.91
2191.00 2.59 17.97
2192.00 2.60 18.03
2193.00 2.61 18.10
2194.00 2.60 18.08
2195.00 2.59 18.05
2196.00 2.59 18.07
2197.00 2.60 18.07
2198.00 2.62 18.11
2199.00 2.60 18.22
2200.00 2.59 18.20
2201.00 2.59 18.18
2202.00 2.58 18.13
2203.00 2.57 18.09
2204.00 2.57 18.00
2205.00 2.57 18.03
2206.00 2.57 18.09
2207.00 2.57 18.13
2208.00 2.57 18.15
2209.00 2.57 18.13
2210.00 2.58 18.08
2211.00 2.59 18.01
2212.00 2.58 18.01
2213.00 2.60 17.97
2214.00 2.60 17.93
2215.00 2.59 17.92
2216.00 2.59 17.91
2217.00 2.59 17.90
2218.00 2.57 17.84
2219.00 2.57 17.79
2220.00 2.58 17.82
2221.00 2.58 17.85
2222.00 2.59 17.92
2223.00 2.59 17.90
2224.00 2.59 17.92
2225.00 2.60 17.90
2226.00 2.59 17.93
2227.00 2.57 17.94
2228.00 2.56 17.86
2229.00 2.55 17.84
2230.00 2.55 17.77
2231.00 2.56 17.75
2232.00 2.57 17.70
2233.00 2.57 17.70
2234.00 2.57 17.72
2235.00 2.57 17.76
2236.00 2.56 17.77
2237.00 2.56 17.74
2238.00 2.57 17.78
2239.00 2.57 17.83
2240.00 2.57 17.82
2241.00 2.56 17.72
2242.00 2.56 17.77
2243.00 2.56 17.72
2244.00 2.55 17.74
2245.00 2.55 17.79
2246.00 2.56 17.77
2247.00 2.53 17.74
2248.00 2.53 17.75
2249.00 2.52 17.71
2250.00 2.52 17.74
2251.00 2.50 17.62
2252.00 2.52 17.70
2253.00 2.51 17.69
2254.00 2.51 17.73
2255.00 2.51 17.72
2256.00 2.49 17.76
2257.00 2.48 17.73
2258.00 2.48 17.75
2259.00 2.47 17.79
2260.00 2.48 17.83
2261.00 2.47 17.86
2262.00 2.46 17.79
2263.00 2.47 17.75
2264.00 2.46 17.72
2265.00 2.46 17.72
2266.00 2.45 17.72
2267.00 2.46 17.72
2268.00 2.46 17.70
2269.00 2.46 17.59
2270.00 2.43 17.62
2271.00 2.43 17.54
2272.00 2.43 17.57
2273.00 2.41 17.63
2274.00 2.40 17.70
2275.00 2.39 17.69
2276.00 2.39 17.69
2277.00 2.39 17.74
2278.00 2.39 17.74
2279.00 2.39 17.72
2280.00 2.37 17.78
2281.00 2.36 17.80
2282.00 2.38 17.87
2283.00 2.39 17.98
2284.00 2.39 17.95
2285.00 2.40 17.90
2286.00 2.40 17.83
2287.00 2.44 17.79
2288.00 2.44 17.77
2289.00 2.43 17.78
2290.00 2.42 17.84
2291.00 2.40 17.74
2292.00 2.40 17.70
2293.00 2.41 17.71
2294.00 2.42 17.74
2295.00 2.43 17.81
2296.00 2.42 17.79
2297.00 2.41 17.68
2298.00 2.42 17.73
2299.00 2.42 17.70
2300.00 2.42 17.69
2301.00 2.43 17.69
2302.00 2.42 17.68
2303.00 2.43 17.68
2304.00 2.45 17.73
2305.00 2.45 17.63
2306.00 2.45 17.61
2307.00 2.44 17.58
2308.00 2.44 17.60
2309.00 2.46 17.57
2310.00 2.45 17.51
2311.00 2.47 17.58
2312.00 2.46 17.54
2313.00 2.46 17.52
2314.00 2.46 17.44
2315.00 2.45 17.45
2316.00 2.45 17.48
2317.00 2.45 17.46
2318.00 2.45 17.43
2319.00 2.45 17.48
2320.00 2.46 17.45
2321.00 2.45 17.46
2322.00 2.46 17.43
2323.00 2.44 17.39
2324.00 2.41 17.36
2325.00 2.39 17.28
2326.00 2.35 17.30
2327.00 2.34 17.25
2328.00 2.34 17.33
2329.00 2.35 17.34
2330.00 2.35 17.36
2331.00 2.35 17.39
2332.00 2.35 17.43
2333.00 2.36 17.44
2334.00 2.33 17.47
2335.00 2.34 17.50
2336.00 2.33 17.47
2337.00 2.33 17.44
2338.00 2.30 17.35
2339.00 2.30 17.35
2340.00 2.29 17.30
2341.00 2.28 17.35
2342.00 2.27 17.35
2343.00 2.26 17.34
2344.00 2.26 17.31
2345.00 2.27 17.31
2346.00 2.24 17.32
2347.00 2.23 17.26
2348.00 2.24 17.28
2349.00 2.25 17.28
2350.00 2.26 17.30
2351.00 2.25 17.28
2352.00 2.23 17.29
2353.00 2.24 17.29
2354.00 2.23 17.30
2355.00 2.25 17.28
2356.00 2.24 17.23
2357.00 2.26 17.34
2358.00 2.26 17.33
2359.00 2.27 17.32
2360.00 2.25 17.25
2361.00 2.26 17.20
2362.00 2.28 17.29
2363.00 2.28 17.26
2364.00 2.29 17.28
2365.00 2.27 17.24
2366.00 2.28 17.21
2367.00 2.29 17.23
2368.00 2.31 17.24
2369.00 2.30 17.18
2370.00 2.31 17.12
2371.00 2.30 16.99
2372.00 2.30 16.97
2373.00 2.28 17.03
2374.00 2.26 16.95
2375.00 2.24 16.85
2376.00 2.23 16.79
2377.00 2.23 16.78
2378.00 2.23 16.79
2379.00 2.25 16.78
2380.00 2.24 16.67
2381.00 2.23 16.67
2382.00 2.21 16.66
2383.00 2.21 16.68
2384.00 2.23 16.67
2385.00 2.20 16.65
2386.00 2.21 16.74
2387.00 2.21 16.76
2388.00 2.22 16.78
2389.00 2.20 16.73
2390.00 2.19 16.77
2391.00 2.19 16.77
2392.00 2.20 16.82
2393.00 2.22 16.84
2394.00 2.22 16.89
2395.00 2.21 16.85
2396.00 2.22 16.89
2397.00 2.22 16.84
2398.00 2.22 16.82
2399.00 2.24 16.81
2400.00 2.23 16.80
2401.00 2.24 16.81
2402.00 2.24 16.79
2403.00 2.25 16.84
2404.00 2.24 16.84
2405.00 2.26 16.92
2406.00 2.26 16.87
2407.00 2.28 16.86
2408.00 2.28 16.86
2409.00 2.28 16.90
2410.00 2.29 16.88
2411.00 2.30 16.87
2412.00 2.32 16.86
2413.00 2.33 16.84
2414.00 2.33 16.86
2415.00 2.32 16.87
2416.00 2.33 16.82
2417.00 2.34 16.90
2418.00 2.34 16.92
2419.00 2.33 17.01
2420.00 2.33 17.00
2421.00 2.34 17.03
2422.00 2.35 17.05
2423.00 2.36 17.04
2424.00 2.36 17.13
2425.00 2.35 17.05
2426.00 2.35 17.02
2427.00 2.34 17.02
2428.00 2.33 17.09
2429.00 2.33 17.06
2430.00 2.33 17.09
2431.00 2.34 17.15
2432.00 2.37 17.18
2433.00 2.36 17.14
2434.00 2.37 17.14
2435.00 2.38 17.13
2436.00 2.39 17.11
2437.00 2.40 17.14
2438.00 2.38 17.12
2439.00 2.40 17.12
2440.00 2.40 17.16
2441.00 2.39 17.15
2442.00 2.41 17.19
2443.00 2.41 17.12
2444.00 2.43 17.15
2445.00 2.43 17.12
2446.00 2.40 17.02
2447.00 2.41 17.04
2448.00 2.40 17.05
2449.00 2.39 17.04
2450.00 2.40 17.00
2451.00 2.39 17.03
2452.00 2.39 17.03
2453.00 2.37 17.01
2454.00 2.39 17.06
2455.00 2.39 17.16
2456.00 2.42 17.19
2457.00 2.42 17.19
2458.00 2.42 17.21
2459.00 2.40 17.15
2460.00 2.38 17.10
2461.00 2.39 17.14
2462.00 2.40 17.12
2463.00 2.40 17.19
2464.00 2.39 17.26
2465.00 2.39 17.19
2466.00 2.39 17.19
2467.00 2.39 17.19
2468.00 2.39 17.20
2469.00 2.38 17.18
2470.00 2.38 17.16
2471.00 2.36 17.15
2472.00 2.36 17.14
2473.00 2.37 17.17
2474.00 2.38 17.16
2475.00 2.38 17.20
2476.00 2.38 17.26
2477.00 2.39 17.26
2478.00 2.39 17.26
2479.00 2.39 17.26
2480.00 2.39 17.27
2481.00 2.36 17.22
2482.00 2.36 17.25
2483.00 2.35 17.20
2484.00 2.34 17.22
2485.00 2.34 17.18
2486.00 2.35 17.23
2487.00 2.33 17.18
2488.00 2.33 17.20
2489.00 2.35 17.14
2490.00 2.35 17.12
2491.00 2.36 17.11
2492.00 2.34 17.11
2493.00 2.35 17.10
2494.00 2.34 17.03
2495.00 2.35 17.04
2496.00 2.33 17.00
2497.00 2.33 16.97
2498.00 2.33 16.95
2499.00 2.32 16.95
2500.00 2.32 16.85
2501.00 2.33 16.85
2502.00 2.31 16.89
2503.00 2.33 16.93
2504.00 2.31 16.96
2505.00 2.29 17.01
2506.00 2.28 16.98
2507.00 2.26 16.98
2508.00 2.26 17.06
2509.00 2.28 17.09
2510.00 2.27 17.13
2511.00 2.27 17.06
2512.00 2.26 17.10
2513.00 2.28 17.13
2514.00 2.28 17.09
2515.00 2.29 17.13
2516.00 2.29 17.16
2517.00 2.29 17.12
2518.00 2.30 17.15
2519.00 2.29 17.14
2520.00 2.29 17.21
2521.00 2.31 17.25
2522.00 2.28 17.32
2523.00 2.28 17.35
2524.00 2.27 17.32
2525.00 2.27 17.29
2526.00 2.26 17.28
2527.00 2.26 17.32
2528.00 2.25 17.33
2529.00 2.23 17.33
2530.00 2.23 17.37
2531.00 2.23 17.35
2532.00 2.22 17.34
2533.00 2.22 17.32
2534.00 2.22 17.32
2535.00 2.22 17.40
2536.00 2.22 17.44
2537.00 2.23 17.48
2538.00 2.22 17.44
2539.00 2.22 17.41
2540.00 2.20 17.37
2541.00 2.19 17.39
2542.00 2.18 17.37
2543.00 2.19 17.42
2544.00 2.20 17.44
2545.00 2.18 17.44
2546.00 2.18 17.43
2547.00 2.17 17.40
2548.00 2.16 17.48
2549.00 2.15 17.50
2550.00 2.15 17.53
2551.00 2.15 17.56
2552.00 2.14 17.59
2553.00 2.16 17.66
2554.00 2.16 17.69
2555.00 2.15 17.79
2556.00 2.17 17.81
2557.00 2.17 17.81
2558.00 2.19 17.80
2559.00 2.20 17.77
2560.00 2.20 17.78
2561.00 2.20 17.76
2562.00 2.19 17.75
2563.00 2.18 17.69
2564.00 2.17 17.68
2565.00 2.18 17.63
2566.00 2.18 17.56
2567.00 2.17 17.58
2568.00 2.19 17.58
2569.00 2.18 17.54
2570.00 2.19 17.55
2571.00 2.21 17.62
2572.00 2.20 17.59
2573.00 2.20 17.63
2574.00 2.20 17.63
2575.00 2.20 17.57
2576.00 2.20 17.58
2577.00 2.19 17.52
2578.00 2.19 17.47
2579.00 2.19 17.46
2580.00 2.19 17.41
2581.00 2.19 17.39
2582.00 2.17 17.37
2583.00 2.19 17.31
2584.00 2.17 17.32
2585.00 2.17 17.33
2586.00 2.18 17.33
2587.00 2.17 17.35
2588.00 2.17 17.44
2589.00 2.17 17.46
2590.00 2.16 17.50
2591.00 2.14 17.55
2592.00 2.13 17.49
2593.00 2.13 17.56
2594.00 2.14 17.51
2595.00 2.15 17.57
2596.00 2.15 17.58
2597.00 2.15 17.61
2598.00 2.15 17.63
2599.00 2.16 17.63
2600.00 2.16 17.61
2601.00 2.15 17.63
2602.00 2.14 17.56
2603.00 2.14 17.53
2604.00 2.14 17.57
2605.00 2.15 17.54
2606.00 2.15 17.60
2607.00 2.15 17.67
2608.00 2.16 17.67
2609.00 2.16 17.58
2610.00 2.14 17.53
2611.00 2.15 17.54
2612.00 2.16 17.50
2613.00 2.16 17.47
2614.00 2.16 17.54
2615.00 2.17 17.58
2616.00 2.16 17.56
2617.00 2.14 17.56
2618.00 2.14 17.56
2619.00 2.14 17.46
2620.00 2.12 17.47
2621.00 2.12 17.50
2622.00 2.11 17.46
2623.00 2.11 17.39
2624.00 2.14 17.32
2625.00 2.12 17.28
2626.00 2.11 17.23
2627.00 2.11 17.21
2628.00 2.12 17.27
2629.00 2.13 17.23
2630.00 2.13 17.25
2631.00 2.13 17.22
2632.00 2.11 17.20
2633.00 2.10 17.29
2634.00 2.10 17.31
2635.00 2.10 17.32
2636.00 2.10 17.37
2637.00 2.11 17.41
2638.00 2.11 17.40
2639.00 2.13 17.37
2640.00 2.13 17.42
2641.00 2.12 17.43
2642.00 2.13 17.44
2643.00 2.13 17.49
2644.00 2.13 17.45
2645.00 2.11 17.44
2646.00 2.10 17.46
2647.00 2.11 17.43
2648.00 2.11 17.49
2649.00 2.12 17.49
2650.00 2.12 17.44
2651.00 2.12 17.42
2652.00 2.14 17.46
