0.00 3.14 33.58
1.00 3.14 33.58
2.00 3.14 33.58
3.00 3.14 33.58
4.00 3.14 33.58
5.00 3.14 33.58
6.00 3.14 33.58
7.00 3.14 33.58
8.00 3.14 33.58
9.00 3.14 33.58
10.00 3.14 33.58
11.00 3.14 33.58
12.00 3.14 33.58
13.00 3.14 33.58
14.00 3.14 33.58
15.00 3.14 33.58
16.00 3.14 33.58
17.00 3.14 33.58
18.00 3.14 33.58
19.00 3.14 33.58
20.00 3.14 33.58
21.00 3.14 33.58
22.00 3.14 33.58
23.00 3.14 33.58
24.00 3.14 33.58
25.00 3.14 33.58
26.00 3.14 33.58
27.00 3.14 33.58
28.00 3.14 33.58
29.00 3.14 33.58
30.00 3.14 33.58
31.00 3.14 33.58
32.00 3.14 33.58
33.00 3.14 33.58
34.00 3.14 33.58
35.00 3.14 33.58
36.00 3.14 33.58
37.00 3.14 33.58
38.00 3.14 33.58
39.00 3.14 33.58
40.00 3.14 33.58
41.00 3.14 33.58
42.00 3.14 33.58
43.00 3.14 33.58
44.00 3.14 33.58
45.00 3.14 33.58
46.00 3.14 33.58
47.00 3.14 33.58
48.00 3.14 33.58
49.00 3.14 33.58
50.00 3.14 33.58
51.00 3.14 33.58
52.00 3.14 33.58
53.00 3.14 33.58
54.00 3.14 33.58
55.00 3.14 33.58
56.00 3.14 33.58
57.00 3.14 33.58
58.00 3.14 33.58
59.00 3.14 33.58
60.00 3.14 33.58
61.00 3.14 33.58
62.00 3.14 33.58
63.00 3.14 33.58
64.00 3.14 33.58
65.00 3.14 33.58
66.00 3.14 33.58
67.00 3.14 33.58
68.00 3.14 33.58
69.00 3.14 33.58
70.00 3.14 33.58
71.00 3.14 33.58
72.00 3.14 33.58
73.00 3.14 33.58
74.00 3.14 33.58
75.00 3.14 33.58
76.00 3.14 33.58
77.00 3.14 33.58
78.00 3.14 33.58
79.00 3.14 33.58
80.00 3.14 33.58
81.00 3.14 33.58
82.00 3.14 33.58
83.00 3.14 33.58
84.00 3.14 33.58
85.00 3.14 33.58
86.00 3.14 33.58
87.00 3.14 33.58
88.00 3.14 33.58
89.00 3.14 33.58
90.00 3.14 33.58
91.00 3.14 33.58
92.00 3.14 33.58
93.00 3.14 33.58
94.00 3.14 33.58
95.00 3.14 33.58
96.00 3.14 33.58
97.00 3.14 33.58
98.00 3.14 33.58
99.00 3.14 33.58
100.00 3.14 33.58
101.00 3.14 33.58
102.00 3.14 33.58
103.00 3.14 33.58
104.00 3.14 33.58
105.00 3.14 33.58
106.00 3.14 33.58
107.00 3.14 33.58
108.00 3.14 33.58
109.00 3.14 33.58
110.00 3.14 33.58
111.00 3.14 33.58
112.00 3.14 33.58
113.00 3.14 33.58
114.00 3.14 33.58
115.00 3.14 33.58
116.00 3.14 33.58
117.00 3.14 33.58
118.00 3.14 33.58
119.00 3.14 33.58
120.00 3.14 33.58
121.00 3.14 33.58
122.00 3.14 33.58
123.00 3.14 33.58
124.00 3.14 33.58
125.00 3.14 33.58
126.00 3.14 33.58
127.00 3.14 33.58
128.00 3.14 33.58
129.00 3.14 33.58
130.00 3.14 33.58
131.00 3.14 33.58
132.00 3.14 33.58
133.00 3.14 33.58
134.00 3.14 33.58
135.00 3.14 33.58
136.00 3.14 33.58
137.00 3.14 33.58
138.00 3.14 33.58
139.00 3.14 33.58
140.00 3.14 33.58
141.00 3.14 33.58
142.00 3.14 33.58
143.00 3.14 33.58
144.00 3.14 33.58
145.00 3.14 33.58
146.00 3.14 33.58
147.00 3.14 33.58
148.00 3.14 33.58
149.00 3.14 33.58
150.00 3.14 33.58
151.00 3.14 33.58
152.00 3.14 33.58
153.00 3.14 33.58
154.00 3.14 33.58
155.00 3.14 33.58
156.00 3.14 33.58
157.00 3.14 33.58
158.00 3.14 33.58
159.00 3.14 33.58
160.00 3.14 33.58
161.00 3.14 33.58
162.00 3.14 33.58
163.00 3.14 33.58
164.00 3.14 33.58
165.00 3.14 33.58
166.00 3.14 33.58
167.00 3.14 33.58
168.00 3.14 33.58
169.00 3.14 33.58
170.00 3.14 33.58
171.00 3.14 33.58
172.00 3.14 33.58
173.00 3.14 33.58
174.00 3.14 33.58
175.00 3.14 33.58
176.00 3.14 33.58
177.00 3.14 33.58
178.00 3.14 33.58
179.00 3.14 33.58
180.00 3.14 33.58
181.00 3.14 33.58
182.00 3.14 33.58
183.00 3.14 33.58
184.00 3.14 33.58
185.00 3.14 33.58
186.00 3.14 33.58
187.00 3.14 33.58
188.00 3.14 33.58
189.00 3.14 33.58
190.00 3.14 33.58
191.00 3.14 33.58
192.00 3.14 33.58
193.00 3.14 33.58
194.00 3.14 33.58
195.00 3.14 33.58
196.00 3.14 33.58
197.00 3.14 33.58
198.00 3.14 33.58
199.00 3.14 33.58
200.00 3.14 33.58
201.00 3.14 33.58
202.00 3.14 33.58
203.00 3.14 33.58
204.00 3.14 33.58
205.00 3.14 33.58
206.00 3.14 33.58
207.00 3.14 33.58
208.00 3.14 33.58
209.00 3.14 33.58
210.00 3.14 33.58
211.00 3.14 33.58
212.00 3.14 33.58
213.00 3.14 33.58
214.00 3.14 33.58
215.00 3.14 33.58
216.00 3.14 33.58
217.00 3.14 33.58
218.00 3.14 33.58
219.00 3.14 33.58
220.00 3.14 33.58
221.00 3.14 33.58
222.00 3.14 33.58
223.00 3.14 33.58
224.00 3.14 33.58
225.00 3.14 33.58
226.00 3.14 33.58
227.00 3.14 33.58
228.00 3.14 33.58
229.00 3.14 33.58
230.00 3.14 33.58
231.00 3.14 33.58
232.00 3.14 33.58
233.00 3.14 33.58
234.00 3.14 33.58
235.00 3.14 33.58
236.00 3.14 33.58
237.00 3.14 33.58
238.00 3.14 33.58
239.00 3.14 33.58
240.00 3.14 33.58
241.00 3.14 33.58
242.00 3.14 33.58
243.00 3.14 33.58
244.00 3.14 33.58
245.00 3.14 33.58
246.00 3.14 33.58
247.00 3.14 33.58
248.00 3.14 33.58
249.00 3.14 33.58
250.00 3.14 33.58
251.00 3.14 33.58
252.00 3.14 33.58
253.00 3.14 33.58
254.00 3.14 33.58
255.00 3.14 33.58
256.00 3.14 33.58
257.00 3.14 33.58
258.00 3.14 33.58
259.00 3.14 33.58
260.00 3.14 33.58
261.00 3.14 33.58
262.00 3.14 33.58
263.00 3.14 33.58
264.00 3.14 33.58
265.00 3.14 33.58
266.00 3.14 33.58
267.00 3.14 33.58
268.00 3.14 33.58
269.00 3.14 33.58
270.00 3.14 33.58
271.00 3.14 33.58
272.00 3.14 33.58
273.00 3.14 33.58
274.00 3.14 33.58
275.00 3.14 33.58
276.00 3.14 33.58
277.00 3.14 33.58
278.00 3.14 33.58
279.00 3.14 33.58
280.00 3.14 33.58
281.00 3.14 33.58
282.00 3.14 33.58
283.00 3.14 33.58
284.00 3.14 33.58
285.00 3.14 33.58
286.00 3.14 33.58
287.00 3.14 33.58
288.00 3.14 33.58
289.00 3.14 33.58
290.00 3.14 33.58
291.00 3.14 33.58
292.00 3.14 33.58
293.00 3.14 33.58
294.00 3.14 33.58
295.00 3.14 33.58
296.00 3.14 33.58
297.00 3.14 33.58
298.00 3.14 33.58
299.00 3.14 33.58
300.00 3.14 33.58
301.00 3.14 33.58
302.00 3.14 33.58
303.00 3.14 33.58
304.00 3.14 33.58
305.00 3.14 33.58
306.00 3.14 33.58
307.00 3.14 33.58
308.00 3.14 33.58
309.00 3.14 33.58
310.00 3.14 33.58
311.00 3.14 33.58
312.00 3.14 33.58
313.00 3.14 33.58
314.00 3.14 33.58
315.00 3.14 33.58
316.00 3.14 33.58
317.00 3.14 33.58
318.00 3.14 33.58
319.00 3.14 33.58
320.00 3.14 33.58
321.00 3.14 33.58
322.00 3.14 33.58
323.00 3.14 33.58
324.00 3.14 33.58
325.00 3.14 33.58
326.00 3.14 33.58
327.00 3.14 33.58
328.00 3.14 33.58
329.00 3.14 33.58
330.00 3.14 33.58
331.00 3.14 33.58
332.00 3.14 33.58
333.00 3.14 33.58
334.00 3.14 33.58
335.00 3.14 33.58
336.00 3.14 33.58
337.00 3.14 33.58
338.00 3.14 33.58
339.00 3.14 33.58
340.00 3.14 33.58
341.00 3.14 33.58
342.00 3.14 33.58
343.00 3.14 33.58
344.00 3.14 33.58
345.00 3.14 33.58
346.00 3.14 33.58
347.00 3.14 33.58
348.00 3.14 33.58
349.00 3.14 33.58
350.00 3.14 33.58
351.00 3.14 33.58
352.00 3.14 33.58
353.00 3.14 33.58
354.00 3.14 33.58
355.00 3.14 33.58
356.00 3.14 33.58
357.00 3.14 33.58
358.00 3.14 33.58
359.00 3.14 33.58
360.00 3.14 33.58
361.00 3.14 33.58
362.00 3.14 33.58
363.00 3.14 33.58
364.00 3.14 33.58
365.00 3.14 33.58
366.00 3.14 33.58
367.00 3.14 33.58
368.00 3.14 33.58
369.00 3.14 33.58
370.00 3.14 33.58
371.00 3.14 33.58
372.00 3.14 33.58
373.00 3.14 33.58
374.00 3.14 33.58
375.00 3.14 33.58
376.00 3.14 33.58
377.00 3.14 33.58
378.00 3.14 33.58
379.00 3.14 33.58
380.00 3.14 33.58
381.00 3.14 33.58
382.00 3.14 33.58
383.00 3.14 33.58
384.00 3.14 33.58
385.00 3.14 33.58
386.00 3.14 33.58
387.00 3.14 33.58
388.00 3.14 33.58
389.00 3.14 33.58
390.00 3.14 33.58
391.00 3.14 33.58
392.00 3.14 33.58
393.00 3.14 33.58
394.00 3.14 33.58
395.00 3.14 33.58
396.00 3.14 33.58
397.00 3.14 33.58
398.00 3.14 33.58
399.00 3.14 33.58
400.00 3.14 33.58
401.00 3.12 33.46
402.00 3.09 33.34
403.00 3.07 33.28
404.00 3.06 33.19
405.00 3.05 33.17
406.00 3.05 33.07
407.00 3.06 32.94
408.00 3.07 32.75
409.00 3.08 32.70
410.00 3.08 32.68
411.00 3.06 32.63
412.00 3.05 32.55
413.00 3.04 32.45
414.00 3.02 32.46
415.00 3.00 32.38
416.00 3.00 32.32
417.00 2.99 32.27
418.00 2.98 32.14
419.00 2.99 32.07
420.00 2.97 32.01
421.00 2.97 31.99
422.00 3.00 31.88
423.00 3.01 31.91
424.00 2.99 31.88
425.00 2.97 31.90
426.00 2.95 31.91
427.00 2.93 31.95
428.00 2.93 31.92
429.00 2.93 31.98
430.00 2.95 31.98
431.00 2.96 32.01
432.00 2.99 32.05
433.00 3.02 32.07
434.00 3.05 32.03
435.00 3.05 32.04
436.00 3.02 32.00
437.00 3.00 31.99
438.00 3.01 31.90
439.00 3.01 31.91
440.00 3.01 31.82
441.00 3.00 31.83
442.00 2.97 31.76
443.00 2.97 31.66
444.00 2.99 31.66
445.00 3.00 31.57
446.00 3.01 31.66
447.00 3.03 31.68
448.00 3.02 31.71
449.00 3.02 31.72
450.00 3.02 31.76
451.00 3.02 31.68
452.00 3.03 31.63
453.00 3.00 31.62
454.00 2.98 31.58
455.00 2.94 31.61
456.00 2.92 31.62
457.00 2.93 31.62
458.00 2.93 31.59
459.00 2.93 31.56
460.00 2.93 31.65
461.00 2.94 31.67
462.00 2.94 31.68
463.00 2.95 31.64
464.00 2.95 31.65
465.00 2.93 31.67
466.00 2.90 31.60
467.00 2.87 31.60
468.00 2.85 31.50
469.00 2.86 31.44
470.00 2.85 31.40
471.00 2.83 31.35
472.00 2.82 31.23
473.00 2.82 31.12
474.00 2.80 31.02
475.00 2.80 31.03
476.00 2.80 30.95
477.00 2.79 30.97
478.00 2.79 30.93
479.00 2.78 30.99
480.00 2.79 30.96
481.00 2.80 31.08
482.00 2.81 31.15
483.00 2.80 31.16
484.00 2.79 31.11
485.00 2.79 31.13
486.00 2.78 31.09
487.00 2.79 31.07
488.00 2.78 31.07
489.00 2.79 31.11
490.00 2.82 31.13
491.00 2.85 31.08
492.00 2.84 31.07
493.00 2.85 31.12
494.00 2.84 31.07
495.00 2.84 31.00
496.00 2.82 30.99
497.00 2.81 30.99
498.00 2.80 31.02
499.00 2.82 31.05
500.00 2.85 31.06
501.00 2.85 31.10
502.00 2.84 31.20
503.00 2.84 31.23
504.00 2.84 31.20
505.00 2.85 31.18
506.00 2.87 31.16
507.00 2.89 31.09
508.00 2.90 31.14
509.00 2.91 31.17
510.00 2.93 31.22
511.00 2.96 31.23
512.00 3.00 31.35
513.00 3.01 31.38
514.00 3.03 31.35
515.00 3.05 31.29
516.00 3.04 31.33
517.00 3.04 31.30
518.00 3.02 31.18
519.00 3.03 31.20
520.00 3.04 31.22
521.00 3.04 31.22
522.00 3.07 31.23
523.00 3.07 31.22
524.00 3.06 31.22
525.00 3.05 31.31
526.00 3.04 31.32
527.00 3.04 31.34
528.00 3.02 31.34
529.00 3.03 31.40
530.00 3.03 31.40
531.00 3.04 31.44
532.00 3.04 31.35
533.00 3.03 31.31
534.00 3.00 31.37
535.00 2.99 31.40
536.00 3.00 31.37
537.00 3.01 31.35
538.00 3.00 31.37
539.00 2.97 31.36
540.00 2.96 31.40
541.00 2.95 31.41
542.00 2.95 31.52
543.00 2.98 31.58
544.00 3.01 31.60
545.00 3.05 31.59
546.00 3.07 31.55
547.00 3.07 31.54
548.00 3.07 31.51
549.00 3.05 31.47
550.00 3.02 31.49
551.00 3.01 31.47
552.00 3.03 31.47
553.00 3.02 31.48
554.00 3.02 31.44
555.00 3.02 31.40
556.00 3.04 31.44
557.00 3.05 31.42
558.00 3.06 31.37
559.00 3.06 31.35
560.00 3.06 31.42
561.00 3.05 31.52
562.00 3.06 31.59
563.00 3.04 31.61
564.00 3.01 31.51
565.00 2.99 31.47
566.00 2.99 31.46
567.00 2.99 31.44
568.00 2.97 31.43
569.00 2.95 31.55
570.00 2.95 31.51
571.00 2.97 31.55
572.00 3.01 31.56
573.00 3.03 31.60
574.00 3.04 31.61
575.00 3.03 31.58
576.00 3.03 31.53
577.00 3.02 31.48
578.00 3.03 31.41
579.00 3.06 31.42
580.00 3.06 31.42
581.00 3.07 31.41
582.00 3.10 31.38
583.00 3.10 31.35
584.00 3.10 31.29
585.00 3.09 31.29
586.00 3.08 31.31
587.00 3.08 31.33
588.00 3.08 31.35
589.00 3.08 31.33
590.00 3.07 31.33
591.00 3.06 31.36
592.00 3.04 31.30
593.00 2.99 31.21
594.00 2.95 31.22
595.00 2.93 31.21
596.00 2.90 31.25
597.00 2.86 31.22
598.00 2.83 31.26
599.00 2.83 31.32
600.00 2.81 31.29
601.00 2.79 31.30
602.00 2.77 31.31
603.00 2.76 31.19
604.00 2.76 31.18
605.00 2.75 31.18
606.00 2.74 31.19
607.00 2.73 31.13
608.00 2.72 31.11
609.00 2.71 30.99
610.00 2.69 30.98
611.00 2.68 30.94
612.00 2.66 30.90
613.00 2.65 30.82
614.00 2.64 30.80
615.00 2.64 30.68
616.00 2.64 30.65
617.00 2.64 30.58
618.00 2.62 30.63
619.00 2.62 30.66
620.00 2.63 30.70
621.00 2.64 30.76
622.00 2.64 30.70
623.00 2.62 30.59
624.00 2.61 30.61
625.00 2.60 30.52
626.00 2.58 30.50
627.00 2.55 30.40
628.00 2.54 30.30
629.00 2.52 30.31
630.00 2.52 30.25
631.00 2.51 30.26
632.00 2.53 30.26
633.00 2.54 30.19
634.00 2.55 30.19
635.00 2.54 30.22
636.00 2.54 30.15
637.00 2.53 30.23
638.00 2.53 30.23
639.00 2.52 30.23
640.00 2.52 30.16
641.00 2.51 30.16
642.00 2.50 30.15
643.00 2.49 30.13
644.00 2.49 30.12
645.00 2.50 30.13
646.00 2.49 30.17
647.00 2.51 30.13
648.00 2.53 30.10
649.00 2.53 30.10
650.00 2.52 30.06
651.00 2.50 30.07
652.00 2.48 30.09
653.00 2.47 30.17
654.00 2.48 30.22
655.00 2.48 30.25
656.00 2.50 30.29
657.00 2.51 30.37
658.00 2.52 30.40
659.00 2.53 30.45
660.00 2.54 30.59
661.00 2.54 30.67
662.00 2.54 30.73
663.00 2.54 30.77
664.00 2.55 30.89
665.00 2.57 30.95
666.00 2.58 31.05
667.00 2.62 31.08
668.00 2.62 31.13
669.00 2.64 31.10
670.00 2.66 31.15
671.00 2.66 31.22
672.00 2.66 31.20
673.00 2.66 31.13
674.00 2.66 31.12
675.00 2.66 31.09
676.00 2.66 31.03
677.00 2.64 31.01
678.00 2.62 30.99
679.00 2.60 30.95
680.00 2.61 30.92
681.00 2.63 30.82
682.00 2.63 30.71
683.00 2.63 30.64
684.00 2.64 30.56
685.00 2.65 30.52
686.00 2.64 30.49
687.00 2.64 30.41
688.00 2.64 30.33
689.00 2.63 30.30
690.00 2.63 30.25
691.00 2.61 30.21
692.00 2.60 30.20
693.00 2.59 30.09
694.00 2.55 30.10
695.00 2.54 30.04
696.00 2.52 30.03
697.00 2.52 30.05
698.00 2.53 30.06
699.00 2.53 30.10
700.00 2.51 30.12
701.00 2.49 30.10
702.00 2.50 30.09
703.00 2.53 30.07
704.00 2.54 30.10
705.00 2.55 30.10
706.00 2.55 30.18
707.00 2.58 30.18
708.00 2.60 30.25
709.00 2.61 30.28
710.00 2.61 30.24
711.00 2.63 30.29
712.00 2.64 30.34
713.00 2.65 30.41
714.00 2.65 30.47
715.00 2.68 30.44
716.00 2.69 30.42
717.00 2.68 30.38
718.00 2.69 30.38
719.00 2.71 30.27
720.00 2.71 30.23
721.00 2.70 30.21
722.00 2.70 30.17
723.00 2.70 30.09
724.00 2.70 30.10
725.00 2.70 30.15
726.00 2.71 30.20
727.00 2.73 30.20
728.00 2.72 30.30
729.00 2.73 30.35
730.00 2.77 30.37
731.00 2.81 30.39
732.00 2.84 30.37
733.00 2.86 30.38
734.00 2.89 30.34
735.00 2.90 30.42
736.00 2.92 30.32
737.00 2.92 30.29
738.00 2.93 30.22
739.00 2.95 30.20
740.00 2.95 30.17
741.00 2.94 30.10
742.00 2.90 30.06
743.00 2.88 30.10
744.00 2.89 30.06
745.00 2.88 30.07
746.00 2.86 30.07
747.00 2.86 30.05
748.00 2.88 30.04
749.00 2.89 30.03
750.00 2.90 30.02
751.00 2.91 30.00
752.00 2.92 30.00
753.00 2.95 30.01
754.00 2.96 30.01
755.00 2.96 30.03
756.00 2.97 30.05
757.00 2.97 29.92
758.00 2.96 29.90
759.00 2.95 29.88
760.00 2.95 29.76
761.00 2.95 29.66
762.00 2.95 29.59
763.00 2.96 29.60
764.00 2.96 29.60
765.00 2.96 29.60
766.00 2.95 29.56
767.00 2.94 29.42
768.00 2.93 29.39
769.00 2.92 29.37
770.00 2.90 29.34
771.00 2.90 29.34
772.00 2.90 29.36
773.00 2.90 29.43
774.00 2.90 29.45
775.00 2.91 29.55
776.00 2.94 29.57
777.00 2.96 29.57
778.00 2.98 29.54
779.00 2.97 29.50
780.00 2.96 29.35
781.00 2.91 29.35
782.00 2.89 29.32
783.00 2.90 29.33
784.00 2.91 29.40
785.00 2.90 29.45
786.00 2.91 29.43
787.00 2.91 29.43
788.00 2.91 29.47
789.00 2.92 29.41
790.00 2.93 29.40
791.00 2.93 29.33
792.00 2.91 29.37
793.00 2.91 29.29
794.00 2.87 29.19
795.00 2.84 29.08
796.00 2.84 29.11
797.00 2.84 29.10
798.00 2.84 29.13
799.00 2.83 29.11
800.00 2.83 29.17
801.00 2.84 29.16
802.00 2.82 29.13
803.00 2.82 29.09
804.00 2.81 29.11
805.00 2.82 29.02
806.00 2.79 28.94
807.00 2.78 28.90
808.00 2.74 28.98
809.00 2.73 29.03
810.00 2.72 28.96
811.00 2.70 28.95
812.00 2.70 28.88
813.00 2.70 28.90
814.00 2.71 28.86
815.00 2.72 28.83
816.00 2.73 28.88
817.00 2.74 28.89
818.00 2.75 28.88
819.00 2.74 28.85
820.00 2.74 28.86
821.00 2.74 28.93
822.00 2.76 28.96
823.00 2.76 28.88
824.00 2.76 28.85
825.00 2.78 28.85
826.00 2.78 28.79
827.00 2.78 28.82
828.00 2.79 28.72
829.00 2.78 28.66
830.00 2.80 28.63
831.00 2.79 28.63
832.00 2.77 28.62
833.00 2.76 28.59
834.00 2.75 28.53
835.00 2.75 28.44
836.00 2.77 28.38
837.00 2.75 28.40
838.00 2.73 28.43
839.00 2.75 28.53
840.00 2.78 28.49
841.00 2.81 28.50
842.00 2.83 28.49
843.00 2.85 28.56
844.00 2.87 28.52
845.00 2.87 28.50
846.00 2.89 28.37
847.00 2.90 28.35
848.00 2.90 28.32
849.00 2.91 28.23
850.00 2.91 28.19
851.00 2.90 28.18
852.00 2.89 28.21
853.00 2.89 28.22
854.00 2.90 28.17
855.00 2.89 28.17
856.00 2.90 28.15
857.00 2.90 28.06
858.00 2.86 28.02
859.00 2.85 27.93
860.00 2.85 27.94
861.00 2.85 27.89
862.00 2.86 27.83
863.00 2.83 27.82
864.00 2.84 27.82
865.00 2.84 27.79
866.00 2.84 27.73
867.00 2.83 27.72
868.00 2.82 27.64
869.00 2.83 27.62
870.00 2.85 27.56
871.00 2.87 27.53
872.00 2.86 27.51
873.00 2.84 27.55
874.00 2.85 27.52
875.00 2.88 27.50
876.00 2.90 27.43
877.00 2.90 27.38
878.00 2.91 27.32
879.00 2.88 27.33
880.00 2.87 27.28
881.00 2.87 27.28
882.00 2.88 27.35
883.00 2.87 27.31
884.00 2.87 27.39
885.00 2.89 27.37
886.00 2.90 27.40
887.00 2.90 27.29
888.00 2.90 27.29
889.00 2.89 27.27
890.00 2.90 27.34
891.00 2.91 27.40
892.00 2.91 27.40
893.00 2.94 27.35
894.00 2.95 27.31
895.00 2.95 27.27
896.00 2.95 27.16
897.00 2.93 27.12
898.00 2.91 27.05
899.00 2.90 27.00
900.00 2.85 26.90
901.00 2.82 26.80
902.00 2.78 26.85
903.00 2.76 26.78
904.00 2.76 26.78
905.00 2.77 26.79
906.00 2.78 26.79
907.00 2.79 26.74
908.00 2.76 26.74
909.00 2.74 26.74
910.00 2.70 26.72
911.00 2.69 26.61
912.00 2.69 26.61
913.00 2.72 26.63
914.00 2.75 26.64
915.00 2.75 26.60
916.00 2.76 26.54
917.00 2.78 26.53
918.00 2.79 26.57
919.00 2.80 26.47
920.00 2.79 26.57
921.00 2.81 26.55
922.00 2.80 26.54
923.00 2.81 26.50
924.00 2.80 26.52
925.00 2.79 26.39
926.00 2.76 26.35
927.00 2.75 26.29
928.00 2.75 26.42
929.00 2.75 26.39
930.00 2.73 26.40
931.00 2.70 26.42
932.00 2.67 26.41
933.00 2.65 26.41
934.00 2.63 26.38
935.00 2.60 26.37
936.00 2.59 26.40
937.00 2.59 26.45
938.00 2.57 26.47
939.00 2.57 26.37
940.00 2.57 26.35
941.00 2.58 26.31
942.00 2.58 26.33
943.00 2.58 26.34
944.00 2.59 26.28
945.00 2.59 26.23
946.00 2.60 26.18
947.00 2.61 26.29
948.00 2.62 26.29
949.00 2.61 26.34
950.00 2.61 26.32
951.00 2.61 26.29
952.00 2.62 26.23
953.00 2.61 26.16
954.00 2.61 26.07
955.00 2.61 26.09
956.00 2.60 26.04
957.00 2.58 25.99
958.00 2.57 25.98
959.00 2.56 26.00
960.00 2.58 25.88
961.00 2.57 25.85
962.00 2.57 25.74
963.00 2.59 25.80
964.00 2.59 25.79
965.00 2.61 25.73
966.00 2.62 25.71
967.00 2.62 25.58
968.00 2.61 25.55
969.00 2.61 25.54
970.00 2.62 25.56
971.00 2.63 25.62
972.00 2.62 25.63
973.00 2.62 25.53
974.00 2.60 25.54
975.00 2.60 25.50
976.00 2.59 25.48
977.00 2.59 25.39
978.00 2.57 25.25
979.00 2.54 25.20
980.00 2.51 25.12
981.00 2.50 25.04
982.00 2.48 25.03
983.00 2.46 25.09
984.00 2.44 25.09
985.00 2.41 25.02
986.00 2.36 24.85
987.00 2.31 24.69
988.00 2.28 24.54
989.00 2.26 24.40
990.00 2.23 24.35
991.00 2.19 24.28
992.00 2.18 24.25
993.00 2.18 24.23
994.00 2.18 24.19
995.00 2.18 24.16
996.00 2.19 24.08
997.00 2.18 24.13
998.00 2.18 24.04
999.00 2.19 24.09
1000.00 2.20 24.11
1001.00 2.21 24.10
1002.00 2.21 24.10
1003.00 2.19 24.14
1004.00 2.17 24.07
1005.00 2.18 24.04
1006.00 2.18 24.00
1007.00 2.16 24.06
1008.00 2.17 24.07
1009.00 2.14 24.00
1010.00 2.14 24.06
1011.00 2.16 24.08
1012.00 2.13 24.04
1013.00 2.11 23.96
1014.00 2.07 23.88
1015.00 2.05 23.77
1016.00 2.05 23.69
1017.00 2.04 23.71
1018.00 2.04 23.67
1019.00 2.04 23.65
1020.00 2.05 23.68
1021.00 2.05 23.58
1022.00 2.03 23.52
1023.00 2.04 23.54
1024.00 2.04 23.48
1025.00 2.04 23.40
1026.00 2.04 23.42
1027.00 2.05 23.46
1028.00 2.07 23.55
1029.00 2.07 23.51
1030.00 2.08 23.54
1031.00 2.07 23.52
1032.00 2.06 23.48
1033.00 2.05 23.44
1034.00 2.05 23.41
1035.00 2.06 23.42
1036.00 2.05 23.41
1037.00 2.03 23.43
1038.00 2.01 23.39
1039.00 2.00 23.40
1040.00 1.99 23.37
1041.00 1.99 23.30
1042.00 2.01 23.32
1043.00 2.02 23.24
1044.00 2.00 23.20
1045.00 2.00 23.12
1046.00 1.99 23.13
1047.00 1.98 23.08
1048.00 1.96 23.07
1049.00 1.95 23.00
1050.00 1.95 23.02
1051.00 1.95 22.95
1052.00 1.95 22.97
1053.00 1.95 23.00
1054.00 1.95 23.03
1055.00 1.96 22.90
1056.00 1.96 22.90
1057.00 1.95 22.81
1058.00 1.97 22.88
1059.00 1.97 22.84
1060.00 1.98 22.82
1061.00 1.98 22.80
1062.00 1.98 22.79
1063.00 1.97 22.72
1064.00 1.97 22.73
1065.00 1.97 22.65
1066.00 1.98 22.62
1067.00 1.99 22.60
1068.00 1.97 22.62
1069.00 1.96 22.67
1070.00 1.95 22.53
1071.00 1.97 22.51
1072.00 1.98 22.52
1073.00 2.00 22.59
1074.00 2.00 22.60
1075.00 2.00 22.59
1076.00 2.03 22.66
1077.00 2.03 22.74
1078.00 2.04 22.72
1079.00 2.03 22.72
1080.00 2.03 22.66
1081.00 2.04 22.62
1082.00 2.05 22.61
1083.00 2.05 22.58
1084.00 2.05 22.52
1085.00 2.06 22.45
1086.00 2.08 22.41
1087.00 2.04 22.35
1088.00 2.04 22.35
1089.00 2.02 22.36
1090.00 2.02 22.32
1091.00 2.01 22.31
1092.00 2.01 22.33
1093.00 2.00 22.26
1094.00 2.00 22.26
1095.00 2.00 22.21
1096.00 1.98 22.15
1097.00 1.97 22.03
1098.00 1.96 21.97
1099.00 1.95 21.96
1100.00 1.95 22.04
1101.00 1.97 22.05
1102.00 1.97 22.07
1103.00 1.99 22.08
1104.00 1.98 22.13
1105.00 1.99 22.15
1106.00 1.98 22.22
1107.00 1.97 22.22
1108.00 1.95 22.28
1109.00 1.94 22.21
1110.00 1.95 22.17
1111.00 1.96 22.10
1112.00 1.97 22.06
1113.00 1.97 22.02
1114.00 1.96 21.96
1115.00 1.97 21.96
1116.00 1.95 21.92
1117.00 1.93 21.98
1118.00 1.92 21.98
1119.00 1.92 21.99
1120.00 1.89 21.99
1121.00 1.88 21.92
1122.00 1.90 21.95
1123.00 1.88 21.97
1124.00 1.85 21.96
1125.00 1.84 22.00
1126.00 1.85 21.98
1127.00 1.86 21.88
1128.00 1.88 21.79
1129.00 1.89 21.79
1130.00 1.88 21.77
1131.00 1.88 21.76
1132.00 1.86 21.71
1133.00 1.85 21.68
1134.00 1.85 21.66
1135.00 1.86 21.65
1136.00 1.85 21.66
1137.00 1.85 21.59
1138.00 1.87 21.62
1139.00 1.87 21.64
1140.00 1.87 21.67
1141.00 1.88 21.68
1142.00 1.87 21.66
1143.00 1.86 21.73
1144.00 1.87 21.74
1145.00 1.88 21.74
1146.00 1.86 21.66
1147.00 1.85 21.66
1148.00 1.84 21.57
1149.00 1.84 21.56
1150.00 1.85 21.52
1151.00 1.85 21.48
1152.00 1.84 21.51
1153.00 1.85 21.58
1154.00 1.86 21.50
1155.00 1.84 21.47
1156.00 1.85 21.46
1157.00 1.86 21.50
1158.00 1.87 21.51
1159.00 1.85 21.53
1160.00 1.84 21.56
1161.00 1.84 21.55
1162.00 1.85 21.55
1163.00 1.84 21.56
1164.00 1.88 21.56
1165.00 1.88 21.60
1166.00 1.88 21.55
1167.00 1.87 21.57
1168.00 1.88 21.49
1169.00 1.91 21.46
1170.00 1.89 21.39
1171.00 1.90 21.45
1172.00 1.87 21.44
1173.00 1.87 21.52
1174.00 1.86 21.50
1175.00 1.88 21.56
1176.00 1.89 21.52
1177.00 1.88 21.47
1178.00 1.89 21.44
1179.00 1.90 21.37
1180.00 1.89 21.28
1181.00 1.87 21.22
1182.00 1.87 21.26
1183.00 1.87 21.20
1184.00 1.90 21.21
1185.00 1.92 21.21
1186.00 1.92 21.16
1187.00 1.94 21.15
1188.00 1.96 21.11
1189.00 1.95 21.17
1190.00 1.96 21.14
1191.00 1.96 21.09
1192.00 1.98 20.96
1193.00 1.97 20.88
1194.00 1.98 20.90
1195.00 1.96 20.89
1196.00 1.96 20.86
1197.00 1.94 20.84
1198.00 1.95 20.77
1199.00 1.95 20.79
1200.00 1.97 20.77
1201.00 1.97 20.80
1202.00 1.99 20.80
1203.00 2.00 20.77
1204.00 2.00 20.73
1205.00 2.03 20.71
1206.00 2.04 20.70
1207.00 2.01 20.67
1208.00 2.00 20.67
1209.00 2.00 20.70
1210.00 1.99 20.70
1211.00 2.00 20.67
1212.00 2.00 20.68
1213.00 2.00 20.61
1214.00 2.00 20.66
1215.00 1.99 20.57
1216.00 2.00 20.49
1217.00 2.01 20.47
1218.00 2.00 20.37
1219.00 1.99 20.40
1220.00 1.99 20.39
1221.00 1.99 20.44
1222.00 1.98 20.46
1223.00 1.97 20.34
1224.00 1.98 20.27
1225.00 1.95 20.30
1226.00 1.94 20.22
1227.00 1.93 20.18
1228.00 1.94 20.25
1229.00 1.92 20.26
1230.00 1.91 20.28
1231.00 1.90 20.32
1232.00 1.91 20.30
1233.00 1.91 20.30
1234.00 1.92 20.24
1235.00 1.94 20.23
1236.00 1.96 20.26
1237.00 1.95 20.28
1238.00 1.99 20.36
1239.00 2.01 20.32
1240.00 2.01 20.36
1241.00 2.00 20.31
1242.00 2.01 20.37
1243.00 2.00 20.29
1244.00 2.02 20.31
1245.00 2.01 20.32
1246.00 2.02 20.34
1247.00 2.02 20.30
1248.00 2.01 20.26
1249.00 2.01 20.33
1250.00 2.00 20.28
1251.00 2.01 20.33
1252.00 2.00 20.33
1253.00 2.00 20.32
1254.00 1.99 20.28
1255.00 2.00 20.26
1256.00 1.99 20.26
1257.00 1.99 20.24
1258.00 1.98 20.21
1259.00 1.98 20.22
1260.00 2.00 20.23
1261.00 2.00 20.24
1262.00 2.02 20.27
1263.00 2.01 20.27
1264.00 2.02 20.25
1265.00 2.01 20.31
1266.00 2.00 20.38
1267.00 2.00 20.31
1268.00 2.03 20.32
1269.00 2.03 20.31
1270.00 2.03 20.35
1271.00 2.02 20.37
1272.00 2.02 20.29
1273.00 2.02 20.32
1274.00 2.02 20.36
1275.00 2.03 20.35
1276.00 2.03 20.30
1277.00 2.03 20.34
1278.00 2.02 20.31
1279.00 2.03 20.37
1280.00 2.02 20.40
1281.00 2.04 20.47
1282.00 2.04 20.45
1283.00 2.04 20.33
1284.00 2.05 20.23
1285.00 2.08 20.21
1286.00 2.07 20.25
1287.00 2.07 20.21
1288.00 2.07 20.31
1289.00 2.08 20.28
1290.00 2.08 20.30
1291.00 2.09 20.25
1292.00 2.11 20.31
1293.00 2.12 20.38
1294.00 2.11 20.34
1295.00 2.13 20.28
1296.00 2.13 20.21
1297.00 2.12 20.27
1298.00 2.11 20.30
1299.00 2.10 20.26
1300.00 2.11 20.28
1301.00 2.10 20.24
1302.00 2.10 20.28
1303.00 2.09 20.30
1304.00 2.08 20.33
1305.00 2.08 20.30
1306.00 2.08 20.35
1307.00 2.07 20.35
1308.00 2.09 20.36
1309.00 2.07 20.27
1310.00 2.08 20.29
1311.00 2.09 20.37
1312.00 2.09 20.46
1313.00 2.11 20.49
1314.00 2.09 20.51
1315.00 2.08 20.49
1316.00 2.08 20.44
1317.00 2.10 20.43
1318.00 2.12 20.44
1319.00 2.12 20.38
1320.00 2.11 20.43
1321.00 2.11 20.42
1322.00 2.12 20.41
1323.00 2.12 20.44
1324.00 2.10 20.46
1325.00 2.11 20.38
1326.00 2.12 20.39
1327.00 2.11 20.39
1328.00 2.10 20.42
1329.00 2.10 20.42
1330.00 2.10 20.48
1331.00 2.10 20.49
1332.00 2.11 20.48
1333.00 2.10 20.48
1334.00 2.11 20.57
1335.00 2.09 20.60
1336.00 2.11 20.66
1337.00 2.11 20.59
1338.00 2.12 20.55
1339.00 2.14 20.50
1340.00 2.13 20.59
1341.00 2.13 20.57
1342.00 2.13 20.60
1343.00 2.13 20.62
1344.00 2.15 20.58
1345.00 2.14 20.60
1346.00 2.15 20.56
1347.00 2.16 20.53
1348.00 2.17 20.57
1349.00 2.16 20.47
1350.00 2.16 20.51
1351.00 2.15 20.46
1352.00 2.17 20.40
1353.00 2.16 20.25
1354.00 2.15 20.27
1355.00 2.14 20.21
1356.00 2.16 20.32
1357.00 2.17 20.34
1358.00 2.17 20.31
1359.00 2.18 20.28
1360.00 2.16 20.20
1361.00 2.15 20.12
1362.00 2.15 20.15
1363.00 2.15 20.10
1364.00 2.14 20.12
1365.00 2.16 20.16
1366.00 2.16 20.11
1367.00 2.17 20.10
1368.00 2.16 20.10
1369.00 2.16 20.11
1370.00 2.13 20.10
1371.00 2.11 19.99
1372.00 2.09 20.02
1373.00 2.11 19.97
1374.00 2.09 19.95
1375.00 2.11 19.88
1376.00 2.10 19.87
1377.00 2.09 19.87
1378.00 2.10 19.79
1379.00 2.11 19.79
1380.00 2.11 19.76
1381.00 2.11 19.75
1382.00 2.10 19.68
1383.00 2.09 19.70
1384.00 2.13 19.57
1385.00 2.14 19.58
1386.00 2.15 19.59
1387.00 2.15 19.65
1388.00 2.12 19.67
1389.00 2.11 19.59
1390.00 2.10 19.54
1391.00 2.11 19.53
1392.00 2.10 19.51
1393.00 2.11 19.46
1394.00 2.10 19.43
1395.00 2.10 19.36
1396.00 2.12 19.38
1397.00 2.13 19.42
1398.00 2.13 19.45
1399.00 2.13 19.41
1400.00 2.14 19.39
1401.00 2.13 19.33
1402.00 2.15 19.38
1403.00 2.16 19.30
1404.00 2.16 19.28
1405.00 2.16 19.26
1406.00 2.14 19.31
1407.00 2.15 19.35
1408.00 2.18 19.38
1409.00 2.19 19.37
1410.00 2.19 19.34
1411.00 2.20 19.37
1412.00 2.22 19.34
1413.00 2.20 19.33
1414.00 2.19 19.33
1415.00 2.17 19.30
1416.00 2.17 19.25
1417.00 2.17 19.31
1418.00 2.19 19.28
1419.00 2.19 19.25
1420.00 2.20 19.18
1421.00 2.20 19.13
1422.00 2.19 19.12
1423.00 2.18 19.14
1424.00 2.20 19.05
1425.00 2.21 19.02
1426.00 2.23 19.00
1427.00 2.23 19.05
1428.00 2.23 19.10
1429.00 2.23 19.06
1430.00 2.22 19.04
1431.00 2.23 19.05
1432.00 2.23 19.06
1433.00 2.23 19.14
1434.00 2.24 19.07
1435.00 2.24 19.05
1436.00 2.24 19.00
1437.00 2.25 19.01
1438.00 2.23 19.07
1439.00 2.25 19.01
1440.00 2.26 18.89
1441.00 2.27 18.83
1442.00 2.28 18.77
1443.00 2.26 18.71
1444.00 2.25 18.67
1445.00 2.24 18.63
1446.00 2.23 18.60
1447.00 2.22 18.59
1448.00 2.22 18.54
1449.00 2.21 18.47
1450.00 2.21 18.44
1451.00 2.20 18.52
1452.00 2.19 18.48
1453.00 2.19 18.47
1454.00 2.19 18.37
1455.00 2.19 18.35
1456.00 2.20 18.34
1457.00 2.20 18.22
1458.00 2.20 18.22
1459.00 2.20 18.16
1460.00 2.19 18.14
1461.00 2.23 18.10
1462.00 2.21 18.16
1463.00 2.22 18.17
1464.00 2.22 18.16
1465.00 2.24 18.19
1466.00 2.25 18.28
1467.00 2.25 18.29
1468.00 2.25 18.34
1469.00 2.26 18.28
1470.00 2.28 18.37
1471.00 2.29 18.32
1472.00 2.29 18.30
1473.00 2.27 18.23
1474.00 2.26 18.24
1475.00 2.28 18.14
1476.00 2.31 18.14
1477.00 2.30 18.11
1478.00 2.31 18.20
1479.00 2.32 18.19
1480.00 2.32 18.16
1481.00 2.34 18.20
1482.00 2.33 18.18
1483.00 2.36 18.22
1484.00 2.35 18.27
1485.00 2.36 18.32
1486.00 2.38 18.22
1487.00 2.38 18.20
1488.00 2.39 18.24
1489.00 2.39 18.26
1490.00 2.38 18.24
1491.00 2.37 18.20
1492.00 2.38 18.20
1493.00 2.39 18.19
1494.00 2.38 18.11
1495.00 2.39 18.17
1496.00 2.38 18.16
1497.00 2.38 18.21
1498.00 2.37 18.21
1499.00 2.37 18.21
1500.00 2.37 18.25
1501.00 2.37 18.30
1502.00 2.38 18.26
1503.00 2.39 18.22
1504.00 2.39 18.20
1505.00 2.40 18.25
1506.00 2.38 18.24
1507.00 2.38 18.21
1508.00 2.39 18.14
1509.00 2.41 18.14
1510.00 2.38 18.08
1511.00 2.36 18.00
1512.00 2.37 17.97
1513.00 2.39 17.94
1514.00 2.41 17.95
1515.00 2.42 17.98
1516.00 2.41 18.04
1517.00 2.43 18.07
1518.00 2.42 18.07
1519.00 2.40 18.09
1520.00 2.40 18.00
1521.00 2.39 18.02
1522.00 2.38 17.98
1523.00 2.38 18.00
1524.00 2.38 17.92
1525.00 2.38 17.90
1526.00 2.37 17.93
1527.00 2.35 17.79
1528.00 2.37 17.81
1529.00 2.39 17.81
1530.00 2.42 17.92
1531.00 2.43 17.93
1532.00 2.44 18.00
1533.00 2.43 18.02
1534.00 2.45 17.98
1535.00 2.44 17.88
1536.00 2.42 17.85
1537.00 2.43 17.87
1538.00 2.44 17.88
1539.00 2.45 17.86
1540.00 2.44 17.89
1541.00 2.43 17.87
1542.00 2.43 17.75
1543.00 2.43 17.76
1544.00 2.43 17.75
1545.00 2.45 17.79
1546.00 2.47 17.83
1547.00 2.48 17.87
1548.00 2.49 17.83
1549.00 2.49 17.86
1550.00 2.50 17.82
1551.00 2.49 17.85
1552.00 2.50 17.80
1553.00 2.51 17.76
1554.00 2.49 17.72
1555.00 2.52 17.74
1556.00 2.50 17.74
1557.00 2.51 17.82
1558.00 2.51 17.73
1559.00 2.52 17.73
1560.00 2.52 17.76
1561.00 2.54 17.82
1562.00 2.55 17.75
1563.00 2.55 17.77
1564.00 2.55 17.73
1565.00 2.55 17.79
1566.00 2.56 17.79
1567.00 2.56 17.83
1568.00 2.54 17.80
1569.00 2.52 17.77
1570.00 2.55 17.85
1571.00 2.55 17.87
1572.00 2.55 17.87
1573.00 2.57 17.91
1574.00 2.57 17.88
1575.00 2.56 17.89
1576.00 2.56 17.90
1577.00 2.56 17.90
1578.00 2.55 17.93
1579.00 2.54 17.96
1580.00 2.55 17.97
1581.00 2.53 17.94
1582.00 2.55 17.87
1583.00 2.53 17.83
1584.00 2.54 17.84
1585.00 2.55 17.84
1586.00 2.53 17.79
1587.00 2.51 17.75
1588.00 2.53 17.78
1589.00 2.51 17.83
1590.00 2.49 17.92
1591.00 2.51 17.94
1592.00 2.51 17.99
1593.00 2.52 18.02
1594.00 2.53 18.10
1595.00 2.52 18.07
1596.00 2.51 18.02
1597.00 2.53 17.94
1598.00 2.53 18.08
1599.00 2.53 18.08
1600.00 2.51 18.05
1601.00 2.52 17.94
1602.00 2.53 17.85
1603.00 2.55 17.78
1604.00 2.54 17.84
1605.00 2.53 17.81
1606.00 2.54 17.89
1607.00 2.54 17.87
1608.00 2.53 17.89
1609.00 2.53 17.86
1610.00 2.52 17.79
1611.00 2.52 17.78
1612.00 2.53 17.79
1613.00 2.52 17.89
1614.00 2.53 17.76
1615.00 2.52 17.73
1616.00 2.51 17.71
1617.00 2.51 17.61
1618.00 2.49 17.55
1619.00 2.47 17.54
1620.00 2.48 17.57
1621.00 2.47 17.52
1622.00 2.48 17.48
1623.00 2.48 17.53
1624.00 2.50 17.54
1625.00 2.50 17.58
1626.00 2.50 17.60
1627.00 2.50 17.58
1628.00 2.50 17.58
1629.00 2.49 17.51
1630.00 2.50 17.48
1631.00 2.50 17.53
1632.00 2.51 17.55
1633.00 2.51 17.57
1634.00 2.51 17.54
1635.00 2.51 17.64
1636.00 2.51 17.60
1637.00 2.51 17.61
1638.00 2.50 17.47
1639.00 2.49 17.41
1640.00 2.48 17.38
1641.00 2.48 17.32
1642.00 2.48 17.37
1643.00 2.47 17.37
1644.00 2.47 17.41
1645.00 2.46 17.40
1646.00 2.47 17.25
1647.00 2.46 17.24
1648.00 2.49 17.27
1649.00 2.49 17.33
1650.00 2.48 17.38
1651.00 2.49 17.39
1652.00 2.50 17.43
1653.00 2.50 17.43
1654.00 2.48 17.42
1655.00 2.50 17.50
1656.00 2.49 17.52
1657.00 2.49 17.53
1658.00 2.50 17.48
1659.00 2.50 17.46
1660.00 2.49 17.46
1661.00 2.50 17.52
1662.00 2.50 17.52
1663.00 2.50 17.55
1664.00 2.51 17.64
1665.00 2.52 17.69
1666.00 2.53 17.73
1667.00 2.54 17.67
1668.00 2.51 17.62
1669.00 2.49 17.59
1670.00 2.50 17.59
1671.00 2.51 17.63
1672.00 2.49 17.57
1673.00 2.48 17.52
1674.00 2.47 17.49
1675.00 2.49 17.50
1676.00 2.47 17.48
1677.00 2.48 17.45
1678.00 2.48 17.43
1679.00 2.48 17.49
1680.00 2.48 17.45
1681.00 2.48 17.37
1682.00 2.49 17.38
1683.00 2.49 17.37
1684.00 2.50 17.49
1685.00 2.52 17.58
1686.00 2.52 17.60
1687.00 2.51 17.55
1688.00 2.50 17.58
1689.00 2.50 17.65
1690.00 2.50 17.69
1691.00 2.50 17.71
1692.00 2.51 17.69
1693.00 2.49 17.67
1694.00 2.50 17.68
1695.00 2.49 17.61
1696.00 2.50 17.54
1697.00 2.50 17.56
1698.00 2.49 17.55
1699.00 2.47 17.55
1700.00 2.47 17.46
1701.00 2.48 17.42
1702.00 2.49 17.44
1703.00 2.50 17.43
1704.00 2.48 17.42
1705.00 2.46 17.49
1706.00 2.46 17.52
1707.00 2.46 17.45
1708.00 2.46 17.45
1709.00 2.46 17.44
1710.00 2.46 17.47
1711.00 2.46 17.42
1712.00 2.45 17.40
1713.00 2.46 17.46
1714.00 2.45 17.41
1715.00 2.45 17.36
1716.00 2.46 17.32
1717.00 2.47 17.35
1718.00 2.45 17.36
1719.00 2.45 17.31
1720.00 2.45 17.29
1721.00 2.45 17.25
1722.00 2.47 17.22
1723.00 2.47 17.17
1724.00 2.48 17.16
1725.00 2.49 17.17
1726.00 2.49 17.12
1727.00 2.46 17.06
1728.00 2.47 17.07
1729.00 2.46 17.09
1730.00 2.45 17.10
1731.00 2.46 17.07
1732.00 2.48 17.11
1733.00 2.46 17.13
1734.00 2.46 17.13
1735.00 2.46 17.19
1736.00 2.46 17.19
1737.00 2.46 17.12
1738.00 2.46 17.13
1739.00 2.44 17.06
1740.00 2.45 17.07
1741.00 2.44 17.02
1742.00 2.42 17.04
1743.00 2.40 17.03
1744.00 2.39 16.94
1745.00 2.38 16.90
1746.00 2.36 16.95
1747.00 2.36 16.93
1748.00 2.35 16.99
1749.00 2.34 16.95
1750.00 2.35 16.95
1751.00 2.34 16.96
1752.00 2.34 16.95
1753.00 2.34 16.94
1754.00 2.33 16.84
1755.00 2.32 16.84
1756.00 2.32 16.88
1757.00 2.33 16.91
1758.00 2.34 16.98
1759.00 2.35 17.03
1760.00 2.35 17.02
1761.00 2.36 16.96
1762.00 2.35 17.02
1763.00 2.35 17.06
1764.00 2.34 17.04
1765.00 2.35 17.01
1766.00 2.34 16.94
1767.00 2.35 16.98
1768.00 2.35 17.02
1769.00 2.36 17.01
1770.00 2.35 16.93
1771.00 2.33 16.89
1772.00 2.33 16.85
1773.00 2.33 16.91
1774.00 2.32 16.93
1775.00 2.33 16.96
1776.00 2.33 16.97
1777.00 2.32 17.05
1778.00 2.31 17.00
1779.00 2.30 17.11
1780.00 2.32 17.07
1781.00 2.32 17.07
1782.00 2.31 17.11
1783.00 2.31 17.13
1784.00 2.32 17.18
1785.00 2.33 17.21
1786.00 2.35 17.25
1787.00 2.34 17.34
1788.00 2.33 17.33
1789.00 2.32 17.34
1790.00 2.32 17.32
1791.00 2.30 17.30
1792.00 2.31 17.30
1793.00 2.31 17.38
1794.00 2.30 17.37
1795.00 2.31 17.43
1796.00 2.31 17.47
1797.00 2.30 17.45
1798.00 2.30 17.51
1799.00 2.30 17.46
1800.00 2.30 17.54
1801.00 2.29 17.57
1802.00 2.28 17.54
1803.00 2.28 17.51
1804.00 2.30 17.50
1805.00 2.29 17.47
1806.00 2.26 17.44
1807.00 2.26 17.44
1808.00 2.26 17.44
1809.00 2.25 17.47
1810.00 2.26 17.45
1811.00 2.25 17.43
1812.00 2.26 17.46
1813.00 2.25 17.48
1814.00 2.27 17.51
1815.00 2.26 17.55
1816.00 2.25 17.49
1817.00 2.23 17.52
1818.00 2.22 17.48
1819.00 2.23 17.50
1820.00 2.24 17.45
1821.00 2.24 17.51
1822.00 2.23 17.52
1823.00 2.23 17.49
1824.00 2.24 17.44
1825.00 2.24 17.46
1826.00 2.24 17.52
1827.00 2.23 17.57
1828.00 2.24 17.54
1829.00 2.23 17.55
1830.00 2.22 17.56
1831.00 2.22 17.56
1832.00 2.23 17.56
1833.00 2.22 17.57
1834.00 2.21 17.53
1835.00 2.22 17.48
1836.00 2.20 17.38
1837.00 2.20 17.38
1838.00 2.16 17.39
1839.00 2.17 17.42
1840.00 2.17 17.39
1841.00 2.18 17.42
1842.00 2.21 17.45
1843.00 2.20 17.46
1844.00 2.19 17.51
1845.00 2.19 17.50
1846.00 2.17 17.49
1847.00 2.15 17.51
1848.00 2.15 17.45
1849.00 2.13 17.42
1850.00 2.12 17.33
1851.00 2.10 17.32
1852.00 2.10 17.26
1853.00 2.10 17.29
1854.00 2.09 17.17
1855.00 2.09 17.08
1856.00 2.06 17.08
1857.00 2.08 17.17
1858.00 2.08 17.18
1859.00 2.10 17.26
1860.00 2.11 17.26
1861.00 2.12 17.32
1862.00 2.13 17.35
1863.00 2.11 17.34
1864.00 2.11 17.33
1865.00 2.11 17.34
1866.00 2.11 17.29
1867.00 2.10 17.23
1868.00 2.09 17.21
1869.00 2.10 17.17
1870.00 2.12 17.12
1871.00 2.13 17.14
1872.00 2.12 17.13
1873.00 2.12 17.16
1874.00 2.13 17.19
1875.00 2.12 17.15
1876.00 2.11 17.10
1877.00 2.12 17.06
1878.00 2.13 17.15
1879.00 2.12 17.12
1880.00 2.12 17.15
1881.00 2.14 17.06
1882.00 2.14 17.08
1883.00 2.16 17.02
1884.00 2.14 16.99
1885.00 2.14 16.98
1886.00 2.15 16.96
1887.00 2.15 17.01
1888.00 2.14 17.07
1889.00 2.16 17.05
1890.00 2.14 17.07
1891.00 2.14 17.09
1892.00 2.14 17.10
1893.00 2.14 17.06
1894.00 2.15 17.08
1895.00 2.15 17.07
1896.00 2.15 17.03
1897.00 2.16 17.05
1898.00 2.16 17.10
1899.00 2.16 17.10
1900.00 2.17 17.08
1901.00 2.17 17.07
1902.00 2.20 17.15
1903.00 2.20 17.17
1904.00 2.21 17.15
1905.00 2.22 17.16
1906.00 2.22 17.14
1907.00 2.23 17.14
1908.00 2.24 17.18
1909.00 2.23 17.19
1910.00 2.21 17.24
1911.00 2.22 17.25
1912.00 2.21 17.30
1913.00 2.21 17.27
1914.00 2.21 17.27
1915.00 2.21 17.28
1916.00 2.22 17.26
1917.00 2.20 17.29
1918.00 2.22 17.27
1919.00 2.22 17.20
1920.00 2.21 17.19
1921.00 2.22 17.16
1922.00 2.22 17.27
1923.00 2.23 17.32
1924.00 2.23 17.36
1925.00 2.24 17.32
1926.00 2.26 17.37
1927.00 2.26 17.38
1928.00 2.26 17.43
1929.00 2.26 17.47
1930.00 2.25 17.50
1931.00 2.24 17.51
1932.00 2.24 17.51
1933.00 2.25 17.43
1934.00 2.26 17.42
1935.00 2.25 17.42
1936.00 2.23 17.43
1937.00 2.25 17.50
1938.00 2.26 17.45
1939.00 2.27 17.46
1940.00 2.27 17.49
1941.00 2.25 17.46
1942.00 2.24 17.48
1943.00 2.24 17.49
1944.00 2.25 17.50
1945.00 2.24 17.56
1946.00 2.26 17.47
1947.00 2.26 17.45
1948.00 2.26 17.47
1949.00 2.25 17.42
1950.00 2.25 17.51
1951.00 2.26 17.52
1952.00 2.27 17.52
1953.00 2.28 17.58
1954.00 2.29 17.53
1955.00 2.28 17.55
1956.00 2.29 17.51
1957.00 2.28 17.56
1958.00 2.27 17.60
1959.00 2.26 17.61
1960.00 2.26 17.55
1961.00 2.23 17.54
1962.00 2.24 17.55
1963.00 2.24 17.51
1964.00 2.23 17.48
1965.00 2.22 17.46
1966.00 2.21 17.42
1967.00 2.20 17.35
1968.00 2.19 17.30
1969.00 2.20 17.30
1970.00 2.19 17.23
1971.00 2.20 17.26
1972.00 2.20 17.24
1973.00 2.19 17.28
1974.00 2.18 17.24
1975.00 2.19 17.29
1976.00 2.21 17.29
1977.00 2.19 17.37
1978.00 2.20 17.43
1979.00 2.21 17.36
1980.00 2.21 17.38
1981.00 2.22 17.34
1982.00 2.22 17.31
1983.00 2.22 17.39
1984.00 2.22 17.38
1985.00 2.22 17.36
1986.00 2.22 17.36
1987.00 2.20 17.35
1988.00 2.20 17.34
1989.00 2.21 17.35
1990.00 2.22 17.34
1991.00 2.22 17.30
1992.00 2.22 17.30
1993.00 2.22 17.24
1994.00 2.21 17.32
1995.00 2.20 17.31
1996.00 2.21 17.33
1997.00 2.20 17.34
1998.00 2.19 17.41
1999.00 2.19 17.33
2000.00 2.18 17.33
2001.00 2.18 17.39
2002.00 2.19 17.35
2003.00 2.18 17.38
2004.00 2.18 17.36
2005.00 2.18 17.37
2006.00 2.18 17.40
2007.00 2.18 17.37
2008.00 2.17 17.36
2009.00 2.15 17.33
2010.00 2.15 17.39
2011.00 2.15 17.39
2012.00 2.16 17.41
2013.00 2.18 17.41
2014.00 2.18 17.47
2015.00 2.18 17.44
2016.00 2.19 17.43
2017.00 2.16 17.40
2018.00 2.15 17.41
2019.00 2.14 17.40
2020.00 2.14 17.44
2021.00 2.15 17.48
2022.00 2.13 17.47
2023.00 2.11 17.46
2024.00 2.10 17.47
2025.00 2.09 17.48
2026.00 2.10 17.54
2027.00 2.12 17.50
2028.00 2.12 17.55
2029.00 2.15 17.60
2030.00 2.15 17.66
2031.00 2.16 17.67
2032.00 2.16 17.69
2033.00 2.17 17.73
2034.00 2.17 17.74
2035.00 2.18 17.77
2036.00 2.19 17.77
2037.00 2.18 17.77
2038.00 2.17 17.75
2039.00 2.18 17.78
2040.00 2.18 17.83
2041.00 2.19 17.88
2042.00 2.18 17.85
2043.00 2.18 17.85
2044.00 2.17 17.85
2045.00 2.16 17.84
2046.00 2.15 17.87
2047.00 2.13 17.81
2048.00 2.13 17.82
2049.00 2.13 17.90
2050.00 2.13 17.95
2051.00 2.12 17.99
2052.00 2.12 17.98
2053.00 2.13 18.02
2054.00 2.11 18.01
2055.00 2.10 18.00
2056.00 2.12 18.02
2057.00 2.11 18.08
2058.00 2.11 18.08
2059.00 2.09 18.08
2060.00 2.09 18.00
2061.00 2.09 18.00
2062.00 2.08 18.02
2063.00 2.08 18.08
2064.00 2.08 18.11
2065.00 2.08 18.12
2066.00 2.08 18.13
2067.00 2.09 18.07
2068.00 2.07 18.08
2069.00 2.06 18.12
2070.00 2.07 18.18
2071.00 2.06 18.15
2072.00 2.07 18.15
2073.00 2.07 18.15
2074.00 2.06 18.06
2075.00 2.06 18.02
2076.00 2.05 18.03
2077.00 2.04 18.07
2078.00 2.05 18.10
2079.00 2.03 18.14
2080.00 2.04 18.11
2081.00 2.04 18.02
2082.00 2.03 17.97
2083.00 2.03 17.96
2084.00 2.04 17.98
2085.00 2.04 18.00
2086.00 2.06 18.05
2087.00 2.04 18.08
2088.00 2.05 18.10
2089.00 2.05 18.10
2090.00 2.06 18.11
2091.00 2.08 18.06
2092.00 2.08 18.01
2093.00 2.08 18.05
2094.00 2.08 18.05
2095.00 2.07 18.00
2096.00 2.05 18.07
2097.00 2.06 18.10
2098.00 2.07 18.12
2099.00 2.08 18.11
2100.00 2.08 18.12
2101.00 2.07 18.10
2102.00 2.07 18.20
2103.00 2.06 18.16
2104.00 2.06 18.10
2105.00 2.05 18.15
2106.00 2.05 18.16
2107.00 2.06 18.20
2108.00 2.04 18.18
2109.00 2.05 18.22
2110.00 2.06 18.21
2111.00 2.04 18.19
2112.00 2.05 18.30
2113.00 2.03 18.24
2114.00 2.03 18.23
2115.00 2.02 18.26
2116.00 2.02 18.19
2117.00 2.03 18.20
2118.00 2.03 18.19
2119.00 2.03 18.16
2120.00 2.03 18.20
2121.00 2.04 18.21
2122.00 2.01 18.17
2123.00 2.01 18.16
2124.00 2.02 18.19
2125.00 2.00 18.16
2126.00 2.01 18.10
2127.00 2.02 18.04
2128.00 2.00 18.13
2129.00 1.99 18.14
2130.00 1.98 18.10
2131.00 2.02 18.06
2132.00 2.03 18.06
2133.00 2.03 18.17
2134.00 2.04 18.19
2135.00 2.04 18.16
2136.00 2.03 18.10
2137.00 2.02 18.05
2138.00 2.02 18.06
2139.00 2.05 18.05
2140.00 2.05 18.06
2141.00 2.05 18.07
2142.00 2.05 18.03
2143.00 2.05 18.04
2144.00 2.06 17.95
2145.00 2.07 17.91
2146.00 2.07 17.92
2147.00 2.06 17.93
2148.00 2.06 17.88
2149.00 2.05 17.90
2150.00 2.06 17.85
2151.00 2.07 17.89
2152.00 2.07 17.95
2153.00 2.09 17.96
2154.00 2.08 17.98
2155.00 2.09 17.98
2156.00 2.10 18.03
2157.00 2.10 18.05
2158.00 2.11 18.06
2159.00 2.10 18.10
2160.00 2.10 18.03
2161.00 2.11 18.04
2162.00 2.11 18.12
2163.00 2.12 18.09
2164.00 2.13 18.05
2165.00 2.11 18.07
2166.00 2.11 18.08
2167.00 2.12 18.16
2168.00 2.13 18.11
2169.00 2.13 18.11
2170.00 2.12 18.11
2171.00 2.12 18.06
2172.00 2.14 18.04
2173.00 2.15 18.07
2174.00 2.17 18.09
2175.00 2.17 18.10
2176.00 2.17 18.09
2177.00 2.17 18.10
2178.00 2.18 18.12
2179.00 2.19 18.09
2180.00 2.17 18.07
2181.00 2.15 18.11
2182.00 2.16 18.15
2183.00 2.15 18.17
2184.00 2.17 18.22
2185.00 2.17 18.26
2186.00 2.15 18.28
2187.00 2.15 18.27
2188.00 2.15 18.20
2189.00 2.16 18.20
2190.00 2.16 18.26
2191.00 2.15 18.20
2192.00 2.15 18.25
2193.00 2.14 18.24
2194.00 2.14 18.16
2195.00 2.14 18.18
2196.00 2.14 18.13
2197.00 2.12 18.22
2198.00 2.11 18.28
2199.00 2.11 18.24
2200.00 2.11 18.18
2201.00 2.12 18.20
2202.00 2.11 18.24
2203.00 2.11 18.22
2204.00 2.10 18.20
2205.00 2.11 18.29
2206.00 2.13 18.28
2207.00 2.14 18.31
2208.00 2.14 18.33
2209.00 2.13 18.40
2210.00 2.13 18.34
2211.00 2.12 18.38
2212.00 2.11 18.39
2213.00 2.10 18.37
2214.00 2.11 18.35
2215.00 2.12 18.37
2216.00 2.12 18.35
2217.00 2.11 18.38
2218.00 2.10 18.33
2219.00 2.11 18.33
2220.00 2.11 18.33
2221.00 2.11 18.31
2222.00 2.10 18.34
2223.00 2.11 18.36
2224.00 2.10 18.37
2225.00 2.11 18.33
2226.00 2.11 18.23
2227.00 2.11 18.30
2228.00 2.10 18.27
2229.00 2.09 18.29
2230.00 2.09 18.27
2231.00 2.09 18.21
2232.00 2.09 18.17
2233.00 2.08 18.20
2234.00 2.07 18.18
2235.00 2.09 18.22
2236.00 2.09 18.28
2237.00 2.10 18.29
2238.00 2.12 18.26
2239.00 2.13 18.26
2240.00 2.13 18.28
2241.00 2.12 18.29
2242.00 2.10 18.26
2243.00 2.12 18.29
2244.00 2.11 18.28
2245.00 2.10 18.26
2246.00 2.11 18.21
2247.00 2.09 18.21
2248.00 2.08 18.21
2249.00 2.08 18.28
2250.00 2.08 18.32
2251.00 2.11 18.35
2252.00 2.12 18.31
2253.00 2.13 18.22
2254.00 2.14 18.22
2255.00 2.12 18.21
2256.00 2.11 18.24
2257.00 2.12 18.24
2258.00 2.12 18.18
2259.00 2.11 18.19
2260.00 2.12 18.18
2261.00 2.11 18.26
2262.00 2.11 18.24
2263.00 2.10 18.25
2264.00 2.08 18.27
2265.00 2.10 18.22
2266.00 2.12 18.19
2267.00 2.13 18.25
2268.00 2.14 18.28
2269.00 2.15 18.31
2270.00 2.17 18.32
2271.00 2.18 18.37
2272.00 2.19 18.41
2273.00 2.18 18.36
2274.00 2.17 18.36
2275.00 2.16 18.33
2276.00 2.17 18.26
2277.00 2.17 18.35
2278.00 2.18 18.28
2279.00 2.17 18.28
2280.00 2.19 18.28
2281.00 2.18 18.26
2282.00 2.18 18.30
2283.00 2.17 18.33
2284.00 2.17 18.31
2285.00 2.18 18.35
2286.00 2.17 18.32
2287.00 2.17 18.32
2288.00 2.17 18.37
2289.00 2.15 18.36
2290.00 2.16 18.35
2291.00 2.15 18.36
2292.00 2.14 18.38
2293.00 2.14 18.28
2294.00 2.13 18.27
2295.00 2.13 18.32
2296.00 2.14 18.29
2297.00 2.13 18.32
2298.00 2.13 18.39
2299.00 2.12 18.36
2300.00 2.12 18.39
2301.00 2.11 18.37
2302.00 2.12 18.39
2303.00 2.11 18.39
2304.00 2.13 18.30
2305.00 2.14 18.29
2306.00 2.13 18.34
2307.00 2.12 18.33
2308.00 2.12 18.36
2309.00 2.12 18.41
2310.00 2.13 18.45
2311.00 2.14 18.44
2312.00 2.13 18.49
2313.00 2.14 18.50
2314.00 2.14 18.47
2315.00 2.14 18.45
2316.00 2.13 18.43
2317.00 2.14 18.49
2318.00 2.12 18.46
2319.00 2.11 18.46
2320.00 2.10 18.40
2321.00 2.10 18.43
2322.00 2.10 18.42
2323.00 2.10 18.46
2324.00 2.10 18.55
2325.00 2.12 18.57
2326.00 2.12 18.62
2327.00 2.10 18.67
2328.00 2.10 18.68
2329.00 2.10 18.68
2330.00 2.10 18.64
2331.00 2.09 18.61
2332.00 2.09 18.64
2333.00 2.09 18.61
2334.00 2.08 18.67
2335.00 2.09 18.69
2336.00 2.09 18.65
2337.00 2.10 18.72
2338.00 2.10 18.67
2339.00 2.12 18.64
2340.00 2.10 18.71
2341.00 2.10 18.68
2342.00 2.10 18.70
2343.00 2.10 18.71
2344.00 2.11 18.66
2345.00 2.11 18.66
2346.00 2.11 18.70
2347.00 2.12 18.62
2348.00 2.13 18.65
2349.00 2.12 18.57
2350.00 2.11 18.59
2351.00 2.11 18.59
2352.00 2.10 18.53
2353.00 2.11 18.54
2354.00 2.12 18.56
2355.00 2.11 18.57
2356.00 2.10 18.56
2357.00 2.09 18.60
2358.00 2.09 18.57
2359.00 2.07 18.56
2360.00 2.07 18.56
2361.00 2.06 18.48
2362.00 2.07 18.51
2363.00 2.07 18.51
2364.00 2.06 18.57
2365.00 2.08 18.55
2366.00 2.07 18.52
2367.00 2.07 18.51
2368.00 2.07 18.56
2369.00 2.07 18.53
2370.00 2.07 18.53
2371.00 2.06 18.50
2372.00 2.07 18.50
2373.00 2.05 18.44
2374.00 2.07 18.46
2375.00 2.06 18.52
2376.00 2.07 18.47
2377.00 2.09 18.50
2378.00 2.08 18.50
2379.00 2.09 18.52
2380.00 2.08 18.49
2381.00 2.09 18.45
2382.00 2.11 18.42
2383.00 2.12 18.43
2384.00 2.12 18.49
2385.00 2.14 18.53
2386.00 2.13 18.63
2387.00 2.13 18.65
2388.00 2.13 18.66
2389.00 2.15 18.69
2390.00 2.16 18.69
2391.00 2.15 18.68
2392.00 2.12 18.72
2393.00 2.13 18.77
2394.00 2.13 18.76
2395.00 2.14 18.82
2396.00 2.14 18.79
2397.00 2.14 18.81
2398.00 2.14 18.86
2399.00 2.13 18.86
2400.00 2.13 18.91
2401.00 2.13 18.94
2402.00 2.13 18.87
2403.00 2.12 18.91
2404.00 2.11 18.87
2405.00 2.10 18.85
2406.00 2.09 18.94
2407.00 2.07 18.88
2408.00 2.06 18.89
2409.00 2.05 18.86
2410.00 2.05 18.85
2411.00 2.05 18.82
2412.00 2.06 18.83
2413.00 2.06 18.85
2414.00 2.07 18.84
2415.00 2.08 18.84
2416.00 2.09 18.82
2417.00 2.10 18.81
2418.00 2.10 18.89
2419.00 2.11 18.86
2420.00 2.11 18.88
2421.00 2.11 18.91
2422.00 2.12 18.95
2423.00 2.10 18.97
2424.00 2.11 19.07
2425.00 2.11 19.10
2426.00 2.11 19.14
2427.00 2.12 19.09
2428.00 2.13 19.05
2429.00 2.12 19.12
2430.00 2.11 19.14
2431.00 2.11 19.17
2432.00 2.13 19.17
2433.00 2.12 19.13
2434.00 2.11 19.13
2435.00 2.10 19.11
2436.00 2.09 19.13
2437.00 2.10 19.10
2438.00 2.09 19.09
2439.00 2.08 19.10
2440.00 2.07 19.07
2441.00 2.07 19.11
2442.00 2.06 19.11
2443.00 2.06 19.10
2444.00 2.07 19.14
2445.00 2.07 19.20
2446.00 2.07 19.22
2447.00 2.06 19.16
2448.00 2.08 19.21
2449.00 2.09 19.29
2450.00 2.10 19.33
2451.00 2.10 19.35
2452.00 2.09 19.33
2453.00 2.10 19.34
2454.00 2.09 19.36
2455.00 2.10 19.34
2456.00 2.10 19.34
2457.00 2.10 19.37
2458.00 2.13 19.32
2459.00 2.11 19.34
2460.00 2.10 19.34
2461.00 2.11 19.29
2462.00 2.10 19.22
2463.00 2.10 19.26
2464.00 2.10 19.23
2465.00 2.09 19.25
2466.00 2.08 19.26
2467.00 2.08 19.26
2468.00 2.08 19.27
2469.00 2.08 19.22
2470.00 2.06 19.26
2471.00 2.07 19.23
2472.00 2.09 19.22
2473.00 2.08 19.25
2474.00 2.07 19.25
2475.00 2.08 19.26
2476.00 2.08 19.23
2477.00 2.07 19.21
2478.00 2.07 19.32
2479.00 2.07 19.31
2480.00 2.09 19.29
2481.00 2.10 19.25
2482.00 2.11 19.24
2483.00 2.11 19.25
2484.00 2.10 19.27
2485.00 2.12 19.26
2486.00 2.11 19.21
2487.00 2.10 19.22
2488.00 2.13 19.26
2489.00 2.13 19.22
2490.00 2.14 19.22
2491.00 2.15 19.19
2492.00 2.14 19.19
2493.00 2.14 19.16
2494.00 2.12 19.16
2495.00 2.13 19.17
2496.00 2.14 19.14
2497.00 2.14 19.11
2498.00 2.16 19.08
2499.00 2.16 19.12
2500.00 2.17 19.13
2501.00 2.15 19.10
2502.00 2.15 19.11
2503.00 2.16 19.13
2504.00 2.16 19.14
2505.00 2.16 19.13
2506.00 2.15 19.17
2507.00 2.15 19.22
2508.00 2.16 19.20
2509.00 2.17 19.15
2510.00 2.15 19.14
2511.00 2.14 19.13
2512.00 2.14 19.11
2513.00 2.13 19.10
2514.00 2.12 19.15
2515.00 2.11 19.17
2516.00 2.11 19.24
2517.00 2.12 19.24
2518.00 2.10 19.26
2519.00 2.12 19.20
2520.00 2.11 19.17
2521.00 2.13 19.21
2522.00 2.13 19.21
2523.00 2.12 19.29
2524.00 2.12 19.35
2525.00 2.13 19.35
2526.00 2.13 19.39
2527.00 2.10 19.31
2528.00 2.10 19.25
2529.00 2.09 19.24
2530.00 2.10 19.20
2531.00 2.10 19.21
2532.00 2.09 19.19
2533.00 2.11 19.23
2534.00 2.11 19.25
2535.00 2.10 19.19
2536.00 2.11 19.17
2537.00 2.08 19.23
2538.00 2.09 19.29
2539.00 2.09 19.35
2540.00 2.09 19.32
2541.00 2.09 19.31
2542.00 2.08 19.31
2543.00 2.08 19.27
2544.00 2.08 19.37
2545.00 2.07 19.32
2546.00 2.06 19.32
2547.00 2.06 19.35
2548.00 2.07 19.35
2549.00 2.07 19.45
2550.00 2.07 19.44
2551.00 2.08 19.43
2552.00 2.09 19.43
2553.00 2.09 19.43
2554.00 2.09 19.40
2555.00 2.09 19.39
2556.00 2.10 19.39
2557.00 2.10 19.42
2558.00 2.13 19.44
2559.00 2.14 19.43
2560.00 2.14 19.42
2561.00 2.12 19.42
2562.00 2.13 19.38
2563.00 2.10 19.35
2564.00 2.09 19.36
2565.00 2.11 19.31
2566.00 2.10 19.28
2567.00 2.10 19.27
2568.00 2.11 19.22
2569.00 2.12 19.20
2570.00 2.11 19.19
2571.00 2.12 19.20
2572.00 2.12 19.24
2573.00 2.11 19.29
2574.00 2.13 19.32
2575.00 2.09 19.24
2576.00 2.12 19.27
2577.00 2.12 19.31
2578.00 2.12 19.27
2579.00 2.12 19.23
2580.00 2.12 19.18
2581.00 2.14 19.15
2582.00 2.13 19.06
2583.00 2.13 19.10
2584.00 2.11 19.11
2585.00 2.10 19.10
2586.00 2.10 19.10
2587.00 2.09 19.03
2588.00 2.10 18.98
2589.00 2.10 19.04
2590.00 2.08 18.96
2591.00 2.09 18.98
2592.00 2.07 18.99
2593.00 2.08 18.97
2594.00 2.11 18.91
2595.00 2.08 18.98
2596.00 2.09 18.98
2597.00 2.09 18.98
2598.00 2.10 19.00
2599.00 2.10 19.04
2600.00 2.10 19.07
2601.00 2.10 19.05
2602.00 2.11 19.01
2603.00 2.11 19.00
2604.00 2.10 19.04
2605.00 2.10 19.02
2606.00 2.09 18.98
2607.00 2.09 19.00
2608.00 2.10 19.08
2609.00 2.12 19.06
2610.00 2.11 19.10
2611.00 2.12 19.07
2612.00 2.13 19.13
2613.00 2.12 19.15
2614.00 2.12 19.17
2615.00 2.12 19.19
2616.00 2.11 19.19
2617.00 2.11 19.16
2618.00 2.11 19.23
2619.00 2.12 19.23
2620.00 2.12 19.26
2621.00 2.12 19.26
2622.00 2.10 19.28
2623.00 2.08 19.26
2624.00 2.06 19.28
2625.00 2.05 19.33
2626.00 2.04 19.22
2627.00 2.03 19.27
2628.00 2.04 19.27
2629.00 2.05 19.30
2630.00 2.06 19.32
2631.00 2.05 19.35
2632.00 2.06 19.33
2633.00 2.05 19.33
2634.00 2.05 19.37
2635.00 2.06 19.41
2636.00 2.05 19.43
2637.00 2.07 19.43
2638.00 2.05 19.43
2639.00 2.05 19.36
2640.00 2.06 19.40
2641.00 2.05 19.39
2642.00 2.05 19.38
2643.00 2.03 19.37
2644.00 2.06 19.45
2645.00 2.05 19.43
2646.00 2.04 19.46
2647.00 2.04 19.51
2648.00 2.06 19.55
2649.00 2.06 19.58
2650.00 2.05 19.58
2651.00 2.06 19.67
2652.00 2.05 19.62
2653.00 2.07 19.57
2654.00 2.07 19.52
2655.00 2.05 19.45
2656.00 2.07 19.47
2657.00 2.05 19.43
2658.00 2.06 19.40
2659.00 2.06 19.35
2660.00 2.07 19.32
2661.00 2.07 19.30
2662.00 2.06 19.32
2663.00 2.07 19.30
2664.00 2.08 19.29
2665.00 2.09 19.34
2666.00 2.07 19.41
2667.00 2.06 19.40
2668.00 2.07 19.32
2669.00 2.06 19.32
2670.00 2.08 19.35
2671.00 2.07 19.31
2672.00 2.07 19.29
2673.00 2.07 19.30
2674.00 2.07 19.26
2675.00 2.07 19.31
2676.00 2.07 19.30
2677.00 2.04 19.26
2678.00 2.03 19.30
2679.00 2.02 19.23
2680.00 2.02 19.27
2681.00 2.02 19.23
2682.00 2.02 19.22
2683.00 2.03 19.26
2684.00 2.02 19.26
2685.00 2.03 19.34
2686.00 2.04 19.35
2687.00 2.02 19.27
2688.00 2.05 19.24
2689.00 2.03 19.22
2690.00 2.03 19.23
2691.00 2.03 19.22
2692.00 2.01 19.16
2693.00 2.03 19.11
2694.00 2.03 19.09
2695.00 2.01 19.11
2696.00 2.01 19.16
2697.00 2.02 19.15
2698.00 2.04 19.22
2699.00 2.06 19.30
2700.00 2.06 19.31
2701.00 2.06 19.26
2702.00 2.06 19.32
2703.00 2.07 19.25
2704.00 2.07 19.28
2705.00 2.08 19.31
2706.00 2.08 19.36
2707.00 2.09 19.34
2708.00 2.08 19.41
2709.00 2.08 19.41
2710.00 2.08 19.35
2711.00 2.08 19.37
2712.00 2.07 19.33
2713.00 2.08 19.42
2714.00 2.07 19.44
2715.00 2.08 19.44
2716.00 2.08 19.40
2717.00 2.07 19.42
2718.00 2.06 19.42
2719.00 2.07 19.35
2720.00 2.07 19.31
2721.00 2.07 19.30
2722.00 2.05 19.32
2723.00 2.06 19.39
2724.00 2.07 19.42
2725.00 2.07 19.46
2726.00 2.07 19.46
2727.00 2.07 19.43
2728.00 2.07 19.39
2729.00 2.08 19.39
2730.00 2.07 19.38
2731.00 2.07 19.41
2732.00 2.08 19.44
2733.00 2.08 19.42
2734.00 2.09 19.50
2735.00 2.08 19.49
2736.00 2.08 19.44
2737.00 2.08 19.43
2738.00 2.08 19.51
2739.00 2.06 19.46
2740.00 2.07 19.52
2741.00 2.06 19.56
2742.00 2.04 19.62
2743.00 2.04 19.62
2744.00 2.03 19.60
2745.00 2.05 19.55
2746.00 2.06 19.60
2747.00 2.06 19.66
2748.00 2.06 19.62
2749.00 2.07 19.63
2750.00 2.07 19.68
2751.00 2.06 19.64
2752.00 2.07 19.61
2753.00 2.06 19.62
2754.00 2.06 19.65
2755.00 2.06 19.56
2756.00 2.05 19.54
2757.00 2.07 19.56
2758.00 2.06 19.58
2759.00 2.05 19.61
2760.00 2.03 19.63
2761.00 2.04 19.62
2762.00 2.05 19.57
2763.00 2.05 19.58
2764.00 2.04 19.52
2765.00 2.02 19.52
2766.00 2.01 19.51
2767.00 2.00 19.49
2768.00 1.99 19.44
2769.00 1.98 19.43
2770.00 1.97 19.39
2771.00 1.96 19.40
2772.00 1.96 19.41
2773.00 1.95 19.35
2774.00 1.94 19.36
2775.00 1.95 19.33
2776.00 1.93 19.29
2777.00 1.93 19.31
2778.00 1.93 19.31
2779.00 1.93 19.31
2780.00 1.92 19.30
2781.00 1.90 19.27
2782.00 1.90 19.22
2783.00 1.91 19.27
2784.00 1.91 19.29
2785.00 1.90 19.27
2786.00 1.89 19.28
2787.00 1.89 19.31
2788.00 1.90 19.34
2789.00 1.89 19.39
