0.00 3.14 33.58
1.00 3.14 33.58
2.00 3.14 33.58
3.00 3.14 33.58
4.00 3.14 33.58
5.00 3.14 33.58
6.00 3.14 33.58
7.00 3.14 33.58
8.00 3.14 33.58
9.00 3.14 33.58
10.00 3.14 33.58
11.00 3.14 33.58
12.00 3.14 33.58
13.00 3.14 33.58
14.00 3.14 33.58
15.00 3.14 33.58
16.00 3.14 33.58
17.00 3.14 33.58
18.00 3.14 33.58
19.00 3.14 33.58
20.00 3.14 33.58
21.00 3.14 33.58
22.00 3.14 33.58
23.00 3.14 33.58
24.00 3.14 33.58
25.00 3.14 33.58
26.00 3.14 33.58
27.00 3.14 33.58
28.00 3.14 33.58
29.00 3.14 33.58
30.00 3.14 33.58
31.00 3.14 33.58
32.00 3.14 33.58
33.00 3.14 33.58
34.00 3.14 33.58
35.00 3.14 33.58
36.00 3.14 33.58
37.00 3.14 33.58
38.00 3.14 33.58
39.00 3.14 33.58
40.00 3.14 33.58
41.00 3.14 33.58
42.00 3.14 33.58
43.00 3.14 33.58
44.00 3.14 33.58
45.00 3.14 33.58
46.00 3.14 33.58
47.00 3.14 33.58
48.00 3.14 33.58
49.00 3.14 33.58
50.00 3.14 33.58
51.00 3.14 33.58
52.00 3.14 33.58
53.00 3.14 33.58
54.00 3.14 33.58
55.00 3.14 33.58
56.00 3.14 33.58
57.00 3.14 33.58
58.00 3.14 33.58
59.00 3.14 33.58
60.00 3.14 33.58
61.00 3.14 33.58
62.00 3.14 33.58
63.00 3.14 33.58
64.00 3.14 33.58
65.00 3.14 33.58
66.00 3.14 33.58
67.00 3.14 33.58
68.00 3.14 33.58
69.00 3.14 33.58
70.00 3.14 33.58
71.00 3.14 33.58
72.00 3.14 33.58
73.00 3.14 33.58
74.00 3.14 33.58
75.00 3.14 33.58
76.00 3.14 33.58
77.00 3.14 33.58
78.00 3.14 33.58
79.00 3.14 33.58
80.00 3.14 33.58
81.00 3.14 33.58
82.00 3.14 33.58
83.00 3.14 33.58
84.00 3.14 33.58
85.00 3.14 33.58
86.00 3.14 33.58
87.00 3.14 33.58
88.00 3.14 33.58
89.00 3.14 33.58
90.00 3.14 33.58
91.00 3.14 33.58
92.00 3.14 33.58
93.00 3.14 33.58
94.00 3.14 33.58
95.00 3.14 33.58
96.00 3.14 33.58
97.00 3.14 33.58
98.00 3.14 33.58
99.00 3.14 33.58
100.00 3.14 33.58
101.00 3.14 33.58
102.00 3.14 33.58
103.00 3.14 33.58
104.00 3.14 33.58
105.00 3.14 33.58
106.00 3.14 33.58
107.00 3.14 33.58
108.00 3.14 33.58
109.00 3.14 33.58
110.00 3.14 33.58
111.00 3.14 33.58
112.00 3.14 33.58
113.00 3.14 33.58
114.00 3.14 33.58
115.00 3.14 33.58
116.00 3.14 33.58
117.00 3.14 33.58
118.00 3.14 33.58
119.00 3.14 33.58
120.00 3.14 33.58
121.00 3.14 33.58
122.00 3.14 33.58
123.00 3.14 33.58
124.00 3.14 33.58
125.00 3.14 33.58
126.00 3.14 33.58
127.00 3.14 33.58
128.00 3.14 33.58
129.00 3.14 33.58
130.00 3.14 33.58
131.00 3.14 33.58
132.00 3.14 33.58
133.00 3.14 33.58
134.00 3.14 33.58
135.00 3.14 33.58
136.00 3.14 33.58
137.00 3.14 33.58
138.00 3.14 33.58
139.00 3.14 33.58
140.00 3.14 33.58
141.00 3.14 33.58
142.00 3.14 33.58
143.00 3.14 33.58
144.00 3.14 33.58
145.00 3.14 33.58
146.00 3.14 33.58
147.00 3.14 33.58
148.00 3.14 33.58
149.00 3.14 33.58
150.00 3.14 33.58
151.00 3.14 33.58
152.00 3.14 33.58
153.00 3.14 33.58
154.00 3.14 33.58
155.00 3.14 33.58
156.00 3.14 33.58
157.00 3.14 33.58
158.00 3.14 33.58
159.00 3.14 33.58
160.00 3.14 33.58
161.00 3.14 33.58
162.00 3.14 33.58
163.00 3.14 33.58
164.00 3.14 33.58
165.00 3.14 33.58
166.00 3.14 33.58
167.00 3.14 33.58
168.00 3.14 33.58
169.00 3.14 33.58
170.00 3.14 33.58
171.00 3.14 33.58
172.00 3.14 33.58
173.00 3.14 33.58
174.00 3.14 33.58
175.00 3.14 33.58
176.00 3.14 33.58
177.00 3.14 33.58
178.00 3.14 33.58
179.00 3.14 33.58
180.00 3.14 33.58
181.00 3.14 33.58
182.00 3.14 33.58
183.00 3.14 33.58
184.00 3.14 33.58
185.00 3.14 33.58
186.00 3.14 33.58
187.00 3.14 33.58
188.00 3.14 33.58
189.00 3.14 33.58
190.00 3.14 33.58
191.00 3.14 33.58
192.00 3.14 33.58
193.00 3.14 33.58
194.00 3.14 33.58
195.00 3.14 33.58
196.00 3.14 33.58
197.00 3.14 33.58
198.00 3.14 33.58
199.00 3.14 33.58
200.00 3.14 33.58
201.00 3.14 33.58
202.00 3.14 33.58
203.00 3.14 33.58
204.00 3.14 33.58
205.00 3.14 33.58
206.00 3.14 33.58
207.00 3.14 33.58
208.00 3.14 33.58
209.00 3.14 33.58
210.00 3.14 33.58
211.00 3.14 33.58
212.00 3.14 33.58
213.00 3.14 33.58
214.00 3.14 33.58
215.00 3.14 33.58
216.00 3.14 33.58
217.00 3.14 33.58
218.00 3.14 33.58
219.00 3.14 33.58
220.00 3.14 33.58
221.00 3.14 33.58
222.00 3.14 33.58
223.00 3.14 33.58
224.00 3.14 33.58
225.00 3.14 33.58
226.00 3.14 33.58
227.00 3.14 33.58
228.00 3.14 33.58
229.00 3.14 33.58
230.00 3.14 33.58
231.00 3.14 33.58
232.00 3.14 33.58
233.00 3.14 33.58
234.00 3.14 33.58
235.00 3.14 33.58
236.00 3.14 33.58
237.00 3.14 33.58
238.00 3.14 33.58
239.00 3.14 33.58
240.00 3.14 33.58
241.00 3.14 33.58
242.00 3.14 33.58
243.00 3.14 33.58
244.00 3.14 33.58
245.00 3.14 33.58
246.00 3.14 33.58
247.00 3.14 33.58
248.00 3.14 33.58
249.00 3.14 33.58
250.00 3.14 33.58
251.00 3.14 33.58
252.00 3.14 33.58
253.00 3.14 33.58
254.00 3.14 33.58
255.00 3.14 33.58
256.00 3.14 33.58
257.00 3.14 33.58
258.00 3.14 33.58
259.00 3.14 33.58
260.00 3.14 33.58
261.00 3.14 33.58
262.00 3.14 33.58
263.00 3.14 33.58
264.00 3.14 33.58
265.00 3.14 33.58
266.00 3.14 33.58
267.00 3.14 33.58
268.00 3.14 33.58
269.00 3.14 33.58
270.00 3.14 33.58
271.00 3.14 33.58
272.00 3.14 33.58
273.00 3.14 33.58
274.00 3.14 33.58
275.00 3.14 33.58
276.00 3.14 33.58
277.00 3.14 33.58
278.00 3.14 33.58
279.00 3.14 33.58
280.00 3.14 33.58
281.00 3.14 33.58
282.00 3.14 33.58
283.00 3.14 33.58
284.00 3.14 33.58
285.00 3.14 33.58
286.00 3.14 33.58
287.00 3.14 33.58
288.00 3.14 33.58
289.00 3.14 33.58
290.00 3.14 33.58
291.00 3.14 33.58
292.00 3.14 33.58
293.00 3.14 33.58
294.00 3.14 33.58
295.00 3.14 33.58
296.00 3.14 33.58
297.00 3.14 33.58
298.00 3.14 33.58
299.00 3.14 33.58
300.00 3.14 33.58
301.00 3.14 33.58
302.00 3.14 33.58
303.00 3.14 33.58
304.00 3.14 33.58
305.00 3.14 33.58
306.00 3.14 33.58
307.00 3.14 33.58
308.00 3.14 33.58
309.00 3.14 33.58
310.00 3.14 33.58
311.00 3.14 33.58
312.00 3.14 33.58
313.00 3.14 33.58
314.00 3.14 33.58
315.00 3.14 33.58
316.00 3.14 33.58
317.00 3.14 33.58
318.00 3.14 33.58
319.00 3.14 33.58
320.00 3.14 33.58
321.00 3.14 33.58
322.00 3.14 33.58
323.00 3.14 33.58
324.00 3.14 33.58
325.00 3.14 33.58
326.00 3.14 33.58
327.00 3.14 33.58
328.00 3.14 33.58
329.00 3.14 33.58
330.00 3.14 33.58
331.00 3.14 33.58
332.00 3.14 33.58
333.00 3.14 33.58
334.00 3.14 33.58
335.00 3.14 33.58
336.00 3.14 33.58
337.00 3.14 33.58
338.00 3.14 33.58
339.00 3.14 33.58
340.00 3.14 33.58
341.00 3.14 33.58
342.00 3.14 33.58
343.00 3.14 33.58
344.00 3.14 33.58
345.00 3.14 33.58
346.00 3.14 33.58
347.00 3.14 33.58
348.00 3.14 33.58
349.00 3.14 33.58
350.00 3.14 33.58
351.00 3.14 33.58
352.00 3.14 33.58
353.00 3.14 33.58
354.00 3.14 33.58
355.00 3.14 33.58
356.00 3.14 33.58
357.00 3.14 33.58
358.00 3.14 33.58
359.00 3.14 33.58
360.00 3.14 33.58
361.00 3.14 33.58
362.00 3.14 33.58
363.00 3.14 33.58
364.00 3.14 33.58
365.00 3.14 33.58
366.00 3.14 33.58
367.00 3.14 33.58
368.00 3.14 33.58
369.00 3.14 33.58
370.00 3.14 33.58
371.00 3.14 33.58
372.00 3.14 33.58
373.00 3.14 33.58
374.00 3.14 33.58
375.00 3.14 33.58
376.00 3.14 33.58
377.00 3.14 33.58
378.00 3.14 33.58
379.00 3.14 33.58
380.00 3.14 33.58
381.00 3.14 33.58
382.00 3.14 33.58
383.00 3.14 33.58
384.00 3.14 33.58
385.00 3.14 33.58
386.00 3.14 33.58
387.00 3.14 33.58
388.00 3.14 33.58
389.00 3.14 33.58
390.00 3.14 33.58
391.00 3.14 33.58
392.00 3.14 33.58
393.00 3.14 33.58
394.00 3.14 33.58
395.00 3.14 33.58
396.00 3.14 33.58
397.00 3.14 33.58
398.00 3.14 33.58
399.00 3.14 33.58
400.00 3.14 33.58
401.00 3.13 33.50
402.00 3.11 33.44
403.00 3.11 33.40
404.00 3.10 33.35
405.00 3.10 33.37
406.00 3.09 33.31
407.00 3.08 33.30
408.00 3.09 33.30
409.00 3.10 33.20
410.00 3.11 33.07
411.00 3.09 33.02
412.00 3.07 33.00
413.00 3.05 32.96
414.00 3.02 32.95
415.00 3.02 32.91
416.00 3.02 32.81
417.00 3.02 32.74
418.00 3.03 32.65
419.00 3.05 32.70
420.00 3.05 32.72
421.00 3.06 32.73
422.00 3.06 32.76
423.00 3.05 32.72
424.00 3.03 32.64
425.00 2.99 32.65
426.00 2.97 32.60
427.00 2.95 32.60
428.00 2.93 32.48
429.00 2.95 32.52
430.00 2.97 32.50
431.00 2.98 32.50
432.00 2.99 32.43
433.00 2.99 32.48
434.00 2.98 32.49
435.00 2.97 32.57
436.00 2.96 32.69
437.00 2.95 32.69
438.00 2.93 32.70
439.00 2.92 32.68
440.00 2.92 32.68
441.00 2.89 32.56
442.00 2.87 32.44
443.00 2.87 32.41
444.00 2.87 32.37
445.00 2.86 32.37
446.00 2.88 32.37
447.00 2.89 32.46
448.00 2.89 32.45
449.00 2.87 32.43
450.00 2.87 32.36
451.00 2.86 32.38
452.00 2.87 32.39
453.00 2.86 32.36
454.00 2.85 32.37
455.00 2.85 32.31
456.00 2.84 32.24
457.00 2.82 32.13
458.00 2.83 31.98
459.00 2.83 31.92
460.00 2.83 31.91
461.00 2.81 31.94
462.00 2.80 31.96
463.00 2.82 32.00
464.00 2.85 32.02
465.00 2.86 32.06
466.00 2.85 32.10
467.00 2.84 32.10
468.00 2.85 32.09
469.00 2.87 32.13
470.00 2.89 32.14
471.00 2.89 32.18
472.00 2.89 32.14
473.00 2.90 32.09
474.00 2.89 32.07
475.00 2.88 32.03
476.00 2.89 32.00
477.00 2.88 32.03
478.00 2.90 32.03
479.00 2.91 31.98
480.00 2.89 31.96
481.00 2.87 31.99
482.00 2.85 32.01
483.00 2.84 31.97
484.00 2.81 31.99
485.00 2.78 32.05
486.00 2.77 32.05
487.00 2.73 31.97
488.00 2.69 31.88
489.00 2.66 31.83
490.00 2.63 31.83
491.00 2.61 31.78
492.00 2.60 31.73
493.00 2.62 31.63
494.00 2.63 31.64
495.00 2.65 31.56
496.00 2.64 31.59
497.00 2.62 31.59
498.00 2.58 31.57
499.00 2.59 31.52
500.00 2.57 31.51
501.00 2.55 31.49
502.00 2.54 31.48
503.00 2.52 31.45
504.00 2.51 31.38
505.00 2.49 31.35
506.00 2.47 31.34
507.00 2.46 31.27
508.00 2.47 31.17
509.00 2.46 31.09
510.00 2.45 31.02
511.00 2.45 30.99
512.00 2.45 30.91
513.00 2.45 30.89
514.00 2.44 30.92
515.00 2.43 30.98
516.00 2.43 30.93
517.00 2.43 30.97
518.00 2.44 31.00
519.00 2.44 31.05
520.00 2.46 31.11
521.00 2.47 31.12
522.00 2.46 31.08
523.00 2.46 31.09
524.00 2.46 31.12
525.00 2.47 31.10
526.00 2.46 31.05
527.00 2.45 31.04
528.00 2.43 31.06
529.00 2.41 30.99
530.00 2.41 31.01
531.00 2.42 31.00
532.00 2.42 30.99
533.00 2.42 31.08
534.00 2.45 31.11
535.00 2.45 31.21
536.00 2.45 31.24
537.00 2.46 31.24
538.00 2.47 31.28
539.00 2.47 31.29
540.00 2.48 31.36
541.00 2.48 31.37
542.00 2.47 31.36
543.00 2.50 31.30
544.00 2.52 31.31
545.00 2.52 31.28
546.00 2.53 31.38
547.00 2.54 31.35
548.00 2.55 31.38
549.00 2.55 31.39
550.00 2.53 31.42
551.00 2.53 31.39
552.00 2.52 31.52
553.00 2.52 31.47
554.00 2.51 31.49
555.00 2.51 31.41
556.00 2.53 31.37
557.00 2.53 31.29
558.00 2.48 31.29
559.00 2.48 31.28
560.00 2.49 31.22
561.00 2.49 31.14
562.00 2.48 31.08
563.00 2.48 31.01
564.00 2.46 30.96
565.00 2.44 30.92
566.00 2.43 30.86
567.00 2.40 30.75
568.00 2.37 30.73
569.00 2.34 30.68
570.00 2.34 30.67
571.00 2.34 30.76
572.00 2.35 30.80
573.00 2.36 30.85
574.00 2.37 30.84
575.00 2.37 30.85
576.00 2.36 30.81
577.00 2.34 30.89
578.00 2.34 30.88
579.00 2.34 30.93
580.00 2.34 30.89
581.00 2.33 30.90
582.00 2.32 30.82
583.00 2.32 30.82
584.00 2.32 30.79
585.00 2.34 30.80
586.00 2.36 30.85
587.00 2.38 30.88
588.00 2.39 30.82
589.00 2.40 30.83
590.00 2.41 30.81
591.00 2.40 30.83
592.00 2.41 30.79
593.00 2.39 30.86
594.00 2.41 30.84
595.00 2.43 30.85
596.00 2.45 30.84
597.00 2.47 30.88
598.00 2.48 30.88
599.00 2.48 30.93
600.00 2.48 30.89
601.00 2.48 30.87
602.00 2.51 30.95
603.00 2.52 30.98
604.00 2.54 30.93
605.00 2.57 30.89
606.00 2.59 30.84
607.00 2.55 30.81
608.00 2.54 30.77
609.00 2.53 30.77
610.00 2.55 30.75
611.00 2.56 30.85
612.00 2.58 30.90
613.00 2.60 30.96
614.00 2.62 31.00
615.00 2.64 31.10
616.00 2.63 31.10
617.00 2.65 31.23
618.00 2.65 31.16
619.00 2.62 31.19
620.00 2.62 31.11
621.00 2.58 31.10
622.00 2.58 31.00
623.00 2.57 30.93
624.00 2.57 30.86
625.00 2.56 30.85
626.00 2.56 30.79
627.00 2.55 30.74
628.00 2.55 30.70
629.00 2.55 30.66
630.00 2.55 30.60
631.00 2.56 30.59
632.00 2.56 30.63
633.00 2.56 30.69
634.00 2.57 30.68
635.00 2.56 30.68
636.00 2.57 30.69
637.00 2.57 30.68
638.00 2.58 30.58
639.00 2.60 30.65
640.00 2.62 30.59
641.00 2.63 30.59
642.00 2.64 30.53
643.00 2.64 30.56
644.00 2.66 30.55
645.00 2.65 30.59
646.00 2.65 30.62
647.00 2.65 30.67
648.00 2.65 30.57
649.00 2.65 30.50
650.00 2.66 30.48
651.00 2.68 30.52
652.00 2.70 30.53
653.00 2.71 30.47
654.00 2.71 30.40
655.00 2.70 30.33
656.00 2.67 30.28
657.00 2.66 30.23
658.00 2.66 30.20
659.00 2.66 30.18
660.00 2.65 30.20
661.00 2.66 30.20
662.00 2.67 30.26
663.00 2.67 30.29
664.00 2.66 30.34
665.00 2.68 30.40
666.00 2.68 30.45
667.00 2.71 30.38
668.00 2.71 30.40
669.00 2.71 30.37
670.00 2.71 30.43
671.00 2.72 30.37
672.00 2.70 30.35
673.00 2.70 30.27
674.00 2.69 30.26
675.00 2.70 30.25
676.00 2.69 30.24
677.00 2.70 30.24
678.00 2.69 30.24
679.00 2.69 30.19
680.00 2.64 30.24
681.00 2.64 30.19
682.00 2.63 30.14
683.00 2.62 30.17
684.00 2.63 30.17
685.00 2.63 30.12
686.00 2.63 30.07
687.00 2.62 30.10
688.00 2.64 30.02
689.00 2.66 30.09
690.00 2.68 30.13
691.00 2.68 30.10
692.00 2.67 30.08
693.00 2.69 30.08
694.00 2.70 30.15
695.00 2.70 30.08
696.00 2.69 30.07
697.00 2.69 30.05
698.00 2.69 30.05
699.00 2.68 30.06
700.00 2.68 30.07
701.00 2.68 30.11
702.00 2.68 30.14
703.00 2.67 30.18
704.00 2.67 30.23
705.00 2.67 30.24
706.00 2.68 30.16
707.00 2.68 30.22
708.00 2.67 30.16
709.00 2.67 30.17
710.00 2.68 30.26
711.00 2.71 30.29
712.00 2.72 30.19
713.00 2.70 30.21
714.00 2.69 30.20
715.00 2.70 30.17
716.00 2.70 30.14
717.00 2.70 30.07
718.00 2.70 30.05
719.00 2.69 30.06
720.00 2.71 30.02
721.00 2.71 30.04
722.00 2.71 30.01
723.00 2.72 29.89
724.00 2.71 29.82
725.00 2.71 29.72
726.00 2.72 29.56
727.00 2.71 29.51
728.00 2.72 29.47
729.00 2.74 29.43
730.00 2.75 29.41
731.00 2.76 29.41
732.00 2.76 29.36
733.00 2.77 29.26
734.00 2.78 29.26
735.00 2.77 29.19
736.00 2.78 29.20
737.00 2.77 29.21
738.00 2.75 29.12
739.00 2.75 29.05
740.00 2.73 28.93
741.00 2.71 28.86
742.00 2.68 28.89
743.00 2.69 28.84
744.00 2.69 28.86
745.00 2.71 28.76
746.00 2.72 28.86
747.00 2.72 28.81
748.00 2.71 28.81
749.00 2.69 28.78
750.00 2.68 28.75
751.00 2.68 28.70
752.00 2.66 28.63
753.00 2.67 28.61
754.00 2.68 28.59
755.00 2.68 28.61
756.00 2.68 28.66
757.00 2.70 28.73
758.00 2.71 28.71
759.00 2.73 28.65
760.00 2.75 28.60
761.00 2.76 28.60
762.00 2.75 28.65
763.00 2.77 28.66
764.00 2.79 28.65
765.00 2.78 28.58
766.00 2.77 28.51
767.00 2.75 28.43
768.00 2.74 28.41
769.00 2.74 28.41
770.00 2.75 28.40
771.00 2.75 28.44
772.00 2.76 28.44
773.00 2.73 28.43
774.00 2.72 28.45
775.00 2.70 28.35
776.00 2.68 28.22
777.00 2.68 28.11
778.00 2.67 28.06
779.00 2.68 28.08
780.00 2.68 28.09
781.00 2.69 28.07
782.00 2.67 28.00
783.00 2.67 27.89
784.00 2.67 27.89
785.00 2.66 27.87
786.00 2.67 27.98
787.00 2.68 28.00
788.00 2.67 28.02
789.00 2.66 28.06
790.00 2.66 28.04
791.00 2.64 28.00
792.00 2.61 27.93
793.00 2.59 27.95
794.00 2.58 27.89
795.00 2.56 27.87
796.00 2.53 27.74
797.00 2.51 27.74
798.00 2.50 27.67
799.00 2.48 27.61
800.00 2.46 27.53
801.00 2.44 27.49
802.00 2.44 27.42
803.00 2.43 27.35
804.00 2.38 27.22
805.00 2.33 27.14
806.00 2.29 27.10
807.00 2.25 26.95
808.00 2.24 26.86
809.00 2.23 26.87
810.00 2.20 26.84
811.00 2.20 26.75
812.00 2.18 26.68
813.00 2.17 26.57
814.00 2.15 26.45
815.00 2.13 26.43
816.00 2.10 26.41
817.00 2.09 26.40
818.00 2.10 26.29
819.00 2.10 26.27
820.00 2.09 26.22
821.00 2.07 26.19
822.00 2.06 26.17
823.00 2.04 26.20
824.00 2.04 26.13
825.00 2.04 26.08
826.00 2.03 26.13
827.00 2.01 26.15
828.00 1.99 26.07
829.00 1.98 26.05
830.00 1.99 26.04
831.00 1.98 25.99
832.00 1.98 25.91
833.00 1.98 25.82
834.00 1.99 25.76
835.00 1.99 25.79
836.00 1.96 25.77
837.00 1.96 25.63
838.00 1.96 25.63
839.00 1.96 25.58
840.00 1.97 25.56
841.00 1.96 25.54
842.00 1.98 25.48
843.00 1.98 25.55
844.00 1.97 25.54
845.00 1.97 25.63
846.00 1.97 25.66
847.00 1.97 25.68
848.00 1.95 25.67
849.00 1.93 25.68
850.00 1.93 25.69
851.00 1.93 25.66
852.00 1.92 25.63
853.00 1.93 25.60
854.00 1.94 25.54
855.00 1.95 25.42
856.00 1.96 25.42
857.00 1.95 25.41
858.00 1.94 25.37
859.00 1.94 25.37
860.00 1.94 25.42
861.00 1.93 25.50
862.00 1.91 25.50
863.00 1.89 25.57
864.00 1.90 25.53
865.00 1.89 25.51
866.00 1.91 25.54
867.00 1.91 25.55
868.00 1.92 25.64
869.00 1.92 25.67
870.00 1.90 25.60
871.00 1.92 25.54
872.00 1.92 25.49
873.00 1.92 25.39
874.00 1.91 25.40
875.00 1.93 25.41
876.00 1.93 25.36
877.00 1.93 25.30
878.00 1.91 25.24
879.00 1.93 25.24
880.00 1.92 25.26
881.00 1.92 25.16
882.00 1.92 25.19
883.00 1.92 25.17
884.00 1.92 25.19
885.00 1.93 25.20
886.00 1.92 25.16
887.00 1.94 25.24
888.00 1.94 25.18
889.00 1.92 25.19
890.00 1.92 25.16
891.00 1.91 25.16
892.00 1.92 25.13
893.00 1.92 25.07
894.00 1.92 25.10
895.00 1.94 24.97
896.00 1.94 25.05
897.00 1.95 25.07
898.00 1.96 25.08
899.00 1.97 25.02
900.00 1.96 25.06
901.00 1.96 25.02
902.00 1.96 24.98
903.00 1.94 24.90
904.00 1.96 24.81
905.00 1.96 24.78
906.00 1.97 24.75
907.00 1.97 24.70
908.00 1.96 24.76
909.00 1.97 24.80
910.00 1.96 24.82
911.00 1.95 24.70
912.00 1.91 24.76
913.00 1.89 24.74
914.00 1.87 24.75
915.00 1.86 24.67
916.00 1.84 24.63
917.00 1.84 24.62
918.00 1.81 24.63
919.00 1.81 24.64
920.00 1.80 24.51
921.00 1.81 24.51
922.00 1.79 24.43
923.00 1.77 24.41
924.00 1.76 24.38
925.00 1.77 24.32
926.00 1.76 24.35
927.00 1.76 24.30
928.00 1.76 24.33
929.00 1.77 24.32
930.00 1.78 24.31
931.00 1.78 24.39
932.00 1.78 24.48
933.00 1.78 24.57
934.00 1.76 24.51
935.00 1.75 24.47
936.00 1.77 24.34
937.00 1.77 24.37
938.00 1.77 24.39
939.00 1.78 24.40
940.00 1.78 24.43
941.00 1.80 24.44
942.00 1.80 24.43
943.00 1.82 24.34
944.00 1.82 24.35
945.00 1.81 24.29
946.00 1.82 24.31
947.00 1.83 24.28
948.00 1.85 24.21
949.00 1.86 24.09
950.00 1.85 24.10
951.00 1.84 23.99
952.00 1.82 24.03
953.00 1.82 24.01
954.00 1.85 24.01
955.00 1.87 24.06
956.00 1.86 24.06
957.00 1.85 24.21
958.00 1.87 24.18
959.00 1.89 24.26
960.00 1.88 24.21
961.00 1.88 24.27
962.00 1.88 24.29
963.00 1.88 24.25
964.00 1.86 24.19
965.00 1.87 24.16
966.00 1.86 24.11
967.00 1.86 24.08
968.00 1.85 24.01
969.00 1.84 24.01
970.00 1.81 24.03
971.00 1.79 24.05
972.00 1.80 24.07
973.00 1.80 24.08
974.00 1.80 24.05
975.00 1.80 24.17
976.00 1.80 24.12
977.00 1.80 24.14
978.00 1.82 24.13
979.00 1.82 24.16
980.00 1.83 24.13
981.00 1.84 24.18
982.00 1.84 24.24
983.00 1.82 24.27
984.00 1.80 24.24
985.00 1.80 24.20
986.00 1.79 24.14
987.00 1.78 24.04
988.00 1.78 24.01
989.00 1.77 24.03
990.00 1.78 24.04
991.00 1.77 24.01
992.00 1.79 23.95
993.00 1.78 23.94
994.00 1.79 23.96
995.00 1.80 23.91
996.00 1.79 23.95
997.00 1.78 23.86
998.00 1.77 23.82
999.00 1.76 23.75
1000.00 1.75 23.70
1001.00 1.74 23.67
1002.00 1.76 23.63
1003.00 1.77 23.66
1004.00 1.78 23.62
1005.00 1.78 23.67
1006.00 1.76 23.71
1007.00 1.78 23.73
1008.00 1.79 23.70
1009.00 1.80 23.68
1010.00 1.80 23.67
1011.00 1.81 23.63
1012.00 1.79 23.59
1013.00 1.80 23.51
1014.00 1.78 23.46
1015.00 1.78 23.43
1016.00 1.78 23.48
1017.00 1.78 23.41
1018.00 1.78 23.44
1019.00 1.79 23.49
1020.00 1.79 23.49
1021.00 1.82 23.59
1022.00 1.82 23.59
1023.00 1.86 23.63
1024.00 1.87 23.56
1025.00 1.86 23.50
1026.00 1.86 23.44
1027.00 1.85 23.40
1028.00 1.85 23.29
1029.00 1.82 23.29
1030.00 1.84 23.23
1031.00 1.83 23.23
1032.00 1.82 23.18
1033.00 1.82 23.24
1034.00 1.82 23.22
1035.00 1.81 23.16
1036.00 1.81 23.13
1037.00 1.80 23.18
1038.00 1.81 23.19
1039.00 1.81 23.28
1040.00 1.82 23.18
1041.00 1.82 23.27
1042.00 1.83 23.25
1043.00 1.83 23.25
1044.00 1.84 23.23
1045.00 1.83 23.14
1046.00 1.83 23.17
1047.00 1.81 23.11
1048.00 1.80 23.14
1049.00 1.81 23.18
1050.00 1.80 23.14
1051.00 1.82 23.13
1052.00 1.84 23.10
1053.00 1.83 23.11
1054.00 1.82 23.08
1055.00 1.80 23.07
1056.00 1.81 23.01
1057.00 1.82 22.94
1058.00 1.83 23.00
1059.00 1.87 22.95
1060.00 1.86 22.98
1061.00 1.87 22.96
1062.00 1.87 23.09
1063.00 1.88 23.10
1064.00 1.91 23.14
1065.00 1.91 23.07
1066.00 1.94 23.09
1067.00 1.94 23.03
1068.00 1.96 23.11
1069.00 1.96 23.06
1070.00 1.93 23.12
1071.00 1.95 23.16
1072.00 1.92 23.21
1073.00 1.92 23.15
1074.00 1.91 23.05
1075.00 1.91 23.01
1076.00 1.91 22.98
1077.00 1.89 22.99
1078.00 1.88 23.01
1079.00 1.87 22.93
1080.00 1.88 22.91
1081.00 1.88 22.72
1082.00 1.88 22.71
1083.00 1.86 22.74
1084.00 1.85 22.71
1085.00 1.83 22.68
1086.00 1.83 22.62
1087.00 1.84 22.67
1088.00 1.85 22.70
1089.00 1.84 22.72
1090.00 1.86 22.66
1091.00 1.85 22.69
1092.00 1.86 22.67
1093.00 1.84 22.64
1094.00 1.85 22.65
1095.00 1.84 22.57
1096.00 1.85 22.62
1097.00 1.86 22.54
1098.00 1.86 22.55
1099.00 1.86 22.60
1100.00 1.85 22.59
1101.00 1.87 22.58
1102.00 1.89 22.55
1103.00 1.89 22.56
1104.00 1.91 22.63
1105.00 1.90 22.67
1106.00 1.90 22.65
1107.00 1.89 22.58
1108.00 1.90 22.55
1109.00 1.90 22.54
1110.00 1.92 22.44
1111.00 1.92 22.43
1112.00 1.93 22.25
1113.00 1.93 22.25
1114.00 1.92 22.23
1115.00 1.91 22.24
1116.00 1.91 22.25
1117.00 1.90 22.28
1118.00 1.90 22.23
1119.00 1.87 22.20
1120.00 1.86 22.24
1121.00 1.87 22.16
1122.00 1.87 22.09
1123.00 1.87 22.09
1124.00 1.86 22.12
1125.00 1.87 22.10
1126.00 1.86 22.13
1127.00 1.86 22.11
1128.00 1.86 22.10
1129.00 1.89 22.12
1130.00 1.90 22.14
1131.00 1.91 22.12
1132.00 1.91 22.06
1133.00 1.90 22.05
1134.00 1.89 22.01
1135.00 1.88 21.94
1136.00 1.89 21.96
1137.00 1.89 21.98
1138.00 1.89 21.98
1139.00 1.88 21.88
1140.00 1.87 21.85
1141.00 1.87 21.87
1142.00 1.87 21.96
1143.00 1.86 21.98
1144.00 1.85 21.99
1145.00 1.84 21.99
1146.00 1.82 22.05
1147.00 1.81 21.97
1148.00 1.83 21.99
1149.00 1.82 21.96
1150.00 1.83 21.97
1151.00 1.83 21.94
1152.00 1.82 21.92
1153.00 1.83 21.93
1154.00 1.80 21.95
1155.00 1.82 21.94
1156.00 1.80 21.98
1157.00 1.80 21.90
1158.00 1.81 21.95
1159.00 1.81 21.94
1160.00 1.82 21.88
1161.00 1.83 21.80
1162.00 1.84 21.78
1163.00 1.87 21.78
1164.00 1.87 21.80
1165.00 1.89 21.80
1166.00 1.88 21.72
1167.00 1.85 21.71
1168.00 1.86 21.66
1169.00 1.86 21.67
1170.00 1.86 21.59
1171.00 1.85 21.61
1172.00 1.85 21.62
1173.00 1.85 21.66
1174.00 1.86 21.65
1175.00 1.86 21.68
1176.00 1.87 21.66
1177.00 1.88 21.72
1178.00 1.88 21.70
1179.00 1.88 21.70
1180.00 1.88 21.73
1181.00 1.87 21.75
1182.00 1.88 21.81
1183.00 1.89 21.72
1184.00 1.89 21.68
1185.00 1.92 21.62
1186.00 1.91 21.64
1187.00 1.92 21.72
1188.00 1.91 21.69
1189.00 1.92 21.77
1190.00 1.93 21.79
1191.00 1.91 21.83
1192.00 1.92 21.86
1193.00 1.89 21.86
1194.00 1.89 21.89
1195.00 1.90 21.89
1196.00 1.90 21.86
1197.00 1.89 21.84
1198.00 1.89 21.80
1199.00 1.89 21.79
1200.00 1.86 21.80
1201.00 1.87 21.75
1202.00 1.85 21.70
1203.00 1.84 21.73
1204.00 1.82 21.73
1205.00 1.81 21.60
1206.00 1.83 21.59
1207.00 1.82 21.55
1208.00 1.81 21.52
1209.00 1.80 21.51
1210.00 1.80 21.56
1211.00 1.79 21.51
1212.00 1.78 21.54
1213.00 1.78 21.45
1214.00 1.78 21.39
1215.00 1.78 21.41
1216.00 1.78 21.49
1217.00 1.78 21.55
1218.00 1.78 21.61
1219.00 1.80 21.65
1220.00 1.80 21.70
1221.00 1.78 21.67
1222.00 1.76 21.72
1223.00 1.74 21.69
1224.00 1.74 21.67
1225.00 1.73 21.66
1226.00 1.75 21.66
1227.00 1.74 21.64
1228.00 1.74 21.58
1229.00 1.73 21.63
1230.00 1.74 21.58
1231.00 1.73 21.56
1232.00 1.71 21.51
1233.00 1.70 21.50
1234.00 1.68 21.50
1235.00 1.68 21.54
1236.00 1.68 21.51
1237.00 1.68 21.53
1238.00 1.69 21.52
1239.00 1.69 21.48
1240.00 1.69 21.53
1241.00 1.67 21.50
1242.00 1.65 21.43
1243.00 1.65 21.42
1244.00 1.64 21.47
1245.00 1.61 21.40
1246.00 1.61 21.39
1247.00 1.61 21.38
1248.00 1.60 21.39
1249.00 1.60 21.43
1250.00 1.58 21.34
1251.00 1.58 21.33
1252.00 1.57 21.24
1253.00 1.59 21.37
1254.00 1.59 21.41
1255.00 1.61 21.51
1256.00 1.59 21.42
1257.00 1.60 21.36
1258.00 1.59 21.29
1259.00 1.60 21.29
1260.00 1.62 21.28
1261.00 1.62 21.30
1262.00 1.61 21.30
1263.00 1.63 21.28
1264.00 1.65 21.34
1265.00 1.65 21.33
1266.00 1.66 21.31
1267.00 1.63 21.23
1268.00 1.62 21.11
1269.00 1.63 21.08
1270.00 1.65 20.99
1271.00 1.65 21.02
1272.00 1.66 21.05
1273.00 1.65 21.09
1274.00 1.65 21.08
1275.00 1.66 21.10
1276.00 1.63 21.15
1277.00 1.62 21.12
1278.00 1.63 21.13
1279.00 1.61 21.08
1280.00 1.65 21.17
1281.00 1.63 21.05
1282.00 1.64 21.02
1283.00 1.67 21.03
1284.00 1.65 21.00
1285.00 1.67 20.98
1286.00 1.67 20.97
1287.00 1.68 20.98
1288.00 1.69 21.01
1289.00 1.68 20.96
1290.00 1.69 20.90
1291.00 1.68 20.81
1292.00 1.69 20.82
1293.00 1.68 20.80
1294.00 1.68 20.79
1295.00 1.69 20.79
1296.00 1.70 20.74
1297.00 1.70 20.71
1298.00 1.70 20.77
1299.00 1.70 20.79
1300.00 1.72 20.80
1301.00 1.73 20.78
1302.00 1.74 20.81
1303.00 1.74 20.76
1304.00 1.77 20.80
1305.00 1.79 20.86
1306.00 1.79 20.80
1307.00 1.79 20.80
1308.00 1.79 20.74
1309.00 1.79 20.75
1310.00 1.78 20.64
1311.00 1.75 20.74
1312.00 1.76 20.77
1313.00 1.76 20.82
1314.00 1.76 20.83
1315.00 1.75 20.84
1316.00 1.76 20.91
1317.00 1.75 20.95
1318.00 1.79 20.99
1319.00 1.80 21.07
1320.00 1.81 21.10
1321.00 1.83 21.06
1322.00 1.83 21.01
1323.00 1.86 21.02
1324.00 1.84 21.02
1325.00 1.85 21.00
1326.00 1.84 20.97
1327.00 1.85 20.95
1328.00 1.86 20.96
1329.00 1.85 20.97
1330.00 1.87 20.92
1331.00 1.87 20.93
1332.00 1.89 20.94
1333.00 1.86 20.99
1334.00 1.87 21.01
1335.00 1.85 21.04
1336.00 1.89 21.03
1337.00 1.88 20.99
1338.00 1.89 20.97
1339.00 1.85 20.96
1340.00 1.84 20.95
1341.00 1.82 20.94
1342.00 1.83 20.92
1343.00 1.81 20.90
1344.00 1.81 20.99
1345.00 1.78 20.95
1346.00 1.77 20.95
1347.00 1.76 20.98
1348.00 1.78 21.00
1349.00 1.82 21.00
1350.00 1.83 20.97
1351.00 1.82 20.99
1352.00 1.81 20.97
1353.00 1.81 20.95
1354.00 1.80 20.87
1355.00 1.81 20.90
1356.00 1.81 20.86
1357.00 1.82 20.83
1358.00 1.83 20.90
1359.00 1.85 20.96
1360.00 1.87 21.00
1361.00 1.87 20.93
1362.00 1.86 20.95
1363.00 1.84 20.97
1364.00 1.85 20.97
1365.00 1.85 20.94
1366.00 1.88 20.95
1367.00 1.87 20.97
1368.00 1.87 20.92
1369.00 1.88 20.94
1370.00 1.88 20.88
1371.00 1.88 20.83
1372.00 1.89 20.88
1373.00 1.89 20.93
1374.00 1.88 20.97
1375.00 1.88 21.01
1376.00 1.84 20.96
1377.00 1.83 20.89
1378.00 1.81 20.87
1379.00 1.79 20.77
1380.00 1.77 20.74
1381.00 1.77 20.79
1382.00 1.75 20.80
1383.00 1.76 20.86
1384.00 1.77 20.86
1385.00 1.77 20.88
1386.00 1.75 20.88
1387.00 1.75 20.85
1388.00 1.73 20.89
1389.00 1.71 20.86
1390.00 1.72 20.81
1391.00 1.72 20.77
1392.00 1.71 20.80
1393.00 1.70 20.81
1394.00 1.70 20.74
1395.00 1.69 20.67
1396.00 1.69 20.55
1397.00 1.70 20.58
1398.00 1.70 20.59
1399.00 1.71 20.61
1400.00 1.72 20.58
1401.00 1.70 20.56
1402.00 1.68 20.57
1403.00 1.66 20.55
1404.00 1.67 20.61
1405.00 1.67 20.57
1406.00 1.67 20.58
1407.00 1.68 20.60
1408.00 1.65 20.63
1409.00 1.68 20.60
1410.00 1.68 20.59
1411.00 1.67 20.59
1412.00 1.67 20.67
1413.00 1.66 20.67
1414.00 1.66 20.68
1415.00 1.66 20.76
1416.00 1.68 20.73
1417.00 1.69 20.80
1418.00 1.70 20.80
1419.00 1.69 20.84
1420.00 1.71 20.85
1421.00 1.70 20.87
1422.00 1.69 20.87
1423.00 1.66 20.88
1424.00 1.65 20.87
1425.00 1.62 20.87
1426.00 1.61 20.80
1427.00 1.61 20.83
1428.00 1.60 20.85
1429.00 1.59 20.81
1430.00 1.60 20.79
1431.00 1.61 20.74
1432.00 1.61 20.68
1433.00 1.60 20.75
1434.00 1.61 20.77
1435.00 1.62 20.80
1436.00 1.61 20.81
1437.00 1.61 20.79
1438.00 1.60 20.77
1439.00 1.62 20.75
1440.00 1.62 20.81
1441.00 1.61 20.85
1442.00 1.59 20.86
1443.00 1.57 20.86
1444.00 1.58 20.82
1445.00 1.60 20.77
1446.00 1.62 20.73
1447.00 1.62 20.75
1448.00 1.62 20.78
1449.00 1.62 20.83
1450.00 1.61 20.80
1451.00 1.61 20.75
1452.00 1.58 20.75
1453.00 1.58 20.65
1454.00 1.57 20.63
1455.00 1.58 20.66
1456.00 1.58 20.68
1457.00 1.59 20.68
1458.00 1.58 20.63
1459.00 1.58 20.67
1460.00 1.58 20.65
1461.00 1.58 20.69
1462.00 1.58 20.58
1463.00 1.60 20.61
1464.00 1.61 20.48
1465.00 1.62 20.53
1466.00 1.62 20.54
1467.00 1.62 20.64
1468.00 1.60 20.61
1469.00 1.59 20.58
1470.00 1.58 20.55
1471.00 1.57 20.56
1472.00 1.58 20.59
1473.00 1.58 20.54
1474.00 1.58 20.49
1475.00 1.58 20.55
1476.00 1.59 20.57
1477.00 1.61 20.55
1478.00 1.62 20.57
1479.00 1.64 20.52
1480.00 1.64 20.52
1481.00 1.64 20.49
1482.00 1.60 20.52
1483.00 1.62 20.48
1484.00 1.62 20.41
1485.00 1.63 20.37
1486.00 1.63 20.29
1487.00 1.62 20.26
1488.00 1.60 20.25
1489.00 1.61 20.26
1490.00 1.62 20.20
1491.00 1.60 20.22
1492.00 1.58 20.28
1493.00 1.58 20.35
1494.00 1.58 20.44
1495.00 1.58 20.45
1496.00 1.58 20.45
1497.00 1.57 20.43
1498.00 1.58 20.51
1499.00 1.60 20.52
1500.00 1.62 20.45
1501.00 1.64 20.39
1502.00 1.65 20.40
1503.00 1.66 20.39
1504.00 1.68 20.41
1505.00 1.69 20.41
1506.00 1.68 20.52
1507.00 1.67 20.55
1508.00 1.64 20.54
1509.00 1.64 20.54
1510.00 1.63 20.54
1511.00 1.62 20.44
1512.00 1.60 20.33
1513.00 1.60 20.31
1514.00 1.61 20.29
1515.00 1.62 20.36
1516.00 1.63 20.37
1517.00 1.64 20.43
1518.00 1.64 20.53
1519.00 1.64 20.52
1520.00 1.63 20.50
1521.00 1.65 20.44
1522.00 1.64 20.51
1523.00 1.64 20.42
1524.00 1.62 20.37
1525.00 1.60 20.25
1526.00 1.60 20.29
1527.00 1.60 20.26
1528.00 1.60 20.31
1529.00 1.61 20.33
1530.00 1.60 20.37
1531.00 1.61 20.34
1532.00 1.58 20.40
1533.00 1.57 20.37
1534.00 1.59 20.45
1535.00 1.58 20.45
1536.00 1.58 20.45
1537.00 1.59 20.38
1538.00 1.60 20.30
1539.00 1.62 20.30
1540.00 1.64 20.31
1541.00 1.67 20.39
1542.00 1.70 20.36
1543.00 1.69 20.31
1544.00 1.68 20.27
1545.00 1.68 20.24
1546.00 1.68 20.26
1547.00 1.69 20.22
1548.00 1.69 20.21
1549.00 1.69 20.29
1550.00 1.69 20.31
1551.00 1.70 20.32
1552.00 1.70 20.28
1553.00 1.70 20.31
1554.00 1.71 20.26
1555.00 1.72 20.28
1556.00 1.69 20.31
1557.00 1.69 20.37
1558.00 1.69 20.42
1559.00 1.69 20.41
1560.00 1.68 20.43
1561.00 1.70 20.42
1562.00 1.71 20.35
1563.00 1.72 20.30
1564.00 1.73 20.33
1565.00 1.76 20.32
1566.00 1.76 20.35
1567.00 1.79 20.35
1568.00 1.79 20.34
1569.00 1.79 20.30
1570.00 1.77 20.23
1571.00 1.77 20.16
1572.00 1.78 20.22
1573.00 1.80 20.18
1574.00 1.81 20.21
1575.00 1.81 20.29
1576.00 1.83 20.28
1577.00 1.84 20.34
1578.00 1.82 20.36
1579.00 1.81 20.43
1580.00 1.80 20.33
1581.00 1.79 20.32
1582.00 1.78 20.30
1583.00 1.79 20.29
1584.00 1.81 20.27
1585.00 1.80 20.20
1586.00 1.78 20.12
1587.00 1.75 20.08
1588.00 1.77 20.10
1589.00 1.79 20.17
1590.00 1.80 20.26
1591.00 1.80 20.20
1592.00 1.81 20.11
1593.00 1.81 20.09
1594.00 1.81 20.01
1595.00 1.78 20.14
1596.00 1.78 20.14
1597.00 1.79 20.11
1598.00 1.81 20.11
1599.00 1.80 20.18
1600.00 1.81 20.08
1601.00 1.81 19.98
1602.00 1.81 19.93
1603.00 1.82 19.90
1604.00 1.82 19.95
1605.00 1.82 19.90
1606.00 1.81 19.87
1607.00 1.80 19.86
1608.00 1.78 19.87
1609.00 1.80 19.92
1610.00 1.79 19.92
1611.00 1.80 19.92
1612.00 1.79 19.88
1613.00 1.80 19.84
1614.00 1.83 19.84
1615.00 1.84 19.86
1616.00 1.83 19.88
1617.00 1.82 19.87
1618.00 1.81 19.84
1619.00 1.82 19.78
1620.00 1.82 19.74
1621.00 1.85 19.75
1622.00 1.87 19.74
1623.00 1.86 19.77
1624.00 1.84 19.79
1625.00 1.83 19.77
1626.00 1.83 19.79
1627.00 1.82 19.83
1628.00 1.80 19.82
1629.00 1.81 19.77
1630.00 1.82 19.70
1631.00 1.81 19.69
1632.00 1.81 19.65
1633.00 1.82 19.66
1634.00 1.82 19.63
1635.00 1.81 19.62
1636.00 1.82 19.69
1637.00 1.80 19.66
1638.00 1.82 19.70
1639.00 1.80 19.68
1640.00 1.81 19.71
1641.00 1.81 19.65
1642.00 1.81 19.71
1643.00 1.82 19.74
1644.00 1.83 19.70
1645.00 1.83 19.70
1646.00 1.83 19.64
1647.00 1.82 19.64
1648.00 1.82 19.66
1649.00 1.81 19.67
1650.00 1.82 19.58
1651.00 1.79 19.60
1652.00 1.79 19.53
1653.00 1.79 19.55
1654.00 1.79 19.57
1655.00 1.79 19.57
1656.00 1.79 19.51
1657.00 1.79 19.54
1658.00 1.80 19.57
1659.00 1.79 19.56
1660.00 1.80 19.57
1661.00 1.81 19.58
1662.00 1.80 19.66
1663.00 1.84 19.59
1664.00 1.84 19.62
1665.00 1.87 19.61
1666.00 1.87 19.63
1667.00 1.90 19.58
1668.00 1.88 19.49
1669.00 1.90 19.45
1670.00 1.90 19.30
1671.00 1.90 19.26
1672.00 1.90 19.19
1673.00 1.94 19.14
1674.00 1.95 19.21
1675.00 1.97 19.19
1676.00 1.95 19.22
1677.00 1.96 19.20
1678.00 1.97 19.19
1679.00 1.97 19.20
1680.00 2.00 19.24
1681.00 2.00 19.19
1682.00 2.01 19.19
1683.00 1.99 19.14
1684.00 2.01 19.17
1685.00 1.98 19.24
1686.00 1.98 19.28
1687.00 1.99 19.26
1688.00 2.00 19.19
1689.00 1.97 19.12
1690.00 1.97 19.04
1691.00 1.95 18.95
1692.00 1.97 18.96
1693.00 1.96 18.95
1694.00 1.95 18.94
1695.00 1.93 18.89
1696.00 1.93 18.97
1697.00 1.95 19.03
1698.00 1.96 18.97
1699.00 1.97 19.02
1700.00 1.97 19.04
1701.00 1.98 19.06
1702.00 1.98 19.01
1703.00 1.95 18.96
1704.00 1.96 18.92
1705.00 1.94 18.95
1706.00 1.96 18.93
1707.00 1.94 18.84
1708.00 1.93 18.86
1709.00 1.93 18.80
1710.00 1.93 18.83
1711.00 1.91 18.81
1712.00 1.91 18.79
1713.00 1.92 18.89
1714.00 1.95 18.77
1715.00 1.95 18.87
1716.00 1.97 18.84
1717.00 1.97 18.81
1718.00 1.97 18.79
1719.00 1.98 18.76
1720.00 1.96 18.72
1721.00 1.97 18.76
1722.00 1.98 18.74
1723.00 1.99 18.75
1724.00 1.98 18.65
1725.00 1.99 18.65
1726.00 1.99 18.66
1727.00 2.01 18.70
1728.00 2.01 18.64
1729.00 2.01 18.61
1730.00 2.00 18.59
1731.00 1.98 18.65
1732.00 2.01 18.67
1733.00 2.01 18.62
1734.00 2.00 18.61
1735.00 2.01 18.58
1736.00 2.02 18.53
1737.00 2.03 18.53
1738.00 2.04 18.61
1739.00 2.04 18.62
1740.00 2.04 18.64
1741.00 2.04 18.63
1742.00 2.05 18.64
1743.00 2.06 18.62
1744.00 2.08 18.63
1745.00 2.08 18.57
1746.00 2.08 18.59
1747.00 2.09 18.62
1748.00 2.09 18.67
1749.00 2.09 18.63
1750.00 2.09 18.59
1751.00 2.12 18.65
1752.00 2.12 18.72
1753.00 2.12 18.72
1754.00 2.13 18.75
1755.00 2.14 18.77
1756.00 2.16 18.75
1757.00 2.16 18.77
1758.00 2.16 18.83
1759.00 2.17 18.82
1760.00 2.16 18.81
1761.00 2.17 18.75
1762.00 2.20 18.78
1763.00 2.20 18.78
1764.00 2.21 18.77
1765.00 2.22 18.77
1766.00 2.22 18.80
1767.00 2.24 18.87
1768.00 2.26 18.92
1769.00 2.27 18.89
1770.00 2.28 18.90
1771.00 2.29 18.91
1772.00 2.30 19.00
1773.00 2.29 18.99
1774.00 2.32 19.06
1775.00 2.31 19.05
1776.00 2.32 19.12
1777.00 2.32 19.06
1778.00 2.31 18.98
1779.00 2.31 18.94
1780.00 2.32 18.95
1781.00 2.32 18.98
1782.00 2.31 19.04
1783.00 2.29 19.03
1784.00 2.27 18.99
1785.00 2.27 18.97
1786.00 2.27 18.89
1787.00 2.26 18.87
1788.00 2.24 18.93
1789.00 2.25 18.93
1790.00 2.25 18.86
1791.00 2.24 18.78
1792.00 2.22 18.62
1793.00 2.21 18.60
1794.00 2.19 18.61
1795.00 2.18 18.63
1796.00 2.19 18.65
1797.00 2.20 18.57
1798.00 2.19 18.59
1799.00 2.17 18.58
1800.00 2.17 18.64
1801.00 2.16 18.74
1802.00 2.18 18.79
1803.00 2.17 18.75
1804.00 2.15 18.69
1805.00 2.14 18.61
1806.00 2.14 18.64
1807.00 2.11 18.64
1808.00 2.12 18.72
1809.00 2.12 18.69
1810.00 2.13 18.68
1811.00 2.13 18.64
1812.00 2.14 18.65
1813.00 2.15 18.67
1814.00 2.15 18.67
1815.00 2.14 18.68
1816.00 2.12 18.62
1817.00 2.12 18.59
1818.00 2.13 18.61
1819.00 2.15 18.63
1820.00 2.15 18.68
1821.00 2.15 18.74
1822.00 2.13 18.65
1823.00 2.12 18.63
1824.00 2.12 18.64
1825.00 2.12 18.63
1826.00 2.11 18.62
1827.00 2.12 18.61
1828.00 2.11 18.65
1829.00 2.12 18.65
1830.00 2.13 18.64
1831.00 2.11 18.65
1832.00 2.11 18.64
1833.00 2.11 18.64
1834.00 2.10 18.65
1835.00 2.12 18.63
1836.00 2.10 18.65
1837.00 2.10 18.70
1838.00 2.11 18.70
1839.00 2.11 18.69
1840.00 2.10 18.73
1841.00 2.11 18.69
1842.00 2.10 18.77
1843.00 2.10 18.78
1844.00 2.10 18.74
1845.00 2.10 18.77
1846.00 2.10 18.73
1847.00 2.12 18.74
1848.00 2.12 18.75
1849.00 2.12 18.67
1850.00 2.11 18.63
1851.00 2.13 18.71
1852.00 2.12 18.66
1853.00 2.11 18.70
1854.00 2.11 18.71
1855.00 2.09 18.69
1856.00 2.08 18.75
1857.00 2.11 18.78
1858.00 2.13 18.79
1859.00 2.11 18.69
1860.00 2.12 18.78
1861.00 2.10 18.74
1862.00 2.09 18.74
1863.00 2.08 18.71
1864.00 2.08 18.71
1865.00 2.09 18.70
1866.00 2.09 18.68
1867.00 2.09 18.69
1868.00 2.09 18.73
1869.00 2.08 18.73
1870.00 2.10 18.76
1871.00 2.11 18.75
1872.00 2.12 18.72
1873.00 2.11 18.69
1874.00 2.11 18.72
1875.00 2.11 18.71
1876.00 2.11 18.73
1877.00 2.12 18.78
1878.00 2.13 18.77
1879.00 2.12 18.75
1880.00 2.10 18.74
1881.00 2.10 18.73
1882.00 2.09 18.67
1883.00 2.07 18.68
1884.00 2.08 18.68
1885.00 2.08 18.67
1886.00 2.08 18.76
1887.00 2.09 18.80
1888.00 2.10 18.83
1889.00 2.09 18.86
1890.00 2.09 18.93
1891.00 2.09 18.93
1892.00 2.08 19.00
1893.00 2.08 18.91
1894.00 2.09 18.95
1895.00 2.09 18.93
1896.00 2.11 18.96
1897.00 2.12 18.99
1898.00 2.11 18.99
1899.00 2.09 19.01
1900.00 2.09 18.97
1901.00 2.08 18.96
1902.00 2.04 18.97
1903.00 2.04 18.93
1904.00 2.07 18.97
1905.00 2.07 18.99
1906.00 2.08 19.00
1907.00 2.07 19.11
1908.00 2.07 19.08
1909.00 2.06 19.09
1910.00 2.07 19.08
1911.00 2.06 19.05
1912.00 2.05 19.04
1913.00 2.05 18.99
1914.00 2.06 19.09
1915.00 2.07 19.11
1916.00 2.05 19.10
1917.00 2.03 19.17
1918.00 2.04 19.11
1919.00 2.05 19.17
1920.00 2.06 19.22
1921.00 2.06 19.21
1922.00 2.05 19.15
1923.00 2.05 19.18
1924.00 2.04 19.18
1925.00 2.05 19.18
1926.00 2.04 19.19
1927.00 2.03 19.16
1928.00 2.03 19.20
1929.00 2.02 19.22
1930.00 2.03 19.19
1931.00 2.02 19.14
1932.00 2.03 19.11
1933.00 2.02 19.14
1934.00 2.03 19.15
1935.00 2.04 19.12
1936.00 2.04 19.11
1937.00 2.05 19.13
1938.00 2.05 19.15
1939.00 2.08 19.08
1940.00 2.07 18.97
1941.00 2.07 18.99
1942.00 2.06 18.95
1943.00 2.05 18.92
1944.00 2.03 18.88
1945.00 2.03 18.83
1946.00 2.02 18.76
1947.00 2.00 18.73
1948.00 2.00 18.79
1949.00 2.00 18.76
1950.00 2.00 18.75
1951.00 2.00 18.75
1952.00 2.00 18.68
1953.00 2.03 18.70
1954.00 2.02 18.74
1955.00 2.04 18.73
1956.00 2.04 18.75
1957.00 2.03 18.72
1958.00 2.03 18.75
1959.00 2.04 18.84
1960.00 2.06 18.88
1961.00 2.06 18.91
1962.00 2.04 18.95
1963.00 2.03 18.99
1964.00 2.04 19.02
1965.00 2.07 19.06
1966.00 2.07 19.10
1967.00 2.08 19.14
1968.00 2.08 19.14
1969.00 2.07 19.08
1970.00 2.05 19.01
1971.00 2.05 19.02
1972.00 2.05 19.01
1973.00 2.05 18.94
1974.00 2.05 18.92
1975.00 2.03 18.89
1976.00 2.03 18.80
1977.00 2.02 18.76
1978.00 2.04 18.79
1979.00 2.03 18.75
1980.00 2.02 18.80
1981.00 2.03 18.80
1982.00 2.03 18.81
1983.00 2.03 18.80
1984.00 2.02 18.74
1985.00 2.01 18.74
1986.00 2.01 18.77
1987.00 2.01 18.79
1988.00 2.01 18.78
1989.00 2.02 18.77
1990.00 2.03 18.76
1991.00 2.02 18.75
1992.00 1.99 18.76
1993.00 2.00 18.71
1994.00 1.99 18.75
1995.00 2.01 18.77
1996.00 2.02 18.84
1997.00 2.03 18.87
1998.00 2.03 18.83
1999.00 2.02 18.82
2000.00 2.02 18.81
2001.00 2.01 18.78
2002.00 2.01 18.77
2003.00 2.02 18.80
2004.00 2.03 18.76
2005.00 2.02 18.72
2006.00 2.02 18.79
2007.00 2.03 18.79
2008.00 2.04 18.84
2009.00 2.04 18.76
2010.00 2.05 18.71
2011.00 2.04 18.72
2012.00 2.04 18.81
2013.00 2.04 18.74
2014.00 2.05 18.75
2015.00 2.05 18.75
2016.00 2.06 18.70
2017.00 2.06 18.70
2018.00 2.05 18.67
2019.00 2.07 18.65
2020.00 2.06 18.64
2021.00 2.07 18.65
2022.00 2.05 18.56
2023.00 2.05 18.57
2024.00 2.05 18.54
2025.00 2.06 18.47
2026.00 2.07 18.49
2027.00 2.07 18.52
2028.00 2.07 18.58
2029.00 2.09 18.52
2030.00 2.10 18.51
2031.00 2.10 18.50
2032.00 2.10 18.47
2033.00 2.11 18.49
2034.00 2.12 18.49
2035.00 2.11 18.47
2036.00 2.10 18.43
2037.00 2.09 18.50
2038.00 2.09 18.48
2039.00 2.09 18.47
2040.00 2.10 18.49
2041.00 2.10 18.52
2042.00 2.11 18.54
2043.00 2.11 18.57
2044.00 2.11 18.60
2045.00 2.12 18.70
2046.00 2.10 18.67
2047.00 2.08 18.63
2048.00 2.09 18.63
2049.00 2.08 18.67
2050.00 2.09 18.66
2051.00 2.09 18.67
2052.00 2.08 18.59
2053.00 2.10 18.55
2054.00 2.10 18.60
2055.00 2.12 18.66
2056.00 2.12 18.62
2057.00 2.13 18.55
2058.00 2.13 18.55
2059.00 2.13 18.58
2060.00 2.13 18.58
2061.00 2.14 18.56
2062.00 2.14 18.62
2063.00 2.15 18.65
2064.00 2.16 18.67
2065.00 2.15 18.69
2066.00 2.15 18.69
2067.00 2.15 18.66
2068.00 2.16 18.66
2069.00 2.19 18.68
2070.00 2.20 18.68
2071.00 2.22 18.65
2072.00 2.21 18.65
2073.00 2.22 18.72
2074.00 2.25 18.77
2075.00 2.25 18.76
2076.00 2.25 18.75
2077.00 2.25 18.75
2078.00 2.23 18.75
2079.00 2.23 18.72
2080.00 2.21 18.76
2081.00 2.22 18.74
2082.00 2.23 18.74
2083.00 2.23 18.73
2084.00 2.24 18.73
2085.00 2.25 18.75
2086.00 2.26 18.80
2087.00 2.26 18.81
2088.00 2.28 18.85
2089.00 2.29 18.90
2090.00 2.30 18.91
2091.00 2.31 18.93
2092.00 2.30 18.95
2093.00 2.32 18.93
2094.00 2.31 18.88
2095.00 2.31 18.99
2096.00 2.30 19.00
2097.00 2.30 19.03
2098.00 2.31 19.02
2099.00 2.30 19.07
2100.00 2.27 19.04
2101.00 2.28 19.05
2102.00 2.26 19.02
2103.00 2.25 19.02
2104.00 2.26 19.02
2105.00 2.24 18.99
2106.00 2.26 18.97
2107.00 2.25 18.91
2108.00 2.24 18.94
2109.00 2.25 18.94
2110.00 2.26 18.98
2111.00 2.26 18.99
2112.00 2.27 19.03
2113.00 2.26 19.07
2114.00 2.26 19.06
2115.00 2.25 19.06
2116.00 2.24 19.05
2117.00 2.23 19.03
2118.00 2.23 18.98
2119.00 2.23 19.02
2120.00 2.23 19.02
2121.00 2.24 19.01
2122.00 2.26 19.07
2123.00 2.26 19.04
2124.00 2.27 19.09
2125.00 2.25 19.09
2126.00 2.25 19.18
2127.00 2.26 19.14
2128.00 2.26 19.11
2129.00 2.27 19.14
2130.00 2.26 19.15
2131.00 2.26 19.20
2132.00 2.25 19.21
2133.00 2.26 19.23
2134.00 2.27 19.13
2135.00 2.28 19.14
2136.00 2.28 19.17
2137.00 2.29 19.15
2138.00 2.30 19.07
2139.00 2.30 19.11
2140.00 2.32 19.10
2141.00 2.32 19.16
2142.00 2.32 19.13
2143.00 2.30 19.15
2144.00 2.31 19.09
2145.00 2.31 19.11
2146.00 2.31 19.15
2147.00 2.32 19.10
2148.00 2.31 19.04
2149.00 2.33 19.04
2150.00 2.33 18.99
2151.00 2.31 18.99
2152.00 2.31 18.97
2153.00 2.32 18.88
2154.00 2.32 18.82
2155.00 2.30 18.79
2156.00 2.28 18.77
2157.00 2.30 18.81
2158.00 2.30 18.84
2159.00 2.28 18.77
2160.00 2.28 18.80
2161.00 2.27 18.78
2162.00 2.27 18.84
2163.00 2.28 18.85
2164.00 2.29 18.85
2165.00 2.30 18.84
2166.00 2.31 18.84
2167.00 2.31 18.81
2168.00 2.32 18.80
2169.00 2.31 18.83
2170.00 2.32 18.84
2171.00 2.33 18.85
2172.00 2.33 18.89
2173.00 2.34 18.83
2174.00 2.34 18.77
2175.00 2.34 18.76
2176.00 2.33 18.68
2177.00 2.33 18.65
2178.00 2.33 18.66
2179.00 2.35 18.74
2180.00 2.34 18.71
2181.00 2.37 18.70
2182.00 2.36 18.80
2183.00 2.37 18.78
2184.00 2.37 18.73
2185.00 2.35 18.78
2186.00 2.36 18.76
2187.00 2.37 18.80
2188.00 2.36 18.84
2189.00 2.37 18.85
2190.00 2.37 18.84
2191.00 2.36 18.84
2192.00 2.36 18.81
2193.00 2.35 18.79
2194.00 2.36 18.77
2195.00 2.36 18.70
2196.00 2.34 18.78
2197.00 2.33 18.79
2198.00 2.33 18.85
2199.00 2.33 18.88
2200.00 2.34 18.92
2201.00 2.34 18.91
2202.00 2.35 18.93
2203.00 2.36 18.94
2204.00 2.35 18.87
2205.00 2.36 18.83
2206.00 2.36 18.82
2207.00 2.37 18.79
2208.00 2.37 18.85
2209.00 2.38 18.81
2210.00 2.39 18.88
2211.00 2.38 18.84
2212.00 2.38 18.88
2213.00 2.37 18.81
2214.00 2.36 18.81
2215.00 2.37 18.84
2216.00 2.37 18.85
2217.00 2.38 18.82
2218.00 2.39 18.84
2219.00 2.37 18.90
2220.00 2.38 18.86
2221.00 2.36 18.90
2222.00 2.34 18.84
2223.00 2.33 18.77
2224.00 2.34 18.71
2225.00 2.32 18.68
2226.00 2.32 18.69
2227.00 2.32 18.70
2228.00 2.32 18.75
2229.00 2.31 18.79
2230.00 2.33 18.86
2231.00 2.34 18.84
2232.00 2.34 18.79
2233.00 2.35 18.74
2234.00 2.35 18.75
2235.00 2.37 18.77
2236.00 2.37 18.73
2237.00 2.38 18.65
2238.00 2.39 18.64
2239.00 2.38 18.64
2240.00 2.39 18.61
2241.00 2.39 18.60
2242.00 2.40 18.59
2243.00 2.41 18.62
2244.00 2.40 18.60
2245.00 2.42 18.55
2246.00 2.41 18.54
2247.00 2.42 18.55
2248.00 2.42 18.60
2249.00 2.40 18.58
2250.00 2.42 18.60
2251.00 2.41 18.59
2252.00 2.41 18.54
2253.00 2.41 18.52
2254.00 2.40 18.52
2255.00 2.41 18.56
2256.00 2.38 18.50
2257.00 2.37 18.49
2258.00 2.38 18.46
2259.00 2.38 18.48
2260.00 2.40 18.46
2261.00 2.38 18.50
2262.00 2.38 18.44
2263.00 2.39 18.39
2264.00 2.37 18.31
2265.00 2.36 18.36
2266.00 2.35 18.30
2267.00 2.34 18.30
2268.00 2.35 18.24
2269.00 2.35 18.22
2270.00 2.34 18.24
2271.00 2.36 18.19
2272.00 2.37 18.15
2273.00 2.37 18.21
2274.00 2.38 18.17
2275.00 2.40 18.17
2276.00 2.40 18.11
2277.00 2.40 18.11
2278.00 2.40 18.12
2279.00 2.41 18.09
2280.00 2.39 18.08
2281.00 2.38 18.12
2282.00 2.38 18.11
2283.00 2.38 18.15
2284.00 2.37 18.11
2285.00 2.37 18.16
2286.00 2.36 18.12
2287.00 2.35 18.11
2288.00 2.35 18.07
2289.00 2.36 18.16
2290.00 2.37 18.15
2291.00 2.38 18.21
2292.00 2.37 18.16
2293.00 2.37 18.18
2294.00 2.37 18.18
2295.00 2.38 18.22
2296.00 2.39 18.17
2297.00 2.39 18.20
2298.00 2.39 18.20
2299.00 2.40 18.18
2300.00 2.40 18.15
2301.00 2.41 18.17
2302.00 2.39 18.18
2303.00 2.42 18.18
2304.00 2.43 18.16
2305.00 2.42 18.13
2306.00 2.44 18.07
2307.00 2.45 18.14
2308.00 2.46 18.13
2309.00 2.46 18.15
2310.00 2.45 18.14
2311.00 2.46 18.15
2312.00 2.45 18.16
2313.00 2.45 18.14
2314.00 2.47 18.14
2315.00 2.47 18.13
2316.00 2.48 18.13
2317.00 2.46 18.12
2318.00 2.45 18.13
2319.00 2.46 18.21
2320.00 2.46 18.19
2321.00 2.48 18.17
2322.00 2.48 18.15
2323.00 2.48 18.12
2324.00 2.48 18.17
2325.00 2.47 18.21
2326.00 2.47 18.24
2327.00 2.46 18.23
2328.00 2.46 18.18
2329.00 2.45 18.14
2330.00 2.45 18.14
2331.00 2.45 18.14
2332.00 2.43 18.12
2333.00 2.44 18.16
2334.00 2.43 18.08
2335.00 2.42 18.10
2336.00 2.42 18.10
2337.00 2.42 18.12
2338.00 2.40 18.08
2339.00 2.41 18.05
2340.00 2.41 18.09
2341.00 2.40 18.06
2342.00 2.41 18.07
2343.00 2.40 18.05
2344.00 2.41 18.15
2345.00 2.41 18.16
2346.00 2.42 18.21
2347.00 2.44 18.22
2348.00 2.44 18.19
2349.00 2.44 18.09
2350.00 2.44 18.08
2351.00 2.43 18.09
2352.00 2.42 18.09
2353.00 2.41 17.99
2354.00 2.42 18.00
2355.00 2.43 17.98
2356.00 2.41 18.05
2357.00 2.40 18.03
2358.00 2.40 18.09
2359.00 2.41 18.00
2360.00 2.39 17.99
2361.00 2.39 18.02
2362.00 2.39 18.08
2363.00 2.39 18.01
2364.00 2.41 17.97
2365.00 2.41 17.98
2366.00 2.42 18.02
2367.00 2.43 17.97
2368.00 2.43 17.98
2369.00 2.43 18.04
2370.00 2.44 18.08
2371.00 2.42 18.05
2372.00 2.40 18.10
2373.00 2.41 18.07
2374.00 2.39 18.06
2375.00 2.39 18.10
2376.00 2.39 18.08
2377.00 2.39 18.14
2378.00 2.39 18.12
2379.00 2.40 18.16
2380.00 2.40 18.26
2381.00 2.41 18.21
2382.00 2.40 18.20
2383.00 2.41 18.16
2384.00 2.40 18.11
2385.00 2.40 18.20
2386.00 2.42 18.29
2387.00 2.42 18.28
2388.00 2.43 18.34
2389.00 2.43 18.37
2390.00 2.42 18.39
2391.00 2.43 18.36
2392.00 2.43 18.38
2393.00 2.43 18.35
2394.00 2.45 18.29
2395.00 2.44 18.23
2396.00 2.44 18.18
2397.00 2.44 18.18
2398.00 2.43 18.18
2399.00 2.44 18.10
2400.00 2.43 18.13
2401.00 2.43 18.12
2402.00 2.42 18.06
2403.00 2.41 18.02
2404.00 2.43 18.04
2405.00 2.42 18.12
2406.00 2.42 18.12
2407.00 2.42 18.08
2408.00 2.43 18.08
2409.00 2.43 18.07
2410.00 2.43 18.02
2411.00 2.43 18.17
2412.00 2.42 18.19
2413.00 2.43 18.22
2414.00 2.42 18.25
2415.00 2.40 18.21
2416.00 2.39 18.17
2417.00 2.38 18.17
2418.00 2.39 18.09
2419.00 2.38 18.17
2420.00 2.37 18.20
2421.00 2.37 18.16
2422.00 2.37 18.21
2423.00 2.37 18.22
2424.00 2.37 18.18
2425.00 2.36 18.16
2426.00 2.37 18.14
2427.00 2.38 18.16
2428.00 2.39 18.14
2429.00 2.38 18.19
2430.00 2.39 18.24
2431.00 2.40 18.26
2432.00 2.41 18.31
2433.00 2.40 18.26
2434.00 2.41 18.33
2435.00 2.42 18.27
2436.00 2.43 18.28
2437.00 2.43 18.35
2438.00 2.44 18.33
2439.00 2.45 18.28
2440.00 2.43 18.24
2441.00 2.44 18.28
2442.00 2.43 18.32
2443.00 2.44 18.41
2444.00 2.43 18.48
2445.00 2.45 18.50
2446.00 2.44 18.50
2447.00 2.42 18.59
2448.00 2.41 18.61
2449.00 2.40 18.66
2450.00 2.40 18.59
2451.00 2.40 18.60
2452.00 2.40 18.58
2453.00 2.40 18.59
2454.00 2.40 18.61
2455.00 2.41 18.62
2456.00 2.41 18.71
2457.00 2.41 18.68
2458.00 2.41 18.71
2459.00 2.41 18.73
2460.00 2.38 18.68
2461.00 2.38 18.71
2462.00 2.37 18.73
2463.00 2.38 18.71
2464.00 2.37 18.77
2465.00 2.38 18.78
2466.00 2.37 18.81
2467.00 2.36 18.76
2468.00 2.37 18.67
2469.00 2.37 18.71
2470.00 2.36 18.70
2471.00 2.37 18.74
2472.00 2.35 18.79
2473.00 2.35 18.78
2474.00 2.35 18.74
2475.00 2.34 18.80
2476.00 2.34 18.82
2477.00 2.33 18.88
2478.00 2.34 18.89
2479.00 2.34 18.91
2480.00 2.34 18.96
2481.00 2.34 18.96
2482.00 2.35 18.95
2483.00 2.34 18.89
2484.00 2.35 18.93
2485.00 2.36 18.96
2486.00 2.37 18.99
2487.00 2.35 18.97
2488.00 2.35 18.95
2489.00 2.36 18.84
2490.00 2.34 18.81
2491.00 2.35 18.73
2492.00 2.33 18.73
2493.00 2.31 18.66
2494.00 2.31 18.65
2495.00 2.32 18.64
2496.00 2.33 18.65
2497.00 2.34 18.68
2498.00 2.34 18.72
2499.00 2.34 18.77
2500.00 2.36 18.78
2501.00 2.37 18.72
2502.00 2.37 18.66
2503.00 2.36 18.69
2504.00 2.37 18.71
2505.00 2.39 18.63
2506.00 2.40 18.62
2507.00 2.40 18.58
2508.00 2.40 18.59
2509.00 2.39 18.66
2510.00 2.37 18.64
2511.00 2.39 18.62
2512.00 2.38 18.57
2513.00 2.37 18.50
2514.00 2.37 18.46
2515.00 2.38 18.43
2516.00 2.38 18.45
2517.00 2.38 18.47
2518.00 2.38 18.48
2519.00 2.39 18.47
2520.00 2.37 18.46
2521.00 2.37 18.46
2522.00 2.37 18.49
2523.00 2.37 18.48
2524.00 2.36 18.49
2525.00 2.36 18.53
2526.00 2.37 18.49
2527.00 2.37 18.41
2528.00 2.38 18.37
2529.00 2.39 18.39
2530.00 2.40 18.53
2531.00 2.40 18.60
2532.00 2.42 18.61
2533.00 2.41 18.57
2534.00 2.41 18.64
2535.00 2.39 18.57
2536.00 2.38 18.58
2537.00 2.39 18.54
2538.00 2.38 18.54
2539.00 2.39 18.59
2540.00 2.38 18.56
2541.00 2.39 18.56
2542.00 2.41 18.58
2543.00 2.42 18.64
2544.00 2.43 18.64
2545.00 2.44 18.56
2546.00 2.45 18.57
2547.00 2.44 18.58
2548.00 2.44 18.55
2549.00 2.46 18.52
2550.00 2.46 18.54
2551.00 2.46 18.53
2552.00 2.45 18.59
2553.00 2.42 18.74
2554.00 2.41 18.73
2555.00 2.41 18.71
2556.00 2.40 18.74
2557.00 2.39 18.83
2558.00 2.39 18.85
2559.00 2.40 18.81
2560.00 2.42 18.74
2561.00 2.43 18.76
2562.00 2.44 18.75
2563.00 2.43 18.69
2564.00 2.43 18.69
2565.00 2.43 18.67
2566.00 2.42 18.65
2567.00 2.40 18.60
2568.00 2.39 18.67
2569.00 2.38 18.70
2570.00 2.38 18.72
2571.00 2.38 18.80
2572.00 2.37 18.77
2573.00 2.36 18.74
2574.00 2.36 18.80
2575.00 2.35 18.73
2576.00 2.36 18.80
2577.00 2.35 18.75
2578.00 2.35 18.78
2579.00 2.36 18.75
2580.00 2.36 18.73
2581.00 2.36 18.76
2582.00 2.36 18.77
2583.00 2.34 18.81
2584.00 2.34 18.77
2585.00 2.34 18.66
2586.00 2.34 18.67
2587.00 2.35 18.68
2588.00 2.34 18.70
2589.00 2.33 18.74
2590.00 2.32 18.77
2591.00 2.31 18.66
2592.00 2.32 18.67
2593.00 2.33 18.68
2594.00 2.33 18.67
2595.00 2.32 18.71
2596.00 2.33 18.70
2597.00 2.34 18.71
2598.00 2.35 18.74
2599.00 2.37 18.70
2600.00 2.35 18.61
2601.00 2.36 18.58
2602.00 2.37 18.59
2603.00 2.37 18.59
2604.00 2.35 18.54
2605.00 2.37 18.54
2606.00 2.37 18.61
2607.00 2.38 18.62
2608.00 2.40 18.64
2609.00 2.38 18.63
2610.00 2.40 18.57
2611.00 2.40 18.55
2612.00 2.40 18.55
2613.00 2.40 18.61
2614.00 2.40 18.65
2615.00 2.42 18.68
2616.00 2.41 18.68
2617.00 2.40 18.65
2618.00 2.40 18.67
2619.00 2.39 18.72
2620.00 2.39 18.69
2621.00 2.38 18.68
2622.00 2.39 18.65
2623.00 2.38 18.61
2624.00 2.37 18.65
2625.00 2.36 18.73
2626.00 2.36 18.75
2627.00 2.37 18.79
2628.00 2.39 18.79
2629.00 2.39 18.83
2630.00 2.40 18.85
2631.00 2.40 18.82
2632.00 2.41 18.85
2633.00 2.42 18.86
2634.00 2.43 18.94
2635.00 2.42 18.87
2636.00 2.40 18.88
2637.00 2.41 18.88
2638.00 2.41 18.87
2639.00 2.40 18.82
2640.00 2.41 18.87
2641.00 2.42 18.90
2642.00 2.42 18.90
2643.00 2.42 18.91
2644.00 2.42 18.89
2645.00 2.41 18.92
2646.00 2.41 18.93
2647.00 2.41 18.95
2648.00 2.42 18.95
2649.00 2.41 18.99
2650.00 2.41 18.98
2651.00 2.39 18.99
2652.00 2.39 18.96
2653.00 2.39 18.99
2654.00 2.40 19.04
2655.00 2.39 19.00
2656.00 2.41 19.08
2657.00 2.40 19.09
2658.00 2.39 19.08
2659.00 2.40 19.11
2660.00 2.41 19.13
2661.00 2.42 19.13
2662.00 2.43 19.13
2663.00 2.43 19.11
2664.00 2.42 19.05
2665.00 2.42 19.08
2666.00 2.42 19.06
2667.00 2.42 19.07
2668.00 2.41 19.03
2669.00 2.40 19.02
2670.00 2.42 19.00
2671.00 2.43 19.02
2672.00 2.41 18.99
2673.00 2.42 19.00
2674.00 2.43 18.96
2675.00 2.44 19.01
2676.00 2.45 19.00
2677.00 2.44 18.97
2678.00 2.44 18.94
2679.00 2.45 18.97
2680.00 2.45 18.94
2681.00 2.45 18.98
2682.00 2.45 18.91
2683.00 2.45 18.94
2684.00 2.46 18.90
2685.00 2.47 18.89
2686.00 2.47 18.86
2687.00 2.48 18.85
2688.00 2.48 18.88
2689.00 2.48 18.96
2690.00 2.49 18.91
2691.00 2.49 18.91
2692.00 2.50 18.92
2693.00 2.50 18.98
2694.00 2.51 18.99
2695.00 2.50 18.97
2696.00 2.49 18.93
2697.00 2.50 18.91
2698.00 2.51 18.91
2699.00 2.51 18.93
2700.00 2.49 18.94
2701.00 2.47 18.92
2702.00 2.49 18.89
2703.00 2.48 18.91
2704.00 2.48 18.85
2705.00 2.49 18.88
2706.00 2.51 18.90
2707.00 2.51 18.90
2708.00 2.51 18.97
2709.00 2.51 18.93
2710.00 2.52 18.92
2711.00 2.50 18.90
2712.00 2.48 18.96
2713.00 2.48 18.99
2714.00 2.48 18.97
2715.00 2.47 18.96
2716.00 2.48 18.91
2717.00 2.47 18.99
2718.00 2.48 18.93
2719.00 2.47 18.97
2720.00 2.45 18.97
2721.00 2.46 19.04
2722.00 2.46 19.06
2723.00 2.46 18.95
2724.00 2.46 18.89
2725.00 2.45 18.89
2726.00 2.46 18.84
2727.00 2.48 18.96
2728.00 2.48 19.08
2729.00 2.47 19.00
2730.00 2.49 19.03
2731.00 2.50 19.10
2732.00 2.51 19.05
2733.00 2.51 19.10
2734.00 2.50 19.20
2735.00 2.49 19.22
2736.00 2.51 19.19
2737.00 2.51 19.21
2738.00 2.50 19.25
2739.00 2.52 19.26
2740.00 2.53 19.22
2741.00 2.55 19.20
2742.00 2.54 19.23
2743.00 2.53 19.23
2744.00 2.52 19.26
2745.00 2.51 19.28
2746.00 2.52 19.28
2747.00 2.52 19.38
2748.00 2.52 19.32
2749.00 2.51 19.35
2750.00 2.50 19.27
2751.00 2.50 19.34
2752.00 2.51 19.33
2753.00 2.52 19.35
2754.00 2.51 19.39
2755.00 2.51 19.34
2756.00 2.51 19.33
2757.00 2.49 19.30
2758.00 2.50 19.35
2759.00 2.50 19.33
2760.00 2.50 19.31
2761.00 2.50 19.28
2762.00 2.52 19.32
2763.00 2.51 19.40
2764.00 2.51 19.39
2765.00 2.52 19.39
2766.00 2.52 19.39
2767.00 2.51 19.41
2768.00 2.52 19.39
2769.00 2.52 19.41
2770.00 2.52 19.37
2771.00 2.51 19.43
2772.00 2.51 19.38
2773.00 2.49 19.36
2774.00 2.47 19.27
2775.00 2.46 19.24
2776.00 2.45 19.27
2777.00 2.45 19.22
2778.00 2.44 19.27
2779.00 2.45 19.34
2780.00 2.46 19.34
2781.00 2.47 19.33
2782.00 2.46 19.28
2783.00 2.48 19.26
2784.00 2.48 19.27
2785.00 2.49 19.28
2786.00 2.49 19.36
2787.00 2.47 19.25
2788.00 2.47 19.24
2789.00 2.47 19.25
2790.00 2.47 19.27
2791.00 2.48 19.32
2792.00 2.48 19.33
2793.00 2.47 19.38
2794.00 2.48 19.37
2795.00 2.48 19.32
2796.00 2.47 19.28
2797.00 2.45 19.29
2798.00 2.45 19.21
