0.00 3.14 33.58
1.00 3.14 33.58
2.00 3.14 33.58
3.00 3.14 33.58
4.00 3.14 33.58
5.00 3.14 33.58
6.00 3.14 33.58
7.00 3.14 33.58
8.00 3.14 33.58
9.00 3.14 33.58
10.00 3.14 33.58
11.00 3.14 33.58
12.00 3.14 33.58
13.00 3.14 33.58
14.00 3.14 33.58
15.00 3.14 33.58
16.00 3.14 33.58
17.00 3.14 33.58
18.00 3.14 33.58
19.00 3.14 33.58
20.00 3.14 33.58
21.00 3.14 33.58
22.00 3.14 33.58
23.00 3.14 33.58
24.00 3.14 33.58
25.00 3.14 33.58
26.00 3.14 33.58
27.00 3.14 33.58
28.00 3.14 33.58
29.00 3.14 33.58
30.00 3.14 33.58
31.00 3.14 33.58
32.00 3.14 33.58
33.00 3.14 33.58
34.00 3.14 33.58
35.00 3.14 33.58
36.00 3.14 33.58
37.00 3.14 33.58
38.00 3.14 33.58
39.00 3.14 33.58
40.00 3.14 33.58
41.00 3.14 33.58
42.00 3.14 33.58
43.00 3.14 33.58
44.00 3.14 33.58
45.00 3.14 33.58
46.00 3.14 33.58
47.00 3.14 33.58
48.00 3.14 33.58
49.00 3.14 33.58
50.00 3.14 33.58
51.00 3.14 33.58
52.00 3.14 33.58
53.00 3.14 33.58
54.00 3.14 33.58
55.00 3.14 33.58
56.00 3.14 33.58
57.00 3.14 33.58
58.00 3.14 33.58
59.00 3.14 33.58
60.00 3.14 33.58
61.00 3.14 33.58
62.00 3.14 33.58
63.00 3.14 33.58
64.00 3.14 33.58
65.00 3.14 33.58
66.00 3.14 33.58
67.00 3.14 33.58
68.00 3.14 33.58
69.00 3.14 33.58
70.00 3.14 33.58
71.00 3.14 33.58
72.00 3.14 33.58
73.00 3.14 33.58
74.00 3.14 33.58
75.00 3.14 33.58
76.00 3.14 33.58
77.00 3.14 33.58
78.00 3.14 33.58
79.00 3.14 33.58
80.00 3.14 33.58
81.00 3.14 33.58
82.00 3.14 33.58
83.00 3.14 33.58
84.00 3.14 33.58
85.00 3.14 33.58
86.00 3.14 33.58
87.00 3.14 33.58
88.00 3.14 33.58
89.00 3.14 33.58
90.00 3.14 33.58
91.00 3.14 33.58
92.00 3.14 33.58
93.00 3.14 33.58
94.00 3.14 33.58
95.00 3.14 33.58
96.00 3.14 33.58
97.00 3.14 33.58
98.00 3.14 33.58
99.00 3.14 33.58
100.00 3.14 33.58
101.00 3.14 33.58
102.00 3.14 33.58
103.00 3.14 33.58
104.00 3.14 33.58
105.00 3.14 33.58
106.00 3.14 33.58
107.00 3.14 33.58
108.00 3.14 33.58
109.00 3.14 33.58
110.00 3.14 33.58
111.00 3.14 33.58
112.00 3.14 33.58
113.00 3.14 33.58
114.00 3.14 33.58
115.00 3.14 33.58
116.00 3.14 33.58
117.00 3.14 33.58
118.00 3.14 33.58
119.00 3.14 33.58
120.00 3.14 33.58
121.00 3.14 33.58
122.00 3.14 33.58
123.00 3.14 33.58
124.00 3.14 33.58
125.00 3.14 33.58
126.00 3.14 33.58
127.00 3.14 33.58
128.00 3.14 33.58
129.00 3.14 33.58
130.00 3.14 33.58
131.00 3.14 33.58
132.00 3.14 33.58
133.00 3.14 33.58
134.00 3.14 33.58
135.00 3.14 33.58
136.00 3.14 33.58
137.00 3.14 33.58
138.00 3.14 33.58
139.00 3.14 33.58
140.00 3.14 33.58
141.00 3.14 33.58
142.00 3.14 33.58
143.00 3.14 33.58
144.00 3.14 33.58
145.00 3.14 33.58
146.00 3.14 33.58
147.00 3.14 33.58
148.00 3.14 33.58
149.00 3.14 33.58
150.00 3.14 33.58
151.00 3.14 33.58
152.00 3.14 33.58
153.00 3.14 33.58
154.00 3.14 33.58
155.00 3.14 33.58
156.00 3.14 33.58
157.00 3.14 33.58
158.00 3.14 33.58
159.00 3.14 33.58
160.00 3.14 33.58
161.00 3.14 33.58
162.00 3.14 33.58
163.00 3.14 33.58
164.00 3.14 33.58
165.00 3.14 33.58
166.00 3.14 33.58
167.00 3.14 33.58
168.00 3.14 33.58
169.00 3.14 33.58
170.00 3.14 33.58
171.00 3.14 33.58
172.00 3.14 33.58
173.00 3.14 33.58
174.00 3.14 33.58
175.00 3.14 33.58
176.00 3.14 33.58
177.00 3.14 33.58
178.00 3.14 33.58
179.00 3.14 33.58
180.00 3.14 33.58
181.00 3.14 33.58
182.00 3.14 33.58
183.00 3.14 33.58
184.00 3.14 33.58
185.00 3.14 33.58
186.00 3.14 33.58
187.00 3.14 33.58
188.00 3.14 33.58
189.00 3.14 33.58
190.00 3.14 33.58
191.00 3.14 33.58
192.00 3.14 33.58
193.00 3.14 33.58
194.00 3.14 33.58
195.00 3.14 33.58
196.00 3.14 33.58
197.00 3.14 33.58
198.00 3.14 33.58
199.00 3.14 33.58
200.00 3.14 33.58
201.00 3.14 33.58
202.00 3.14 33.58
203.00 3.14 33.58
204.00 3.14 33.58
205.00 3.14 33.58
206.00 3.14 33.58
207.00 3.14 33.58
208.00 3.14 33.58
209.00 3.14 33.58
210.00 3.14 33.58
211.00 3.14 33.58
212.00 3.14 33.58
213.00 3.14 33.58
214.00 3.14 33.58
215.00 3.14 33.58
216.00 3.14 33.58
217.00 3.14 33.58
218.00 3.14 33.58
219.00 3.14 33.58
220.00 3.14 33.58
221.00 3.14 33.58
222.00 3.14 33.58
223.00 3.14 33.58
224.00 3.14 33.58
225.00 3.14 33.58
226.00 3.14 33.58
227.00 3.14 33.58
228.00 3.14 33.58
229.00 3.14 33.58
230.00 3.14 33.58
231.00 3.14 33.58
232.00 3.14 33.58
233.00 3.14 33.58
234.00 3.14 33.58
235.00 3.14 33.58
236.00 3.14 33.58
237.00 3.14 33.58
238.00 3.14 33.58
239.00 3.14 33.58
240.00 3.14 33.58
241.00 3.14 33.58
242.00 3.14 33.58
243.00 3.14 33.58
244.00 3.14 33.58
245.00 3.14 33.58
246.00 3.14 33.58
247.00 3.14 33.58
248.00 3.14 33.58
249.00 3.14 33.58
250.00 3.14 33.58
251.00 3.14 33.58
252.00 3.14 33.58
253.00 3.14 33.58
254.00 3.14 33.58
255.00 3.14 33.58
256.00 3.14 33.58
257.00 3.14 33.58
258.00 3.14 33.58
259.00 3.14 33.58
260.00 3.14 33.58
261.00 3.14 33.58
262.00 3.14 33.58
263.00 3.14 33.58
264.00 3.14 33.58
265.00 3.14 33.58
266.00 3.14 33.58
267.00 3.14 33.58
268.00 3.14 33.58
269.00 3.14 33.58
270.00 3.14 33.58
271.00 3.14 33.58
272.00 3.14 33.58
273.00 3.14 33.58
274.00 3.14 33.58
275.00 3.14 33.58
276.00 3.14 33.58
277.00 3.14 33.58
278.00 3.14 33.58
279.00 3.14 33.58
280.00 3.14 33.58
281.00 3.14 33.58
282.00 3.14 33.58
283.00 3.14 33.58
284.00 3.14 33.58
285.00 3.14 33.58
286.00 3.14 33.58
287.00 3.14 33.58
288.00 3.14 33.58
289.00 3.14 33.58
290.00 3.14 33.58
291.00 3.14 33.58
292.00 3.14 33.58
293.00 3.14 33.58
294.00 3.14 33.58
295.00 3.14 33.58
296.00 3.14 33.58
297.00 3.14 33.58
298.00 3.14 33.58
299.00 3.14 33.58
300.00 3.14 33.58
301.00 3.14 33.58
302.00 3.14 33.58
303.00 3.14 33.58
304.00 3.14 33.58
305.00 3.14 33.58
306.00 3.14 33.58
307.00 3.14 33.58
308.00 3.14 33.58
309.00 3.14 33.58
310.00 3.14 33.58
311.00 3.14 33.58
312.00 3.14 33.58
313.00 3.14 33.58
314.00 3.14 33.58
315.00 3.14 33.58
316.00 3.14 33.58
317.00 3.14 33.58
318.00 3.14 33.58
319.00 3.14 33.58
320.00 3.14 33.58
321.00 3.14 33.58
322.00 3.14 33.58
323.00 3.14 33.58
324.00 3.14 33.58
325.00 3.14 33.58
326.00 3.14 33.58
327.00 3.14 33.58
328.00 3.14 33.58
329.00 3.14 33.58
330.00 3.14 33.58
331.00 3.14 33.58
332.00 3.14 33.58
333.00 3.14 33.58
334.00 3.14 33.58
335.00 3.14 33.58
336.00 3.14 33.58
337.00 3.14 33.58
338.00 3.14 33.58
339.00 3.14 33.58
340.00 3.14 33.58
341.00 3.14 33.58
342.00 3.14 33.58
343.00 3.14 33.58
344.00 3.14 33.58
345.00 3.14 33.58
346.00 3.14 33.58
347.00 3.14 33.58
348.00 3.14 33.58
349.00 3.14 33.58
350.00 3.14 33.58
351.00 3.14 33.58
352.00 3.14 33.58
353.00 3.14 33.58
354.00 3.14 33.58
355.00 3.14 33.58
356.00 3.14 33.58
357.00 3.14 33.58
358.00 3.14 33.58
359.00 3.14 33.58
360.00 3.14 33.58
361.00 3.14 33.58
362.00 3.14 33.58
363.00 3.14 33.58
364.00 3.14 33.58
365.00 3.14 33.58
366.00 3.14 33.58
367.00 3.14 33.58
368.00 3.14 33.58
369.00 3.14 33.58
370.00 3.14 33.58
371.00 3.14 33.58
372.00 3.14 33.58
373.00 3.14 33.58
374.00 3.14 33.58
375.00 3.14 33.58
376.00 3.14 33.58
377.00 3.14 33.58
378.00 3.14 33.58
379.00 3.14 33.58
380.00 3.14 33.58
381.00 3.14 33.58
382.00 3.14 33.58
383.00 3.14 33.58
384.00 3.14 33.58
385.00 3.14 33.58
386.00 3.14 33.58
387.00 3.14 33.58
388.00 3.14 33.58
389.00 3.14 33.58
390.00 3.14 33.58
391.00 3.14 33.58
392.00 3.14 33.58
393.00 3.14 33.58
394.00 3.14 33.58
395.00 3.14 33.58
396.00 3.14 33.58
397.00 3.14 33.58
398.00 3.14 33.58
399.00 3.14 33.58
400.00 3.14 33.58
401.00 3.13 33.57
402.00 3.11 33.59
403.00 3.09 33.66
404.00 3.06 33.69
405.00 3.06 33.81
406.00 3.06 33.80
407.00 3.06 33.81
408.00 3.02 33.73
409.00 2.98 33.68
410.00 2.95 33.62
411.00 2.93 33.60
412.00 2.90 33.60
413.00 2.89 33.56
414.00 2.89 33.53
415.00 2.89 33.38
416.00 2.89 33.36
417.00 2.89 33.33
418.00 2.91 33.31
419.00 2.91 33.19
420.00 2.90 33.17
421.00 2.89 33.20
422.00 2.88 33.14
423.00 2.85 33.09
424.00 2.86 32.95
425.00 2.84 33.03
426.00 2.83 33.05
427.00 2.81 33.04
428.00 2.79 32.97
429.00 2.79 32.93
430.00 2.78 32.81
431.00 2.77 32.72
432.00 2.75 32.61
433.00 2.74 32.60
434.00 2.74 32.54
435.00 2.74 32.46
436.00 2.75 32.46
437.00 2.78 32.37
438.00 2.79 32.31
439.00 2.80 32.25
440.00 2.79 32.28
441.00 2.80 32.27
442.00 2.82 32.39
443.00 2.85 32.42
444.00 2.89 32.47
445.00 2.92 32.50
446.00 2.91 32.46
447.00 2.92 32.38
448.00 2.95 32.32
449.00 2.96 32.32
450.00 2.97 32.32
451.00 2.97 32.34
452.00 2.96 32.33
453.00 2.95 32.36
454.00 2.94 32.24
455.00 2.93 32.22
456.00 2.92 32.15
457.00 2.90 32.13
458.00 2.89 32.05
459.00 2.89 32.00
460.00 2.89 31.91
461.00 2.89 31.84
462.00 2.90 31.78
463.00 2.90 31.86
464.00 2.90 31.83
465.00 2.91 31.83
466.00 2.93 31.83
467.00 2.94 31.82
468.00 2.95 31.78
469.00 2.95 31.76
470.00 2.97 31.77
471.00 3.01 31.78
472.00 3.03 31.79
473.00 3.02 31.76
474.00 3.04 31.74
475.00 3.04 31.75
476.00 3.04 31.83
477.00 3.03 31.91
478.00 3.00 32.03
479.00 3.01 32.01
480.00 3.00 32.00
481.00 3.01 32.06
482.00 3.01 32.03
483.00 2.99 32.04
484.00 2.99 32.08
485.00 3.00 32.12
486.00 3.01 32.10
487.00 3.03 32.05
488.00 3.04 31.93
489.00 3.07 31.82
490.00 3.09 31.68
491.00 3.11 31.64
492.00 3.09 31.63
493.00 3.08 31.71
494.00 3.06 31.71
495.00 3.03 31.76
496.00 3.00 31.76
497.00 2.96 31.68
498.00 2.94 31.64
499.00 2.96 31.53
500.00 2.97 31.60
501.00 3.00 31.61
502.00 3.01 31.60
503.00 3.03 31.55
504.00 3.05 31.53
505.00 3.05 31.50
506.00 3.05 31.48
507.00 3.07 31.46
508.00 3.08 31.48
509.00 3.08 31.43
510.00 3.09 31.38
511.00 3.10 31.34
512.00 3.09 31.34
513.00 3.08 31.26
514.00 3.07 31.20
515.00 3.07 31.18
516.00 3.06 31.09
517.00 3.03 31.02
518.00 3.04 30.94
519.00 3.04 30.98
520.00 3.04 30.94
521.00 3.04 30.82
522.00 3.03 30.74
523.00 3.02 30.73
524.00 3.02 30.75
525.00 3.04 30.74
526.00 3.04 30.72
527.00 3.06 30.71
528.00 3.06 30.61
529.00 3.06 30.56
530.00 3.06 30.52
531.00 3.04 30.40
532.00 3.05 30.25
533.00 3.07 30.17
534.00 3.05 30.20
535.00 3.04 30.22
536.00 3.02 30.14
537.00 3.01 30.22
538.00 3.02 30.25
539.00 3.02 30.29
540.00 3.04 30.27
541.00 3.06 30.30
542.00 3.07 30.29
543.00 3.11 30.33
544.00 3.12 30.34
545.00 3.11 30.35
546.00 3.07 30.34
547.00 3.04 30.36
548.00 3.05 30.30
549.00 3.04 30.33
550.00 3.05 30.28
551.00 3.02 30.29
552.00 3.01 30.30
553.00 3.00 30.33
554.00 3.01 30.31
555.00 3.01 30.32
556.00 3.01 30.42
557.00 3.01 30.47
558.00 3.00 30.50
559.00 2.99 30.37
560.00 2.97 30.35
561.00 2.97 30.30
562.00 2.94 30.27
563.00 2.91 30.27
564.00 2.92 30.30
565.00 2.93 30.31
566.00 2.93 30.46
567.00 2.95 30.46
568.00 2.97 30.47
569.00 3.01 30.43
570.00 3.04 30.43
571.00 3.08 30.46
572.00 3.09 30.61
573.00 3.09 30.69
574.00 3.09 30.80
575.00 3.10 30.80
576.00 3.09 30.75
577.00 3.09 30.71
578.00 3.07 30.64
579.00 3.05 30.62
580.00 3.05 30.66
581.00 3.07 30.76
582.00 3.12 30.80
583.00 3.12 30.79
584.00 3.09 30.74
585.00 3.06 30.72
586.00 3.05 30.66
587.00 3.04 30.64
588.00 3.05 30.63
589.00 3.05 30.59
590.00 3.05 30.50
591.00 3.05 30.55
592.00 3.05 30.48
593.00 3.04 30.55
594.00 3.03 30.52
595.00 3.01 30.52
596.00 3.00 30.52
597.00 2.99 30.50
598.00 2.99 30.53
599.00 2.97 30.53
600.00 2.97 30.54
601.00 2.97 30.47
602.00 2.97 30.35
603.00 2.98 30.32
604.00 3.00 30.25
605.00 3.02 30.20
606.00 3.04 30.06
607.00 3.04 29.98
608.00 3.03 30.00
609.00 3.04 30.10
610.00 3.05 30.17
611.00 3.07 30.17
612.00 3.07 30.20
613.00 3.07 30.25
614.00 3.04 30.25
615.00 3.01 30.27
616.00 2.98 30.25
617.00 2.95 30.27
618.00 2.95 30.28
619.00 2.96 30.21
620.00 2.98 30.24
621.00 2.97 30.19
622.00 2.97 30.16
623.00 2.97 30.10
624.00 2.98 30.03
625.00 2.98 30.02
626.00 2.99 29.94
627.00 3.00 29.89
628.00 2.98 29.85
629.00 2.96 29.81
630.00 2.94 29.87
631.00 2.93 29.81
632.00 2.94 29.71
633.00 2.94 29.67
634.00 2.93 29.73
635.00 2.91 29.78
636.00 2.91 29.76
637.00 2.89 29.74
638.00 2.88 29.69
639.00 2.89 29.70
640.00 2.88 29.73
641.00 2.87 29.72
642.00 2.85 29.67
643.00 2.86 29.62
644.00 2.87 29.51
645.00 2.87 29.49
646.00 2.88 29.43
647.00 2.85 29.46
648.00 2.84 29.44
649.00 2.85 29.47
650.00 2.85 29.46
651.00 2.87 29.55
652.00 2.88 29.59
653.00 2.88 29.56
654.00 2.90 29.54
655.00 2.92 29.60
656.00 2.95 29.58
657.00 2.96 29.61
658.00 2.99 29.59
659.00 2.98 29.56
660.00 2.98 29.53
661.00 2.97 29.57
662.00 2.96 29.57
663.00 2.97 29.50
664.00 2.96 29.47
665.00 2.96 29.44
666.00 2.97 29.38
667.00 2.97 29.38
668.00 2.98 29.28
669.00 2.98 29.27
670.00 2.97 29.29
671.00 2.96 29.35
672.00 2.92 29.35
673.00 2.90 29.44
674.00 2.88 29.49
675.00 2.86 29.51
676.00 2.85 29.58
677.00 2.85 29.64
678.00 2.85 29.67
679.00 2.83 29.75
680.00 2.83 29.76
681.00 2.86 29.80
682.00 2.85 29.83
683.00 2.86 29.77
684.00 2.87 29.79
685.00 2.85 29.82
686.00 2.86 29.83
687.00 2.87 29.84
688.00 2.86 29.82
689.00 2.86 29.80
690.00 2.85 29.75
691.00 2.85 29.70
692.00 2.83 29.70
693.00 2.82 29.70
694.00 2.80 29.62
695.00 2.79 29.57
696.00 2.78 29.53
697.00 2.77 29.54
698.00 2.79 29.47
699.00 2.79 29.54
700.00 2.81 29.55
701.00 2.80 29.53
702.00 2.80 29.52
703.00 2.81 29.51
704.00 2.82 29.50
705.00 2.84 29.50
706.00 2.85 29.48
707.00 2.86 29.48
708.00 2.87 29.45
709.00 2.88 29.40
710.00 2.88 29.40
711.00 2.87 29.44
712.00 2.89 29.35
713.00 2.90 29.34
714.00 2.90 29.32
715.00 2.89 29.38
716.00 2.90 29.49
717.00 2.92 29.51
718.00 2.94 29.44
719.00 2.96 29.38
720.00 2.97 29.41
721.00 2.97 29.49
722.00 2.97 29.49
723.00 2.95 29.55
724.00 2.95 29.56
725.00 2.93 29.47
726.00 2.90 29.51
727.00 2.89 29.54
728.00 2.87 29.48
729.00 2.86 29.45
730.00 2.86 29.46
731.00 2.85 29.42
732.00 2.84 29.39
733.00 2.85 29.33
734.00 2.89 29.30
735.00 2.90 29.39
736.00 2.89 29.48
737.00 2.88 29.50
738.00 2.86 29.54
739.00 2.86 29.53
740.00 2.87 29.54
741.00 2.88 29.61
742.00 2.88 29.57
743.00 2.89 29.55
744.00 2.91 29.57
745.00 2.91 29.49
746.00 2.93 29.50
747.00 2.93 29.46
748.00 2.91 29.48
749.00 2.93 29.41
750.00 2.91 29.39
751.00 2.90 29.24
752.00 2.88 29.12
753.00 2.87 29.06
754.00 2.86 29.06
755.00 2.87 29.10
756.00 2.86 29.20
757.00 2.85 29.24
758.00 2.86 29.26
759.00 2.88 29.27
760.00 2.89 29.27
761.00 2.91 29.20
762.00 2.91 29.11
763.00 2.89 28.98
764.00 2.90 28.82
765.00 2.88 28.75
766.00 2.88 28.66
767.00 2.87 28.68
768.00 2.87 28.61
769.00 2.88 28.64
770.00 2.91 28.63
771.00 2.91 28.72
772.00 2.92 28.77
773.00 2.89 28.83
774.00 2.89 28.87
775.00 2.91 28.93
776.00 2.92 28.91
777.00 2.92 28.97
778.00 2.91 28.91
779.00 2.89 28.79
780.00 2.89 28.73
781.00 2.89 28.66
782.00 2.89 28.67
783.00 2.88 28.68
784.00 2.86 28.73
785.00 2.87 28.74
786.00 2.87 28.72
787.00 2.90 28.75
788.00 2.91 28.71
789.00 2.87 28.63
790.00 2.85 28.57
791.00 2.83 28.49
792.00 2.83 28.47
793.00 2.82 28.35
794.00 2.82 28.32
795.00 2.82 28.26
796.00 2.82 28.34
797.00 2.80 28.31
798.00 2.80 28.38
799.00 2.83 28.43
800.00 2.81 28.41
801.00 2.84 28.40
802.00 2.83 28.36
803.00 2.80 28.23
804.00 2.79 28.22
805.00 2.79 28.14
806.00 2.79 28.15
807.00 2.77 28.07
808.00 2.77 28.06
809.00 2.77 28.03
810.00 2.76 28.04
811.00 2.76 28.05
812.00 2.75 28.07
813.00 2.74 27.99
814.00 2.72 27.97
815.00 2.72 27.96
816.00 2.74 28.04
817.00 2.75 28.12
818.00 2.76 28.05
819.00 2.74 28.01
820.00 2.71 27.90
821.00 2.69 27.86
822.00 2.68 27.72
823.00 2.67 27.68
824.00 2.67 27.63
825.00 2.68 27.64
826.00 2.71 27.61
827.00 2.72 27.60
828.00 2.75 27.60
829.00 2.77 27.61
830.00 2.78 27.56
831.00 2.77 27.62
832.00 2.77 27.69
833.00 2.76 27.78
834.00 2.75 27.79
835.00 2.73 27.91
836.00 2.73 27.88
837.00 2.72 27.86
838.00 2.72 27.86
839.00 2.69 27.83
840.00 2.70 27.78
841.00 2.70 27.81
842.00 2.69 27.71
843.00 2.70 27.77
844.00 2.68 27.76
845.00 2.67 27.75
846.00 2.67 27.68
847.00 2.66 27.68
848.00 2.67 27.67
849.00 2.68 27.69
850.00 2.68 27.70
851.00 2.64 27.60
852.00 2.64 27.54
853.00 2.65 27.44
854.00 2.63 27.41
855.00 2.63 27.36
856.00 2.61 27.36
857.00 2.62 27.36
858.00 2.62 27.35
859.00 2.62 27.34
860.00 2.60 27.28
861.00 2.61 27.22
862.00 2.61 27.16
863.00 2.61 27.10
864.00 2.59 27.13
865.00 2.59 27.15
866.00 2.58 27.10
867.00 2.56 27.06
868.00 2.55 27.03
869.00 2.57 27.01
870.00 2.57 27.03
871.00 2.58 27.06
872.00 2.56 27.04
873.00 2.56 27.01
874.00 2.55 27.04
875.00 2.54 27.03
876.00 2.52 27.11
877.00 2.51 27.06
878.00 2.51 27.14
879.00 2.50 27.17
880.00 2.50 27.21
881.00 2.51 27.21
882.00 2.49 27.13
883.00 2.49 27.05
884.00 2.49 26.92
885.00 2.48 26.87
886.00 2.48 26.84
887.00 2.49 26.88
888.00 2.50 26.83
889.00 2.50 26.86
890.00 2.51 26.88
891.00 2.52 26.80
892.00 2.52 26.85
893.00 2.51 26.89
894.00 2.51 26.82
895.00 2.51 26.71
896.00 2.52 26.65
897.00 2.51 26.65
898.00 2.49 26.66
899.00 2.46 26.64
900.00 2.44 26.57
901.00 2.40 26.43
902.00 2.35 26.30
903.00 2.32 26.15
904.00 2.26 26.03
905.00 2.23 25.82
906.00 2.18 25.78
907.00 2.15 25.69
908.00 2.13 25.62
909.00 2.08 25.61
910.00 2.07 25.53
911.00 2.05 25.50
912.00 2.05 25.42
913.00 2.02 25.38
914.00 2.00 25.38
915.00 1.97 25.33
916.00 1.99 25.30
917.00 1.97 25.29
918.00 1.98 25.33
919.00 1.98 25.35
920.00 1.99 25.37
921.00 2.00 25.33
922.00 2.00 25.29
923.00 1.99 25.35
924.00 2.00 25.34
925.00 1.98 25.37
926.00 1.99 25.43
927.00 1.97 25.38
928.00 1.96 25.34
929.00 1.97 25.36
930.00 1.96 25.31
931.00 1.94 25.33
932.00 1.93 25.35
933.00 1.91 25.36
934.00 1.91 25.27
935.00 1.90 25.28
936.00 1.89 25.27
937.00 1.88 25.31
938.00 1.89 25.24
939.00 1.88 25.12
940.00 1.87 25.10
941.00 1.87 25.09
942.00 1.85 25.06
943.00 1.88 25.11
944.00 1.88 25.15
945.00 1.88 25.08
946.00 1.88 25.10
947.00 1.87 25.12
948.00 1.87 25.08
949.00 1.88 25.12
950.00 1.89 25.07
951.00 1.90 25.09
952.00 1.89 25.07
953.00 1.91 25.03
954.00 1.92 25.01
955.00 1.90 24.94
956.00 1.91 24.98
957.00 1.91 24.98
958.00 1.90 25.03
959.00 1.90 25.01
960.00 1.88 24.92
961.00 1.89 24.87
962.00 1.87 24.76
963.00 1.88 24.72
964.00 1.87 24.71
965.00 1.86 24.78
966.00 1.87 24.83
967.00 1.85 24.81
968.00 1.83 24.78
969.00 1.79 24.79
970.00 1.80 24.77
971.00 1.79 24.83
972.00 1.78 24.77
973.00 1.76 24.79
974.00 1.73 24.80
975.00 1.72 24.79
976.00 1.73 24.78
977.00 1.73 24.73
978.00 1.72 24.70
979.00 1.71 24.66
980.00 1.69 24.67
981.00 1.71 24.68
982.00 1.70 24.69
983.00 1.70 24.64
984.00 1.68 24.67
985.00 1.66 24.66
986.00 1.65 24.62
987.00 1.66 24.62
988.00 1.67 24.65
989.00 1.69 24.63
990.00 1.69 24.65
991.00 1.72 24.63
992.00 1.73 24.67
993.00 1.74 24.67
994.00 1.75 24.65
995.00 1.75 24.70
996.00 1.74 24.64
997.00 1.77 24.63
998.00 1.77 24.59
999.00 1.77 24.54
1000.00 1.77 24.50
1001.00 1.77 24.49
1002.00 1.77 24.42
1003.00 1.77 24.39
1004.00 1.77 24.44
1005.00 1.77 24.42
1006.00 1.76 24.36
1007.00 1.78 24.31
1008.00 1.79 24.32
1009.00 1.80 24.33
1010.00 1.80 24.31
1011.00 1.78 24.36
1012.00 1.81 24.33
1013.00 1.82 24.29
1014.00 1.82 24.36
1015.00 1.82 24.36
1016.00 1.81 24.43
1017.00 1.82 24.45
1018.00 1.81 24.42
1019.00 1.81 24.46
1020.00 1.79 24.48
1021.00 1.79 24.51
1022.00 1.79 24.48
1023.00 1.78 24.54
1024.00 1.77 24.56
1025.00 1.76 24.55
1026.00 1.73 24.61
1027.00 1.70 24.61
1028.00 1.69 24.50
1029.00 1.68 24.51
1030.00 1.68 24.45
1031.00 1.71 24.53
1032.00 1.71 24.47
1033.00 1.71 24.43
1034.00 1.70 24.44
1035.00 1.71 24.38
1036.00 1.71 24.37
1037.00 1.73 24.34
1038.00 1.74 24.39
1039.00 1.73 24.37
1040.00 1.74 24.39
1041.00 1.73 24.40
1042.00 1.73 24.34
1043.00 1.74 24.33
1044.00 1.74 24.34
1045.00 1.75 24.34
1046.00 1.76 24.26
1047.00 1.75 24.26
1048.00 1.75 24.29
1049.00 1.75 24.25
1050.00 1.74 24.22
1051.00 1.75 24.19
1052.00 1.73 24.19
1053.00 1.72 24.12
1054.00 1.72 24.15
1055.00 1.71 24.12
1056.00 1.71 24.08
1057.00 1.69 24.12
1058.00 1.68 24.09
1059.00 1.69 24.10
1060.00 1.70 24.19
1061.00 1.71 24.21
1062.00 1.72 24.17
1063.00 1.72 24.16
1064.00 1.75 24.12
1065.00 1.75 24.14
1066.00 1.75 24.07
1067.00 1.73 24.06
1068.00 1.72 24.01
1069.00 1.73 24.09
1070.00 1.73 24.01
1071.00 1.72 24.03
1072.00 1.75 24.01
1073.00 1.74 23.97
1074.00 1.73 23.89
1075.00 1.71 23.88
1076.00 1.70 23.85
1077.00 1.70 23.86
1078.00 1.71 23.85
1079.00 1.72 23.88
1080.00 1.72 23.92
1081.00 1.71 23.84
1082.00 1.71 23.78
1083.00 1.69 23.75
1084.00 1.69 23.72
1085.00 1.69 23.61
1086.00 1.69 23.53
1087.00 1.69 23.45
1088.00 1.68 23.44
1089.00 1.67 23.47
1090.00 1.66 23.54
1091.00 1.65 23.56
1092.00 1.64 23.57
1093.00 1.66 23.57
1094.00 1.65 23.60
1095.00 1.64 23.59
1096.00 1.63 23.61
1097.00 1.64 23.59
1098.00 1.63 23.63
1099.00 1.63 23.60
1100.00 1.63 23.62
1101.00 1.61 23.60
1102.00 1.63 23.66
1103.00 1.63 23.62
1104.00 1.62 23.69
1105.00 1.61 23.64
1106.00 1.60 23.68
1107.00 1.60 23.69
1108.00 1.58 23.63
1109.00 1.60 23.62
1110.00 1.60 23.53
1111.00 1.58 23.51
1112.00 1.59 23.48
1113.00 1.58 23.44
1114.00 1.58 23.45
1115.00 1.59 23.44
1116.00 1.59 23.42
1117.00 1.58 23.39
1118.00 1.59 23.46
1119.00 1.60 23.47
1120.00 1.62 23.51
1121.00 1.62 23.54
1122.00 1.61 23.52
1123.00 1.62 23.46
1124.00 1.62 23.47
1125.00 1.63 23.44
1126.00 1.63 23.42
1127.00 1.61 23.38
1128.00 1.60 23.28
1129.00 1.61 23.32
1130.00 1.63 23.37
1131.00 1.61 23.38
1132.00 1.59 23.51
1133.00 1.57 23.45
1134.00 1.58 23.48
1135.00 1.57 23.46
1136.00 1.57 23.49
1137.00 1.57 23.49
1138.00 1.58 23.52
1139.00 1.57 23.46
1140.00 1.60 23.42
1141.00 1.59 23.46
1142.00 1.60 23.38
1143.00 1.58 23.41
1144.00 1.60 23.31
1145.00 1.59 23.31
1146.00 1.60 23.30
1147.00 1.63 23.27
1148.00 1.63 23.26
1149.00 1.63 23.29
1150.00 1.64 23.28
1151.00 1.64 23.34
1152.00 1.63 23.32
1153.00 1.61 23.38
1154.00 1.62 23.44
1155.00 1.61 23.50
1156.00 1.63 23.49
1157.00 1.63 23.40
1158.00 1.62 23.34
1159.00 1.60 23.41
1160.00 1.58 23.35
1161.00 1.59 23.28
1162.00 1.61 23.24
1163.00 1.62 23.28
1164.00 1.60 23.32
1165.00 1.61 23.33
1166.00 1.60 23.31
1167.00 1.61 23.36
1168.00 1.58 23.38
1169.00 1.58 23.37
1170.00 1.58 23.32
1171.00 1.58 23.29
1172.00 1.58 23.23
1173.00 1.59 23.21
1174.00 1.60 23.19
1175.00 1.62 23.24
1176.00 1.63 23.29
1177.00 1.64 23.17
1178.00 1.63 23.11
1179.00 1.63 23.04
1180.00 1.63 23.05
1181.00 1.62 23.11
1182.00 1.61 23.12
1183.00 1.60 23.21
1184.00 1.61 23.15
1185.00 1.60 23.14
1186.00 1.59 23.08
1187.00 1.60 23.03
1188.00 1.59 23.04
1189.00 1.59 23.08
1190.00 1.58 23.13
1191.00 1.58 23.07
1192.00 1.60 23.13
1193.00 1.62 23.19
1194.00 1.61 23.14
1195.00 1.65 23.14
1196.00 1.65 23.15
1197.00 1.66 23.20
1198.00 1.64 23.21
1199.00 1.64 23.23
1200.00 1.62 23.29
1201.00 1.62 23.31
1202.00 1.62 23.29
1203.00 1.61 23.29
1204.00 1.61 23.23
1205.00 1.59 23.20
1206.00 1.60 23.18
1207.00 1.59 23.20
1208.00 1.62 23.20
1209.00 1.61 23.24
1210.00 1.61 23.24
1211.00 1.63 23.26
1212.00 1.64 23.18
1213.00 1.65 23.23
1214.00 1.65 23.16
1215.00 1.66 23.14
1216.00 1.67 23.11
1217.00 1.67 23.16
1218.00 1.66 23.16
1219.00 1.65 23.20
1220.00 1.67 23.21
1221.00 1.68 23.19
1222.00 1.69 23.19
1223.00 1.70 23.17
1224.00 1.70 23.21
1225.00 1.71 23.19
1226.00 1.72 23.20
1227.00 1.71 23.16
1228.00 1.71 23.10
1229.00 1.72 23.09
1230.00 1.71 23.04
1231.00 1.71 23.01
1232.00 1.69 23.05
1233.00 1.69 23.05
1234.00 1.69 23.03
1235.00 1.69 23.02
1236.00 1.69 22.96
1237.00 1.69 22.97
1238.00 1.68 23.00
1239.00 1.67 23.00
1240.00 1.67 23.02
1241.00 1.67 22.99
1242.00 1.66 23.04
1243.00 1.67 22.96
1244.00 1.68 23.02
1245.00 1.66 23.01
1246.00 1.66 23.09
1247.00 1.66 23.07
1248.00 1.67 23.03
1249.00 1.69 22.99
1250.00 1.69 22.96
1251.00 1.69 22.94
1252.00 1.69 22.93
1253.00 1.71 23.02
1254.00 1.70 23.00
1255.00 1.71 23.01
1256.00 1.73 22.90
1257.00 1.71 22.94
1258.00 1.72 22.89
1259.00 1.71 22.89
1260.00 1.71 22.91
1261.00 1.71 22.87
1262.00 1.73 22.89
1263.00 1.74 22.87
1264.00 1.73 22.87
1265.00 1.76 22.80
1266.00 1.78 22.74
1267.00 1.78 22.66
1268.00 1.77 22.67
1269.00 1.76 22.71
1270.00 1.78 22.65
1271.00 1.81 22.71
1272.00 1.81 22.72
1273.00 1.82 22.76
1274.00 1.83 22.72
1275.00 1.83 22.70
1276.00 1.81 22.66
1277.00 1.82 22.59
1278.00 1.80 22.55
1279.00 1.79 22.52
1280.00 1.78 22.49
1281.00 1.78 22.48
1282.00 1.78 22.54
1283.00 1.78 22.41
1284.00 1.77 22.41
1285.00 1.78 22.42
1286.00 1.79 22.42
1287.00 1.78 22.37
1288.00 1.78 22.43
1289.00 1.76 22.44
1290.00 1.77 22.36
1291.00 1.76 22.40
1292.00 1.76 22.31
1293.00 1.74 22.41
1294.00 1.75 22.40
1295.00 1.74 22.44
1296.00 1.74 22.45
1297.00 1.74 22.39
1298.00 1.73 22.42
1299.00 1.74 22.32
1300.00 1.74 22.35
1301.00 1.75 22.34
1302.00 1.77 22.34
1303.00 1.77 22.30
1304.00 1.77 22.28
1305.00 1.79 22.29
1306.00 1.78 22.20
1307.00 1.79 22.17
1308.00 1.78 22.11
1309.00 1.78 22.09
1310.00 1.77 22.03
1311.00 1.79 22.03
1312.00 1.78 22.04
1313.00 1.77 22.00
1314.00 1.76 22.08
1315.00 1.77 22.07
1316.00 1.76 22.05
1317.00 1.75 22.02
1318.00 1.75 21.97
1319.00 1.76 22.01
1320.00 1.76 21.92
1321.00 1.76 21.87
1322.00 1.78 21.83
1323.00 1.80 21.81
1324.00 1.81 21.76
1325.00 1.82 21.81
1326.00 1.82 21.76
1327.00 1.83 21.82
1328.00 1.83 21.81
1329.00 1.85 21.80
1330.00 1.85 21.71
1331.00 1.86 21.75
1332.00 1.85 21.77
1333.00 1.86 21.73
1334.00 1.87 21.78
1335.00 1.85 21.80
1336.00 1.86 21.89
1337.00 1.88 21.99
1338.00 1.88 22.03
1339.00 1.90 22.04
1340.00 1.92 21.99
1341.00 1.92 21.92
1342.00 1.94 21.91
1343.00 1.94 21.83
1344.00 1.96 21.84
1345.00 1.96 21.74
1346.00 1.96 21.76
1347.00 1.94 21.80
1348.00 1.95 21.79
1349.00 1.94 21.75
1350.00 1.96 21.79
1351.00 1.95 21.74
1352.00 1.96 21.77
1353.00 1.95 21.79
1354.00 1.96 21.69
1355.00 1.95 21.70
1356.00 1.95 21.74
1357.00 1.96 21.79
1358.00 1.97 21.77
1359.00 1.97 21.69
1360.00 1.98 21.74
1361.00 1.99 21.64
1362.00 1.98 21.71
1363.00 1.97 21.74
1364.00 1.97 21.72
1365.00 1.97 21.67
1366.00 1.98 21.62
1367.00 1.98 21.56
1368.00 1.97 21.53
1369.00 1.97 21.51
1370.00 1.96 21.47
1371.00 1.95 21.43
1372.00 1.94 21.40
1373.00 1.91 21.37
1374.00 1.90 21.37
1375.00 1.89 21.41
1376.00 1.87 21.44
1377.00 1.86 21.45
1378.00 1.86 21.40
1379.00 1.84 21.42
1380.00 1.83 21.36
1381.00 1.85 21.38
1382.00 1.86 21.41
1383.00 1.86 21.34
1384.00 1.83 21.26
1385.00 1.81 21.16
1386.00 1.79 21.16
1387.00 1.78 21.14
1388.00 1.77 21.13
1389.00 1.78 21.12
1390.00 1.78 21.19
1391.00 1.77 21.16
1392.00 1.76 21.19
1393.00 1.77 21.21
1394.00 1.75 21.23
1395.00 1.75 21.24
1396.00 1.75 21.20
1397.00 1.74 21.18
1398.00 1.75 21.26
1399.00 1.76 21.27
1400.00 1.77 21.30
1401.00 1.75 21.29
1402.00 1.75 21.27
1403.00 1.74 21.27
1404.00 1.73 21.22
1405.00 1.74 21.21
1406.00 1.76 21.20
1407.00 1.74 21.19
1408.00 1.74 21.15
1409.00 1.74 21.05
1410.00 1.76 21.07
1411.00 1.75 21.04
1412.00 1.76 20.98
1413.00 1.78 20.97
1414.00 1.79 20.98
1415.00 1.79 21.02
1416.00 1.78 21.05
1417.00 1.78 20.97
1418.00 1.78 21.05
1419.00 1.79 21.10
1420.00 1.79 21.12
1421.00 1.81 21.08
1422.00 1.80 21.11
1423.00 1.81 21.12
1424.00 1.80 21.08
1425.00 1.81 21.09
1426.00 1.80 21.11
1427.00 1.79 21.21
1428.00 1.80 21.28
1429.00 1.79 21.30
1430.00 1.79 21.21
1431.00 1.81 21.19
1432.00 1.82 21.19
1433.00 1.83 21.25
1434.00 1.84 21.25
1435.00 1.86 21.31
1436.00 1.87 21.30
1437.00 1.87 21.23
1438.00 1.88 21.20
1439.00 1.86 21.03
1440.00 1.84 20.98
1441.00 1.83 20.92
1442.00 1.82 20.94
1443.00 1.84 20.94
1444.00 1.84 20.88
1445.00 1.85 20.86
1446.00 1.85 20.88
1447.00 1.84 20.93
1448.00 1.84 20.96
1449.00 1.82 20.95
1450.00 1.81 20.94
1451.00 1.80 21.01
1452.00 1.83 20.94
1453.00 1.80 20.87
1454.00 1.79 20.87
1455.00 1.77 20.90
1456.00 1.76 20.86
1457.00 1.79 20.86
1458.00 1.78 20.86
1459.00 1.78 20.96
1460.00 1.78 21.01
1461.00 1.78 20.99
1462.00 1.77 20.92
1463.00 1.79 20.90
1464.00 1.80 20.92
1465.00 1.81 20.93
1466.00 1.81 20.98
1467.00 1.80 21.01
1468.00 1.78 21.01
1469.00 1.80 20.92
1470.00 1.80 20.92
1471.00 1.79 20.85
1472.00 1.78 20.87
1473.00 1.76 20.85
1474.00 1.75 20.82
1475.00 1.75 20.78
1476.00 1.75 20.79
1477.00 1.76 20.71
1478.00 1.76 20.77
1479.00 1.77 20.74
1480.00 1.76 20.73
1481.00 1.75 20.69
1482.00 1.74 20.64
1483.00 1.74 20.57
1484.00 1.76 20.57
1485.00 1.77 20.54
1486.00 1.77 20.48
1487.00 1.78 20.53
1488.00 1.79 20.56
1489.00 1.79 20.65
1490.00 1.79 20.63
1491.00 1.80 20.62
1492.00 1.80 20.60
1493.00 1.77 20.62
1494.00 1.78 20.56
1495.00 1.77 20.63
1496.00 1.78 20.62
1497.00 1.77 20.58
1498.00 1.78 20.46
1499.00 1.78 20.39
1500.00 1.77 20.35
1501.00 1.77 20.33
1502.00 1.77 20.38
1503.00 1.77 20.37
1504.00 1.78 20.35
1505.00 1.77 20.35
1506.00 1.76 20.33
1507.00 1.77 20.29
1508.00 1.78 20.23
1509.00 1.77 20.19
1510.00 1.78 20.07
1511.00 1.78 20.06
1512.00 1.80 19.99
1513.00 1.79 20.05
1514.00 1.79 20.08
1515.00 1.79 20.14
1516.00 1.78 20.16
1517.00 1.76 20.13
1518.00 1.75 20.15
1519.00 1.74 20.14
1520.00 1.73 20.07
1521.00 1.74 20.12
1522.00 1.72 20.14
1523.00 1.73 20.19
1524.00 1.74 20.21
1525.00 1.76 20.21
1526.00 1.76 20.19
1527.00 1.75 20.12
1528.00 1.75 20.06
1529.00 1.76 20.02
1530.00 1.77 20.02
1531.00 1.77 20.02
1532.00 1.77 20.04
1533.00 1.79 20.05
1534.00 1.79 19.98
1535.00 1.78 20.03
1536.00 1.79 20.11
1537.00 1.78 20.08
1538.00 1.81 20.02
1539.00 1.82 20.00
1540.00 1.80 19.99
1541.00 1.80 19.95
1542.00 1.82 19.94
1543.00 1.82 19.93
1544.00 1.84 19.95
1545.00 1.85 19.97
1546.00 1.83 20.00
1547.00 1.82 19.99
1548.00 1.83 20.00
1549.00 1.81 19.94
1550.00 1.81 19.97
1551.00 1.81 19.92
1552.00 1.82 19.92
1553.00 1.83 19.91
1554.00 1.81 19.92
1555.00 1.80 20.01
1556.00 1.79 19.97
1557.00 1.79 19.97
1558.00 1.79 19.96
1559.00 1.77 19.96
1560.00 1.79 20.00
1561.00 1.79 20.09
1562.00 1.79 20.03
1563.00 1.79 20.01
1564.00 1.81 19.98
1565.00 1.80 20.02
1566.00 1.83 19.93
1567.00 1.82 19.97
1568.00 1.84 19.92
1569.00 1.80 19.92
1570.00 1.81 19.95
1571.00 1.79 19.95
1572.00 1.78 19.91
1573.00 1.78 19.85
1574.00 1.78 19.89
1575.00 1.78 19.97
1576.00 1.79 19.93
1577.00 1.79 19.94
1578.00 1.80 19.91
1579.00 1.80 19.90
1580.00 1.82 19.80
1581.00 1.83 19.84
1582.00 1.84 19.81
1583.00 1.82 19.92
1584.00 1.79 19.83
1585.00 1.80 19.83
1586.00 1.79 19.73
1587.00 1.78 19.70
1588.00 1.78 19.56
1589.00 1.77 19.57
1590.00 1.78 19.53
1591.00 1.77 19.54
1592.00 1.77 19.50
1593.00 1.76 19.53
1594.00 1.75 19.51
1595.00 1.73 19.51
1596.00 1.75 19.52
1597.00 1.74 19.54
1598.00 1.73 19.57
1599.00 1.72 19.61
1600.00 1.73 19.61
1601.00 1.75 19.55
1602.00 1.73 19.58
1603.00 1.73 19.55
1604.00 1.71 19.58
1605.00 1.73 19.49
1606.00 1.72 19.51
1607.00 1.73 19.45
1608.00 1.71 19.50
1609.00 1.73 19.48
1610.00 1.73 19.51
1611.00 1.71 19.55
1612.00 1.68 19.51
1613.00 1.68 19.47
1614.00 1.70 19.46
1615.00 1.71 19.50
1616.00 1.67 19.51
1617.00 1.67 19.57
1618.00 1.66 19.57
1619.00 1.67 19.61
1620.00 1.68 19.60
1621.00 1.67 19.56
1622.00 1.68 19.54
1623.00 1.65 19.54
1624.00 1.65 19.52
1625.00 1.65 19.45
1626.00 1.67 19.37
1627.00 1.65 19.33
1628.00 1.64 19.38
1629.00 1.63 19.28
1630.00 1.64 19.33
1631.00 1.62 19.35
1632.00 1.62 19.40
1633.00 1.61 19.39
1634.00 1.60 19.39
1635.00 1.60 19.38
1636.00 1.63 19.39
1637.00 1.62 19.38
1638.00 1.65 19.37
1639.00 1.65 19.35
1640.00 1.66 19.40
1641.00 1.65 19.44
1642.00 1.66 19.56
1643.00 1.67 19.51
1644.00 1.67 19.50
1645.00 1.70 19.42
1646.00 1.69 19.41
1647.00 1.70 19.38
1648.00 1.72 19.32
1649.00 1.74 19.34
1650.00 1.76 19.39
1651.00 1.76 19.44
1652.00 1.75 19.47
1653.00 1.75 19.40
1654.00 1.75 19.46
1655.00 1.75 19.43
1656.00 1.75 19.39
1657.00 1.73 19.35
1658.00 1.73 19.37
1659.00 1.71 19.35
1660.00 1.69 19.33
1661.00 1.70 19.33
1662.00 1.68 19.30
1663.00 1.70 19.38
1664.00 1.72 19.40
1665.00 1.74 19.44
1666.00 1.74 19.43
1667.00 1.73 19.44
1668.00 1.73 19.43
1669.00 1.75 19.38
1670.00 1.75 19.36
1671.00 1.76 19.27
1672.00 1.78 19.24
1673.00 1.79 19.16
1674.00 1.81 19.17
1675.00 1.81 19.09
1676.00 1.81 19.10
1677.00 1.81 19.05
1678.00 1.83 19.13
1679.00 1.81 19.18
1680.00 1.80 19.22
1681.00 1.78 19.13
1682.00 1.78 19.16
1683.00 1.77 19.12
1684.00 1.77 19.13
1685.00 1.76 19.04
1686.00 1.77 19.03
1687.00 1.76 18.86
1688.00 1.76 18.83
1689.00 1.74 18.76
1690.00 1.72 18.79
1691.00 1.74 18.83
1692.00 1.73 18.83
1693.00 1.74 18.81
1694.00 1.74 18.75
1695.00 1.75 18.76
1696.00 1.77 18.73
1697.00 1.75 18.71
1698.00 1.75 18.61
1699.00 1.75 18.64
1700.00 1.77 18.63
1701.00 1.79 18.62
1702.00 1.78 18.61
1703.00 1.77 18.67
1704.00 1.75 18.64
1705.00 1.76 18.64
1706.00 1.76 18.58
1707.00 1.76 18.52
1708.00 1.75 18.62
1709.00 1.75 18.60
1710.00 1.74 18.68
1711.00 1.74 18.65
1712.00 1.73 18.64
1713.00 1.75 18.59
1714.00 1.73 18.63
1715.00 1.72 18.67
1716.00 1.72 18.70
1717.00 1.72 18.69
1718.00 1.72 18.66
1719.00 1.73 18.66
1720.00 1.72 18.57
1721.00 1.73 18.58
1722.00 1.72 18.54
1723.00 1.71 18.54
1724.00 1.70 18.52
1725.00 1.71 18.46
1726.00 1.72 18.47
1727.00 1.72 18.52
1728.00 1.73 18.60
1729.00 1.72 18.59
1730.00 1.73 18.55
1731.00 1.71 18.58
1732.00 1.74 18.53
1733.00 1.72 18.53
1734.00 1.74 18.55
1735.00 1.71 18.46
1736.00 1.72 18.37
1737.00 1.72 18.32
1738.00 1.73 18.25
1739.00 1.77 18.31
1740.00 1.78 18.29
1741.00 1.80 18.31
1742.00 1.82 18.37
1743.00 1.83 18.44
1744.00 1.83 18.42
1745.00 1.81 18.38
1746.00 1.81 18.41
1747.00 1.78 18.41
1748.00 1.79 18.40
1749.00 1.79 18.33
1750.00 1.79 18.34
1751.00 1.81 18.36
1752.00 1.82 18.33
1753.00 1.82 18.33
1754.00 1.81 18.27
1755.00 1.83 18.26
1756.00 1.83 18.27
1757.00 1.83 18.30
1758.00 1.84 18.27
1759.00 1.84 18.21
1760.00 1.84 18.25
1761.00 1.83 18.29
1762.00 1.84 18.21
1763.00 1.85 18.23
1764.00 1.84 18.23
1765.00 1.84 18.25
1766.00 1.84 18.32
1767.00 1.86 18.31
1768.00 1.87 18.31
1769.00 1.85 18.26
1770.00 1.86 18.27
1771.00 1.85 18.28
1772.00 1.85 18.27
1773.00 1.85 18.17
1774.00 1.88 18.18
1775.00 1.85 18.17
1776.00 1.84 18.08
1777.00 1.85 17.99
1778.00 1.87 18.00
1779.00 1.86 17.90
1780.00 1.86 17.87
1781.00 1.84 17.87
1782.00 1.83 17.72
1783.00 1.84 17.73
1784.00 1.84 17.75
1785.00 1.83 17.75
1786.00 1.83 17.74
1787.00 1.82 17.77
1788.00 1.81 17.79
1789.00 1.79 17.80
1790.00 1.78 17.76
1791.00 1.77 17.73
1792.00 1.75 17.67
1793.00 1.74 17.72
1794.00 1.75 17.66
1795.00 1.75 17.59
1796.00 1.76 17.55
1797.00 1.76 17.51
1798.00 1.78 17.50
1799.00 1.80 17.53
1800.00 1.78 17.52
1801.00 1.76 17.48
1802.00 1.74 17.47
1803.00 1.73 17.43
1804.00 1.72 17.47
1805.00 1.71 17.44
1806.00 1.71 17.47
1807.00 1.69 17.43
1808.00 1.71 17.46
1809.00 1.70 17.47
1810.00 1.70 17.48
1811.00 1.70 17.42
1812.00 1.69 17.38
1813.00 1.68 17.37
1814.00 1.68 17.32
1815.00 1.69 17.28
1816.00 1.71 17.22
1817.00 1.73 17.19
1818.00 1.75 17.13
1819.00 1.76 17.17
1820.00 1.76 17.18
1821.00 1.77 17.11
1822.00 1.78 17.09
1823.00 1.78 17.10
1824.00 1.77 17.09
1825.00 1.77 17.09
1826.00 1.75 17.14
1827.00 1.75 17.17
1828.00 1.76 17.20
1829.00 1.77 17.20
1830.00 1.76 17.22
1831.00 1.76 17.23
1832.00 1.73 17.18
1833.00 1.73 17.15
1834.00 1.72 17.18
1835.00 1.73 17.22
1836.00 1.72 17.21
1837.00 1.73 17.18
1838.00 1.74 17.11
1839.00 1.75 17.12
1840.00 1.74 17.12
1841.00 1.72 17.14
1842.00 1.71 17.21
1843.00 1.70 17.19
1844.00 1.70 17.18
1845.00 1.69 17.07
1846.00 1.71 17.11
1847.00 1.69 17.09
1848.00 1.68 17.14
1849.00 1.66 17.10
1850.00 1.68 17.12
1851.00 1.67 17.04
1852.00 1.67 17.00
1853.00 1.68 17.02
1854.00 1.71 17.02
1855.00 1.72 17.02
1856.00 1.74 17.04
1857.00 1.73 17.00
1858.00 1.75 17.08
1859.00 1.77 17.08
1860.00 1.78 17.12
1861.00 1.77 17.21
1862.00 1.76 17.14
1863.00 1.77 17.19
1864.00 1.78 17.24
1865.00 1.79 17.18
1866.00 1.79 17.23
1867.00 1.79 17.23
1868.00 1.78 17.22
1869.00 1.75 17.18
1870.00 1.75 17.14
1871.00 1.75 17.09
1872.00 1.74 17.10
1873.00 1.74 17.06
1874.00 1.74 17.13
1875.00 1.75 17.21
1876.00 1.76 17.20
1877.00 1.75 17.09
1878.00 1.76 17.05
1879.00 1.76 17.06
1880.00 1.76 17.22
1881.00 1.75 17.27
1882.00 1.76 17.29
1883.00 1.76 17.24
1884.00 1.78 17.25
1885.00 1.76 17.24
1886.00 1.76 17.30
1887.00 1.73 17.36
1888.00 1.74 17.31
1889.00 1.72 17.34
1890.00 1.73 17.24
1891.00 1.71 17.31
1892.00 1.70 17.27
1893.00 1.72 17.39
1894.00 1.72 17.31
1895.00 1.73 17.29
1896.00 1.76 17.28
1897.00 1.78 17.30
1898.00 1.80 17.26
1899.00 1.81 17.18
1900.00 1.79 17.16
1901.00 1.81 17.06
1902.00 1.81 17.12
1903.00 1.83 17.04
1904.00 1.83 17.02
1905.00 1.85 16.98
1906.00 1.82 17.03
1907.00 1.80 17.00
1908.00 1.79 16.93
1909.00 1.77 16.87
1910.00 1.75 16.83
1911.00 1.77 16.74
1912.00 1.76 16.71
1913.00 1.76 16.79
1914.00 1.78 16.79
1915.00 1.77 16.75
1916.00 1.77 16.78
1917.00 1.76 16.79
1918.00 1.77 16.81
1919.00 1.78 16.88
1920.00 1.79 16.89
1921.00 1.77 16.91
1922.00 1.77 16.81
1923.00 1.76 16.77
1924.00 1.76 16.62
1925.00 1.75 16.57
1926.00 1.76 16.55
1927.00 1.78 16.55
1928.00 1.78 16.54
1929.00 1.79 16.60
1930.00 1.79 16.55
1931.00 1.79 16.59
1932.00 1.79 16.63
1933.00 1.78 16.65
1934.00 1.79 16.59
1935.00 1.78 16.57
1936.00 1.78 16.52
1937.00 1.79 16.54
1938.00 1.80 16.59
1939.00 1.80 16.63
1940.00 1.80 16.57
1941.00 1.79 16.50
1942.00 1.79 16.44
1943.00 1.77 16.48
1944.00 1.77 16.52
1945.00 1.75 16.52
1946.00 1.75 16.58
1947.00 1.73 16.55
1948.00 1.72 16.56
1949.00 1.72 16.54
1950.00 1.72 16.48
1951.00 1.73 16.52
1952.00 1.72 16.48
1953.00 1.72 16.55
1954.00 1.71 16.52
1955.00 1.73 16.51
1956.00 1.74 16.45
1957.00 1.77 16.45
1958.00 1.76 16.45
1959.00 1.79 16.42
1960.00 1.80 16.37
1961.00 1.82 16.35
1962.00 1.80 16.42
1963.00 1.82 16.37
1964.00 1.81 16.35
1965.00 1.82 16.33
1966.00 1.81 16.36
1967.00 1.81 16.31
1968.00 1.82 16.28
1969.00 1.82 16.27
1970.00 1.84 16.24
1971.00 1.83 16.28
1972.00 1.85 16.30
1973.00 1.83 16.31
1974.00 1.83 16.30
1975.00 1.81 16.30
1976.00 1.83 16.30
1977.00 1.82 16.36
1978.00 1.81 16.31
1979.00 1.78 16.40
1980.00 1.77 16.39
1981.00 1.77 16.41
1982.00 1.77 16.40
1983.00 1.76 16.42
1984.00 1.75 16.41
1985.00 1.75 16.40
1986.00 1.75 16.32
1987.00 1.74 16.41
1988.00 1.75 16.44
1989.00 1.76 16.42
1990.00 1.78 16.44
1991.00 1.78 16.54
1992.00 1.77 16.58
1993.00 1.78 16.59
1994.00 1.83 16.59
1995.00 1.82 16.56
1996.00 1.81 16.60
1997.00 1.81 16.56
1998.00 1.82 16.51
1999.00 1.85 16.38
2000.00 1.85 16.30
2001.00 1.87 16.27
2002.00 1.87 16.34
2003.00 1.88 16.35
2004.00 1.87 16.35
2005.00 1.89 16.35
2006.00 1.89 16.39
2007.00 1.92 16.45
2008.00 1.93 16.53
2009.00 1.94 16.53
2010.00 1.93 16.52
2011.00 1.94 16.48
2012.00 1.93 16.38
2013.00 1.94 16.33
2014.00 1.94 16.36
2015.00 1.94 16.32
2016.00 1.95 16.31
2017.00 1.98 16.30
2018.00 1.98 16.32
2019.00 1.98 16.26
2020.00 1.98 16.30
2021.00 2.00 16.33
2022.00 2.00 16.34
2023.00 2.01 16.34
2024.00 2.01 16.29
2025.00 2.01 16.31
2026.00 2.01 16.36
2027.00 2.02 16.40
2028.00 2.00 16.43
2029.00 1.99 16.40
2030.00 1.98 16.39
2031.00 1.98 16.34
2032.00 1.98 16.26
2033.00 1.99 16.23
2034.00 2.00 16.18
2035.00 1.99 16.16
2036.00 1.99 16.11
2037.00 2.01 16.07
2038.00 1.99 16.12
2039.00 2.00 16.12
2040.00 1.98 16.19
2041.00 1.98 16.24
2042.00 1.95 16.18
2043.00 1.95 16.24
2044.00 1.92 16.17
2045.00 1.94 16.11
2046.00 1.94 16.05
2047.00 1.95 16.03
2048.00 1.95 16.05
2049.00 1.96 16.02
2050.00 1.96 16.03
2051.00 1.97 16.00
2052.00 1.99 16.08
2053.00 2.00 16.09
2054.00 2.00 16.14
2055.00 2.01 16.13
2056.00 2.01 16.11
2057.00 2.03 16.12
2058.00 2.03 16.04
2059.00 2.03 16.03
2060.00 2.03 15.96
2061.00 2.04 15.98
2062.00 2.04 15.98
2063.00 2.04 16.00
2064.00 2.04 16.05
2065.00 2.05 16.11
2066.00 2.06 16.07
2067.00 2.07 16.12
2068.00 2.09 16.08
2069.00 2.09 16.04
2070.00 2.09 15.96
2071.00 2.07 16.03
2072.00 2.09 16.09
2073.00 2.09 16.08
2074.00 2.09 16.05
2075.00 2.10 16.06
2076.00 2.10 16.10
2077.00 2.12 16.19
2078.00 2.11 16.22
2079.00 2.13 16.22
2080.00 2.13 16.32
2081.00 2.13 16.23
2082.00 2.14 16.16
2083.00 2.15 16.14
2084.00 2.15 16.14
2085.00 2.15 16.09
2086.00 2.16 16.10
2087.00 2.17 16.12
2088.00 2.17 16.14
2089.00 2.18 16.17
2090.00 2.18 16.21
2091.00 2.21 16.26
2092.00 2.22 16.25
2093.00 2.25 16.26
2094.00 2.27 16.32
2095.00 2.29 16.33
2096.00 2.29 16.24
2097.00 2.29 16.24
2098.00 2.31 16.28
2099.00 2.31 16.28
2100.00 2.33 16.31
2101.00 2.35 16.30
2102.00 2.33 16.38
2103.00 2.31 16.34
2104.00 2.31 16.32
2105.00 2.31 16.33
2106.00 2.33 16.26
2107.00 2.33 16.32
2108.00 2.33 16.29
2109.00 2.34 16.35
2110.00 2.35 16.52
2111.00 2.35 16.57
2112.00 2.35 16.59
2113.00 2.35 16.61
2114.00 2.38 16.51
2115.00 2.38 16.51
2116.00 2.38 16.47
2117.00 2.38 16.53
2118.00 2.37 16.54
2119.00 2.38 16.53
2120.00 2.36 16.56
2121.00 2.37 16.47
2122.00 2.38 16.49
2123.00 2.38 16.49
2124.00 2.39 16.50
2125.00 2.38 16.51
2126.00 2.37 16.51
2127.00 2.36 16.44
2128.00 2.37 16.43
2129.00 2.35 16.44
2130.00 2.36 16.46
2131.00 2.35 16.46
2132.00 2.35 16.53
2133.00 2.34 16.52
2134.00 2.35 16.58
2135.00 2.35 16.52
2136.00 2.34 16.50
2137.00 2.33 16.51
2138.00 2.33 16.45
2139.00 2.34 16.42
2140.00 2.35 16.30
2141.00 2.35 16.39
2142.00 2.36 16.38
2143.00 2.35 16.39
2144.00 2.35 16.34
2145.00 2.36 16.30
2146.00 2.36 16.34
2147.00 2.36 16.34
2148.00 2.35 16.29
2149.00 2.35 16.24
2150.00 2.34 16.22
2151.00 2.34 16.28
2152.00 2.34 16.25
2153.00 2.35 16.30
2154.00 2.34 16.27
2155.00 2.34 16.23
2156.00 2.35 16.23
2157.00 2.36 16.29
2158.00 2.36 16.28
2159.00 2.40 16.43
2160.00 2.39 16.42
2161.00 2.41 16.48
2162.00 2.42 16.45
2163.00 2.40 16.43
2164.00 2.40 16.35
2165.00 2.39 16.32
2166.00 2.40 16.28
2167.00 2.41 16.17
2168.00 2.42 16.32
2169.00 2.39 16.35
2170.00 2.40 16.35
2171.00 2.38 16.27
2172.00 2.37 16.19
2173.00 2.37 16.13
2174.00 2.37 16.19
2175.00 2.37 16.17
2176.00 2.39 16.23
2177.00 2.40 16.23
2178.00 2.40 16.30
2179.00 2.40 16.23
2180.00 2.40 16.19
2181.00 2.39 16.15
2182.00 2.37 16.05
2183.00 2.36 15.98
2184.00 2.38 15.94
2185.00 2.38 15.95
2186.00 2.38 15.95
2187.00 2.37 15.95
2188.00 2.36 15.94
2189.00 2.37 15.98
2190.00 2.38 16.02
2191.00 2.36 16.07
2192.00 2.35 16.09
2193.00 2.35 16.06
2194.00 2.37 16.11
2195.00 2.36 16.12
2196.00 2.37 16.10
2197.00 2.35 16.04
2198.00 2.34 16.09
2199.00 2.35 16.09
2200.00 2.35 16.11
2201.00 2.36 16.09
2202.00 2.38 16.08
2203.00 2.37 16.06
2204.00 2.37 16.07
2205.00 2.36 16.04
2206.00 2.36 16.05
2207.00 2.36 16.06
2208.00 2.35 16.06
2209.00 2.33 16.10
2210.00 2.34 16.05
2211.00 2.34 16.13
2212.00 2.35 16.10
2213.00 2.35 16.12
2214.00 2.36 16.08
2215.00 2.34 16.11
2216.00 2.35 16.16
2217.00 2.35 16.17
2218.00 2.34 16.14
2219.00 2.33 16.07
2220.00 2.32 16.04
2221.00 2.30 15.95
2222.00 2.31 15.96
2223.00 2.32 16.02
2224.00 2.31 16.06
2225.00 2.30 16.18
2226.00 2.30 16.31
2227.00 2.31 16.29
2228.00 2.32 16.35
2229.00 2.31 16.32
2230.00 2.32 16.31
2231.00 2.31 16.29
2232.00 2.30 16.30
2233.00 2.31 16.28
2234.00 2.31 16.27
2235.00 2.32 16.31
2236.00 2.33 16.31
2237.00 2.33 16.38
2238.00 2.33 16.40
2239.00 2.30 16.44
2240.00 2.30 16.43
2241.00 2.29 16.33
2242.00 2.30 16.28
2243.00 2.29 16.34
2244.00 2.30 16.39
2245.00 2.31 16.38
2246.00 2.31 16.32
2247.00 2.33 16.26
2248.00 2.32 16.30
2249.00 2.32 16.28
2250.00 2.33 16.27
2251.00 2.32 16.30
2252.00 2.32 16.26
2253.00 2.33 16.26
2254.00 2.32 16.23
2255.00 2.30 16.31
2256.00 2.28 16.29
2257.00 2.29 16.25
2258.00 2.30 16.28
2259.00 2.29 16.27
2260.00 2.29 16.31
2261.00 2.31 16.29
2262.00 2.33 16.32
2263.00 2.32 16.35
2264.00 2.34 16.38
2265.00 2.36 16.40
2266.00 2.35 16.35
2267.00 2.34 16.40
2268.00 2.35 16.42
2269.00 2.34 16.48
2270.00 2.34 16.55
2271.00 2.34 16.49
2272.00 2.32 16.48
2273.00 2.31 16.51
2274.00 2.32 16.46
2275.00 2.31 16.55
2276.00 2.32 16.56
2277.00 2.32 16.56
2278.00 2.32 16.65
2279.00 2.32 16.67
2280.00 2.33 16.69
2281.00 2.33 16.75
2282.00 2.32 16.79
2283.00 2.32 16.78
2284.00 2.32 16.75
2285.00 2.31 16.73
2286.00 2.30 16.71
2287.00 2.29 16.69
2288.00 2.28 16.70
2289.00 2.28 16.71
2290.00 2.27 16.67
2291.00 2.27 16.70
2292.00 2.27 16.70
2293.00 2.27 16.72
2294.00 2.30 16.79
2295.00 2.29 16.80
2296.00 2.30 16.71
2297.00 2.27 16.70
2298.00 2.29 16.70
2299.00 2.30 16.78
2300.00 2.31 16.77
2301.00 2.31 16.71
2302.00 2.29 16.70
2303.00 2.29 16.74
2304.00 2.29 16.73
2305.00 2.29 16.66
2306.00 2.29 16.65
2307.00 2.29 16.67
2308.00 2.28 16.69
2309.00 2.27 16.72
2310.00 2.26 16.66
2311.00 2.27 16.62
2312.00 2.27 16.62
2313.00 2.27 16.66
2314.00 2.27 16.68
2315.00 2.26 16.72
2316.00 2.28 16.73
2317.00 2.28 16.74
2318.00 2.27 16.73
2319.00 2.27 16.76
2320.00 2.26 16.79
2321.00 2.26 16.76
2322.00 2.25 16.73
2323.00 2.26 16.78
2324.00 2.27 16.87
2325.00 2.28 16.90
2326.00 2.28 16.86
2327.00 2.30 16.85
2328.00 2.29 16.81
2329.00 2.29 16.90
2330.00 2.27 16.95
2331.00 2.28 16.95
2332.00 2.28 16.98
2333.00 2.28 16.89
2334.00 2.29 16.90
2335.00 2.30 16.90
2336.00 2.31 16.92
2337.00 2.30 16.99
2338.00 2.33 17.03
2339.00 2.32 17.07
2340.00 2.33 17.11
2341.00 2.31 17.15
2342.00 2.29 17.15
2343.00 2.29 17.10
2344.00 2.29 17.01
2345.00 2.28 16.94
2346.00 2.26 16.92
2347.00 2.27 16.90
2348.00 2.24 16.92
2349.00 2.24 16.92
2350.00 2.24 16.90
2351.00 2.24 16.90
2352.00 2.23 16.86
2353.00 2.22 16.85
2354.00 2.21 16.77
2355.00 2.19 16.76
2356.00 2.16 16.75
2357.00 2.15 16.75
2358.00 2.14 16.74
2359.00 2.15 16.72
2360.00 2.16 16.79
2361.00 2.17 16.82
2362.00 2.18 16.81
2363.00 2.17 16.82
2364.00 2.18 16.87
2365.00 2.18 16.91
2366.00 2.18 16.92
2367.00 2.21 16.99
2368.00 2.21 17.00
2369.00 2.22 17.07
2370.00 2.22 17.01
2371.00 2.22 16.99
2372.00 2.22 16.99
2373.00 2.21 16.92
2374.00 2.22 16.96
2375.00 2.21 16.99
2376.00 2.22 16.99
2377.00 2.22 17.02
2378.00 2.22 16.99
2379.00 2.23 16.94
2380.00 2.23 16.92
2381.00 2.24 16.90
2382.00 2.25 16.95
2383.00 2.25 16.96
2384.00 2.24 17.02
2385.00 2.24 17.04
2386.00 2.25 17.04
2387.00 2.24 17.10
2388.00 2.27 17.14
2389.00 2.28 17.21
2390.00 2.30 17.17
2391.00 2.29 17.18
2392.00 2.28 17.12
2393.00 2.29 17.19
2394.00 2.29 17.20
2395.00 2.29 17.13
2396.00 2.27 17.13
2397.00 2.28 17.15
2398.00 2.26 17.10
2399.00 2.25 17.09
2400.00 2.23 17.09
2401.00 2.23 17.04
2402.00 2.24 17.02
2403.00 2.24 16.98
2404.00 2.26 17.04
2405.00 2.27 17.00
2406.00 2.26 17.05
2407.00 2.26 17.03
2408.00 2.26 17.02
2409.00 2.25 17.03
2410.00 2.26 17.00
2411.00 2.25 16.95
2412.00 2.26 17.00
2413.00 2.27 16.95
2414.00 2.27 16.96
2415.00 2.25 16.92
2416.00 2.26 16.99
2417.00 2.26 16.88
2418.00 2.24 16.83
2419.00 2.23 16.80
2420.00 2.22 16.74
2421.00 2.22 16.77
2422.00 2.22 16.84
2423.00 2.19 16.79
2424.00 2.18 16.72
2425.00 2.18 16.64
2426.00 2.18 16.67
2427.00 2.18 16.60
2428.00 2.19 16.61
2429.00 2.19 16.60
2430.00 2.19 16.57
2431.00 2.19 16.59
2432.00 2.19 16.62
2433.00 2.18 16.62
2434.00 2.18 16.64
2435.00 2.17 16.73
2436.00 2.17 16.73
2437.00 2.17 16.82
2438.00 2.18 16.85
2439.00 2.20 16.79
2440.00 2.20 16.81
2441.00 2.20 16.75
2442.00 2.21 16.77
2443.00 2.20 16.80
2444.00 2.20 16.80
2445.00 2.21 16.78
2446.00 2.21 16.79
2447.00 2.23 16.77
2448.00 2.22 16.75
2449.00 2.22 16.77
2450.00 2.22 16.79
2451.00 2.23 16.76
2452.00 2.24 16.72
2453.00 2.23 16.82
2454.00 2.23 16.90
2455.00 2.23 16.98
2456.00 2.22 16.98
2457.00 2.21 16.94
2458.00 2.21 17.05
2459.00 2.23 16.98
2460.00 2.24 17.05
2461.00 2.23 17.02
2462.00 2.23 17.01
2463.00 2.25 16.99
2464.00 2.25 17.04
2465.00 2.25 16.97
2466.00 2.23 17.04
2467.00 2.22 17.00
2468.00 2.20 17.04
2469.00 2.20 17.03
2470.00 2.19 16.98
2471.00 2.18 16.98
2472.00 2.16 16.99
2473.00 2.16 16.99
2474.00 2.17 17.04
2475.00 2.17 17.01
2476.00 2.16 17.02
2477.00 2.18 17.06
2478.00 2.20 17.12
2479.00 2.21 17.17
2480.00 2.23 17.23
2481.00 2.23 17.27
2482.00 2.26 17.28
2483.00 2.26 17.23
2484.00 2.26 17.31
2485.00 2.28 17.28
2486.00 2.26 17.26
2487.00 2.25 17.23
2488.00 2.25 17.23
2489.00 2.24 17.23
2490.00 2.23 17.23
2491.00 2.23 17.20
2492.00 2.22 17.15
2493.00 2.22 17.12
2494.00 2.22 17.01
2495.00 2.22 17.00
2496.00 2.22 17.01
2497.00 2.22 17.02
2498.00 2.22 17.04
2499.00 2.22 17.08
2500.00 2.22 17.10
2501.00 2.22 17.11
2502.00 2.23 17.14
2503.00 2.24 17.06
2504.00 2.24 17.01
2505.00 2.25 17.03
2506.00 2.25 17.02
2507.00 2.25 16.97
2508.00 2.26 16.97
2509.00 2.25 16.96
2510.00 2.26 16.95
2511.00 2.26 17.01
2512.00 2.25 16.95
2513.00 2.25 17.01
2514.00 2.24 17.02
2515.00 2.24 17.01
2516.00 2.24 16.96
2517.00 2.24 16.93
2518.00 2.23 16.93
2519.00 2.21 16.98
2520.00 2.20 17.01
2521.00 2.22 17.03
2522.00 2.22 17.09
2523.00 2.23 17.13
2524.00 2.22 17.06
2525.00 2.21 17.01
2526.00 2.20 16.92
2527.00 2.19 16.94
2528.00 2.18 16.98
2529.00 2.18 16.99
2530.00 2.17 16.97
2531.00 2.17 16.94
2532.00 2.16 16.94
2533.00 2.16 16.90
2534.00 2.16 16.91
2535.00 2.13 16.99
2536.00 2.14 17.00
2537.00 2.14 17.05
2538.00 2.16 17.06
2539.00 2.16 17.05
2540.00 2.18 17.11
2541.00 2.18 17.10
2542.00 2.17 17.08
2543.00 2.17 17.11
2544.00 2.17 17.15
2545.00 2.17 17.20
2546.00 2.16 17.24
2547.00 2.18 17.23
2548.00 2.18 17.23
2549.00 2.18 17.24
2550.00 2.16 17.23
2551.00 2.16 17.22
2552.00 2.17 17.20
2553.00 2.19 17.17
2554.00 2.19 17.19
2555.00 2.18 17.24
2556.00 2.18 17.25
2557.00 2.16 17.17
2558.00 2.17 17.18
2559.00 2.18 17.20
2560.00 2.19 17.22
2561.00 2.20 17.26
2562.00 2.21 17.22
2563.00 2.21 17.24
2564.00 2.21 17.29
2565.00 2.21 17.29
2566.00 2.22 17.23
2567.00 2.23 17.20
2568.00 2.22 17.18
2569.00 2.23 17.16
2570.00 2.24 17.07
2571.00 2.24 17.05
2572.00 2.23 17.06
2573.00 2.22 17.06
2574.00 2.21 17.04
2575.00 2.21 17.08
2576.00 2.23 17.05
2577.00 2.22 17.01
2578.00 2.23 17.00
2579.00 2.22 16.96
2580.00 2.22 17.02
2581.00 2.23 17.04
2582.00 2.26 16.99
2583.00 2.26 16.98
2584.00 2.26 16.91
2585.00 2.26 16.91
2586.00 2.23 16.89
2587.00 2.22 16.94
2588.00 2.22 16.91
2589.00 2.22 16.95
2590.00 2.22 16.98
2591.00 2.21 16.93
2592.00 2.20 16.87
2593.00 2.20 16.90
2594.00 2.20 16.90
2595.00 2.18 16.82
2596.00 2.19 16.85
2597.00 2.18 16.86
2598.00 2.17 16.83
2599.00 2.18 16.90
2600.00 2.19 16.83
2601.00 2.19 16.89
2602.00 2.18 16.83
2603.00 2.18 16.89
2604.00 2.18 16.90
2605.00 2.19 16.90
2606.00 2.19 16.92
2607.00 2.18 16.92
2608.00 2.17 16.98
2609.00 2.16 16.96
2610.00 2.16 16.93
2611.00 2.16 16.83
2612.00 2.15 16.85
2613.00 2.15 16.88
2614.00 2.15 16.79
2615.00 2.15 16.75
2616.00 2.16 16.76
2617.00 2.15 16.72
2618.00 2.15 16.78
2619.00 2.17 16.84
2620.00 2.18 16.90
2621.00 2.19 16.91
2622.00 2.18 16.93
2623.00 2.19 16.89
2624.00 2.19 16.84
2625.00 2.21 16.93
2626.00 2.19 16.87
2627.00 2.19 16.91
2628.00 2.21 16.92
2629.00 2.20 16.90
2630.00 2.20 16.89
2631.00 2.21 16.89
2632.00 2.20 16.89
2633.00 2.21 16.87
2634.00 2.19 16.89
2635.00 2.19 16.89
2636.00 2.17 16.88
2637.00 2.17 16.90
2638.00 2.17 16.87
2639.00 2.19 16.92
2640.00 2.20 16.93
2641.00 2.20 16.92
2642.00 2.20 16.87
2643.00 2.18 16.93
2644.00 2.19 16.91
2645.00 2.18 16.91
2646.00 2.19 16.91
2647.00 2.21 16.93
2648.00 2.22 16.99
2649.00 2.22 17.00
2650.00 2.23 17.03
2651.00 2.24 17.04
2652.00 2.24 17.05
2653.00 2.25 17.02
2654.00 2.27 16.98
2655.00 2.26 17.02
2656.00 2.27 16.94
2657.00 2.26 16.97
2658.00 2.25 17.01
2659.00 2.24 17.02
2660.00 2.24 17.09
2661.00 2.22 17.04
2662.00 2.20 17.02
2663.00 2.20 17.06
2664.00 2.20 17.05
2665.00 2.20 17.10
2666.00 2.20 17.11
2667.00 2.20 17.04
2668.00 2.18 17.03
2669.00 2.16 17.01
2670.00 2.16 16.97
2671.00 2.15 16.99
2672.00 2.15 17.03
2673.00 2.16 17.01
2674.00 2.17 17.05
2675.00 2.17 17.05
2676.00 2.16 17.08
2677.00 2.17 17.15
2678.00 2.19 17.09
2679.00 2.19 17.07
2680.00 2.18 17.03
2681.00 2.19 17.04
2682.00 2.19 17.05
2683.00 2.20 17.04
2684.00 2.18 17.11
2685.00 2.17 17.11
2686.00 2.19 17.02
2687.00 2.21 17.03
2688.00 2.21 16.98
2689.00 2.20 17.06
2690.00 2.21 17.06
2691.00 2.21 17.05
2692.00 2.23 17.10
2693.00 2.23 17.05
2694.00 2.22 17.04
2695.00 2.21 17.04
2696.00 2.21 16.97
2697.00 2.22 16.95
2698.00 2.21 16.91
2699.00 2.22 16.83
2700.00 2.21 16.87
2701.00 2.20 16.87
2702.00 2.20 16.91
2703.00 2.20 16.93
2704.00 2.22 16.94
2705.00 2.21 17.02
2706.00 2.21 17.06
2707.00 2.20 17.08
2708.00 2.21 17.16
2709.00 2.21 17.16
2710.00 2.22 17.19
2711.00 2.22 17.15
2712.00 2.23 17.21
2713.00 2.23 17.23
2714.00 2.22 17.24
2715.00 2.22 17.26
2716.00 2.22 17.29
2717.00 2.22 17.30
2718.00 2.22 17.31
2719.00 2.23 17.30
2720.00 2.24 17.27
2721.00 2.25 17.21
2722.00 2.26 17.25
2723.00 2.25 17.29
2724.00 2.26 17.28
2725.00 2.26 17.23
2726.00 2.27 17.25
2727.00 2.26 17.23
2728.00 2.25 17.23
2729.00 2.23 17.20
2730.00 2.23 17.21
2731.00 2.25 17.26
2732.00 2.24 17.31
2733.00 2.24 17.33
2734.00 2.25 17.37
2735.00 2.26 17.37
2736.00 2.26 17.38
2737.00 2.24 17.32
2738.00 2.23 17.30
2739.00 2.22 17.25
2740.00 2.23 17.26
2741.00 2.21 17.24
2742.00 2.21 17.23
2743.00 2.21 17.16
2744.00 2.19 17.21
2745.00 2.21 17.19
2746.00 2.22 17.17
2747.00 2.21 17.20
2748.00 2.22 17.23
2749.00 2.21 17.24
2750.00 2.21 17.25
2751.00 2.22 17.23
2752.00 2.23 17.16
2753.00 2.22 17.25
2754.00 2.23 17.29
2755.00 2.23 17.27
2756.00 2.24 17.29
2757.00 2.24 17.28
2758.00 2.25 17.33
2759.00 2.26 17.31
2760.00 2.27 17.34
2761.00 2.26 17.40
2762.00 2.27 17.41
2763.00 2.27 17.38
2764.00 2.26 17.41
2765.00 2.27 17.37
2766.00 2.27 17.46
2767.00 2.28 17.56
2768.00 2.28 17.53
2769.00 2.29 17.52
2770.00 2.30 17.40
2771.00 2.30 17.40
2772.00 2.30 17.41
2773.00 2.29 17.36
2774.00 2.29 17.43
2775.00 2.30 17.38
2776.00 2.31 17.41
2777.00 2.31 17.44
2778.00 2.32 17.45
2779.00 2.31 17.43
2780.00 2.30 17.41
2781.00 2.31 17.38
2782.00 2.30 17.40
2783.00 2.32 17.37
2784.00 2.30 17.36
2785.00 2.30 17.34
2786.00 2.31 17.38
2787.00 2.31 17.45
2788.00 2.30 17.44
2789.00 2.29 17.46
2790.00 2.28 17.40
2791.00 2.28 17.39
2792.00 2.28 17.43
2793.00 2.27 17.49
2794.00 2.27 17.45
2795.00 2.29 17.47
2796.00 2.29 17.47
2797.00 2.30 17.46
2798.00 2.31 17.60
2799.00 2.31 17.66
2800.00 2.33 17.66
2801.00 2.32 17.65
2802.00 2.30 17.67
2803.00 2.30 17.66
2804.00 2.30 17.65
2805.00 2.30 17.60
2806.00 2.27 17.61
2807.00 2.25 17.57
2808.00 2.26 17.57
2809.00 2.25 17.59
2810.00 2.25 17.53
2811.00 2.25 17.49
2812.00 2.26 17.46
2813.00 2.26 17.43
2814.00 2.26 17.47
2815.00 2.25 17.51
2816.00 2.24 17.56
2817.00 2.24 17.58
2818.00 2.25 17.61
2819.00 2.25 17.59
2820.00 2.25 17.56
2821.00 2.25 17.57
2822.00 2.24 17.62
2823.00 2.24 17.64
2824.00 2.25 17.69
2825.00 2.24 17.69
2826.00 2.24 17.68
2827.00 2.24 17.66
2828.00 2.26 17.65
2829.00 2.26 17.65
2830.00 2.26 17.64
2831.00 2.23 17.65
2832.00 2.24 17.67
2833.00 2.25 17.64
2834.00 2.24 17.64
2835.00 2.23 17.66
2836.00 2.26 17.63
2837.00 2.26 17.64
2838.00 2.27 17.67
2839.00 2.28 17.72
2840.00 2.26 17.70
2841.00 2.27 17.70
2842.00 2.29 17.70
2843.00 2.30 17.68
2844.00 2.29 17.71
2845.00 2.28 17.69
