0.00 3.14 33.58
1.00 3.14 33.58
2.00 3.14 33.58
3.00 3.14 33.58
4.00 3.14 33.58
5.00 3.14 33.58
6.00 3.14 33.58
7.00 3.14 33.58
8.00 3.14 33.58
9.00 3.14 33.58
10.00 3.14 33.58
11.00 3.14 33.58
12.00 3.14 33.58
13.00 3.14 33.58
14.00 3.14 33.58
15.00 3.14 33.58
16.00 3.14 33.58
17.00 3.14 33.58
18.00 3.14 33.58
19.00 3.14 33.58
20.00 3.14 33.58
21.00 3.14 33.58
22.00 3.14 33.58
23.00 3.14 33.58
24.00 3.14 33.58
25.00 3.14 33.58
26.00 3.14 33.58
27.00 3.14 33.58
28.00 3.14 33.58
29.00 3.14 33.58
30.00 3.14 33.58
31.00 3.14 33.58
32.00 3.14 33.58
33.00 3.14 33.58
34.00 3.14 33.58
35.00 3.14 33.58
36.00 3.14 33.58
37.00 3.14 33.58
38.00 3.14 33.58
39.00 3.14 33.58
40.00 3.14 33.58
41.00 3.14 33.58
42.00 3.14 33.58
43.00 3.14 33.58
44.00 3.14 33.58
45.00 3.14 33.58
46.00 3.14 33.58
47.00 3.14 33.58
48.00 3.14 33.58
49.00 3.14 33.58
50.00 3.14 33.58
51.00 3.14 33.58
52.00 3.14 33.58
53.00 3.14 33.58
54.00 3.14 33.58
55.00 3.14 33.58
56.00 3.14 33.58
57.00 3.14 33.58
58.00 3.14 33.58
59.00 3.14 33.58
60.00 3.14 33.58
61.00 3.14 33.58
62.00 3.14 33.58
63.00 3.14 33.58
64.00 3.14 33.58
65.00 3.14 33.58
66.00 3.14 33.58
67.00 3.14 33.58
68.00 3.14 33.58
69.00 3.14 33.58
70.00 3.14 33.58
71.00 3.14 33.58
72.00 3.14 33.58
73.00 3.14 33.58
74.00 3.14 33.58
75.00 3.14 33.58
76.00 3.14 33.58
77.00 3.14 33.58
78.00 3.14 33.58
79.00 3.14 33.58
80.00 3.14 33.58
81.00 3.14 33.58
82.00 3.14 33.58
83.00 3.14 33.58
84.00 3.14 33.58
85.00 3.14 33.58
86.00 3.14 33.58
87.00 3.14 33.58
88.00 3.14 33.58
89.00 3.14 33.58
90.00 3.14 33.58
91.00 3.14 33.58
92.00 3.14 33.58
93.00 3.14 33.58
94.00 3.14 33.58
95.00 3.14 33.58
96.00 3.14 33.58
97.00 3.14 33.58
98.00 3.14 33.58
99.00 3.14 33.58
100.00 3.14 33.58
101.00 3.14 33.58
102.00 3.14 33.58
103.00 3.14 33.58
104.00 3.14 33.58
105.00 3.14 33.58
106.00 3.14 33.58
107.00 3.14 33.58
108.00 3.14 33.58
109.00 3.14 33.58
110.00 3.14 33.58
111.00 3.14 33.58
112.00 3.14 33.58
113.00 3.14 33.58
114.00 3.14 33.58
115.00 3.14 33.58
116.00 3.14 33.58
117.00 3.14 33.58
118.00 3.14 33.58
119.00 3.14 33.58
120.00 3.14 33.58
121.00 3.14 33.58
122.00 3.14 33.58
123.00 3.14 33.58
124.00 3.14 33.58
125.00 3.14 33.58
126.00 3.14 33.58
127.00 3.14 33.58
128.00 3.14 33.58
129.00 3.14 33.58
130.00 3.14 33.58
131.00 3.14 33.58
132.00 3.14 33.58
133.00 3.14 33.58
134.00 3.14 33.58
135.00 3.14 33.58
136.00 3.14 33.58
137.00 3.14 33.58
138.00 3.14 33.58
139.00 3.14 33.58
140.00 3.14 33.58
141.00 3.14 33.58
142.00 3.14 33.58
143.00 3.14 33.58
144.00 3.14 33.58
145.00 3.14 33.58
146.00 3.14 33.58
147.00 3.14 33.58
148.00 3.14 33.58
149.00 3.14 33.58
150.00 3.14 33.58
151.00 3.14 33.58
152.00 3.14 33.58
153.00 3.14 33.58
154.00 3.14 33.58
155.00 3.14 33.58
156.00 3.14 33.58
157.00 3.14 33.58
158.00 3.14 33.58
159.00 3.14 33.58
160.00 3.14 33.58
161.00 3.14 33.58
162.00 3.14 33.58
163.00 3.14 33.58
164.00 3.14 33.58
165.00 3.14 33.58
166.00 3.14 33.58
167.00 3.14 33.58
168.00 3.14 33.58
169.00 3.14 33.58
170.00 3.14 33.58
171.00 3.14 33.58
172.00 3.14 33.58
173.00 3.14 33.58
174.00 3.14 33.58
175.00 3.14 33.58
176.00 3.14 33.58
177.00 3.14 33.58
178.00 3.14 33.58
179.00 3.14 33.58
180.00 3.14 33.58
181.00 3.14 33.58
182.00 3.14 33.58
183.00 3.14 33.58
184.00 3.14 33.58
185.00 3.14 33.58
186.00 3.14 33.58
187.00 3.14 33.58
188.00 3.14 33.58
189.00 3.14 33.58
190.00 3.14 33.58
191.00 3.14 33.58
192.00 3.14 33.58
193.00 3.14 33.58
194.00 3.14 33.58
195.00 3.14 33.58
196.00 3.14 33.58
197.00 3.14 33.58
198.00 3.14 33.58
199.00 3.14 33.58
200.00 3.14 33.58
201.00 3.14 33.58
202.00 3.14 33.58
203.00 3.14 33.58
204.00 3.14 33.58
205.00 3.14 33.58
206.00 3.14 33.58
207.00 3.14 33.58
208.00 3.14 33.58
209.00 3.14 33.58
210.00 3.14 33.58
211.00 3.14 33.58
212.00 3.14 33.58
213.00 3.14 33.58
214.00 3.14 33.58
215.00 3.14 33.58
216.00 3.14 33.58
217.00 3.14 33.58
218.00 3.14 33.58
219.00 3.14 33.58
220.00 3.14 33.58
221.00 3.14 33.58
222.00 3.14 33.58
223.00 3.14 33.58
224.00 3.14 33.58
225.00 3.14 33.58
226.00 3.14 33.58
227.00 3.14 33.58
228.00 3.14 33.58
229.00 3.14 33.58
230.00 3.14 33.58
231.00 3.14 33.58
232.00 3.14 33.58
233.00 3.14 33.58
234.00 3.14 33.58
235.00 3.14 33.58
236.00 3.14 33.58
237.00 3.14 33.58
238.00 3.14 33.58
239.00 3.14 33.58
240.00 3.14 33.58
241.00 3.14 33.58
242.00 3.14 33.58
243.00 3.14 33.58
244.00 3.14 33.58
245.00 3.14 33.58
246.00 3.14 33.58
247.00 3.14 33.58
248.00 3.14 33.58
249.00 3.14 33.58
250.00 3.14 33.58
251.00 3.14 33.58
252.00 3.14 33.58
253.00 3.14 33.58
254.00 3.14 33.58
255.00 3.14 33.58
256.00 3.14 33.58
257.00 3.14 33.58
258.00 3.14 33.58
259.00 3.14 33.58
260.00 3.14 33.58
261.00 3.14 33.58
262.00 3.14 33.58
263.00 3.14 33.58
264.00 3.14 33.58
265.00 3.14 33.58
266.00 3.14 33.58
267.00 3.14 33.58
268.00 3.14 33.58
269.00 3.14 33.58
270.00 3.14 33.58
271.00 3.14 33.58
272.00 3.14 33.58
273.00 3.14 33.58
274.00 3.14 33.58
275.00 3.14 33.58
276.00 3.14 33.58
277.00 3.14 33.58
278.00 3.14 33.58
279.00 3.14 33.58
280.00 3.14 33.58
281.00 3.14 33.58
282.00 3.14 33.58
283.00 3.14 33.58
284.00 3.14 33.58
285.00 3.14 33.58
286.00 3.14 33.58
287.00 3.14 33.58
288.00 3.14 33.58
289.00 3.14 33.58
290.00 3.14 33.58
291.00 3.14 33.58
292.00 3.14 33.58
293.00 3.14 33.58
294.00 3.14 33.58
295.00 3.14 33.58
296.00 3.14 33.58
297.00 3.14 33.58
298.00 3.14 33.58
299.00 3.14 33.58
300.00 3.14 33.58
301.00 3.14 33.58
302.00 3.14 33.58
303.00 3.14 33.58
304.00 3.14 33.58
305.00 3.14 33.58
306.00 3.14 33.58
307.00 3.14 33.58
308.00 3.14 33.58
309.00 3.14 33.58
310.00 3.14 33.58
311.00 3.14 33.58
312.00 3.14 33.58
313.00 3.14 33.58
314.00 3.14 33.58
315.00 3.14 33.58
316.00 3.14 33.58
317.00 3.14 33.58
318.00 3.14 33.58
319.00 3.14 33.58
320.00 3.14 33.58
321.00 3.14 33.58
322.00 3.14 33.58
323.00 3.14 33.58
324.00 3.14 33.58
325.00 3.14 33.58
326.00 3.14 33.58
327.00 3.14 33.58
328.00 3.14 33.58
329.00 3.14 33.58
330.00 3.14 33.58
331.00 3.14 33.58
332.00 3.14 33.58
333.00 3.14 33.58
334.00 3.14 33.58
335.00 3.14 33.58
336.00 3.14 33.58
337.00 3.14 33.58
338.00 3.14 33.58
339.00 3.14 33.58
340.00 3.14 33.58
341.00 3.14 33.58
342.00 3.14 33.58
343.00 3.14 33.58
344.00 3.14 33.58
345.00 3.14 33.58
346.00 3.14 33.58
347.00 3.14 33.58
348.00 3.14 33.58
349.00 3.14 33.58
350.00 3.14 33.58
351.00 3.14 33.58
352.00 3.14 33.58
353.00 3.14 33.58
354.00 3.14 33.58
355.00 3.14 33.58
356.00 3.14 33.58
357.00 3.14 33.58
358.00 3.14 33.58
359.00 3.14 33.58
360.00 3.14 33.58
361.00 3.14 33.58
362.00 3.14 33.58
363.00 3.14 33.58
364.00 3.14 33.58
365.00 3.14 33.58
366.00 3.14 33.58
367.00 3.14 33.58
368.00 3.14 33.58
369.00 3.14 33.58
370.00 3.14 33.58
371.00 3.14 33.58
372.00 3.14 33.58
373.00 3.14 33.58
374.00 3.14 33.58
375.00 3.14 33.58
376.00 3.14 33.58
377.00 3.14 33.58
378.00 3.14 33.58
379.00 3.14 33.58
380.00 3.14 33.58
381.00 3.14 33.58
382.00 3.14 33.58
383.00 3.14 33.58
384.00 3.14 33.58
385.00 3.14 33.58
386.00 3.14 33.58
387.00 3.14 33.58
388.00 3.14 33.58
389.00 3.14 33.58
390.00 3.14 33.58
391.00 3.14 33.58
392.00 3.14 33.58
393.00 3.14 33.58
394.00 3.14 33.58
395.00 3.14 33.58
396.00 3.14 33.58
397.00 3.14 33.58
398.00 3.14 33.58
399.00 3.14 33.58
400.00 3.14 33.58
401.00 3.13 33.48
402.00 3.13 33.43
403.00 3.11 33.42
404.00 3.07 33.35
405.00 3.04 33.23
406.00 3.02 33.10
407.00 3.00 33.04
408.00 2.98 33.06
409.00 2.96 32.97
410.00 2.95 32.94
411.00 2.95 32.87
412.00 2.94 32.73
413.00 2.92 32.62
414.00 2.90 32.55
415.00 2.90 32.52
416.00 2.90 32.49
417.00 2.88 32.45
418.00 2.87 32.49
419.00 2.86 32.48
420.00 2.82 32.43
421.00 2.78 32.49
422.00 2.76 32.47
423.00 2.75 32.43
424.00 2.73 32.47
425.00 2.75 32.40
426.00 2.74 32.36
427.00 2.73 32.30
428.00 2.72 32.36
429.00 2.71 32.31
430.00 2.69 32.37
431.00 2.67 32.35
432.00 2.64 32.35
433.00 2.60 32.35
434.00 2.57 32.35
435.00 2.56 32.33
436.00 2.56 32.29
437.00 2.57 32.28
438.00 2.57 32.35
439.00 2.59 32.38
440.00 2.62 32.41
441.00 2.63 32.42
442.00 2.62 32.45
443.00 2.62 32.50
444.00 2.63 32.56
445.00 2.64 32.59
446.00 2.65 32.60
447.00 2.66 32.61
448.00 2.66 32.59
449.00 2.64 32.59
450.00 2.64 32.56
451.00 2.65 32.59
452.00 2.63 32.60
453.00 2.62 32.59
454.00 2.62 32.63
455.00 2.63 32.57
456.00 2.65 32.57
457.00 2.65 32.54
458.00 2.64 32.54
459.00 2.62 32.51
460.00 2.61 32.41
461.00 2.59 32.31
462.00 2.56 32.24
463.00 2.56 32.25
464.00 2.56 32.26
465.00 2.55 32.16
466.00 2.53 32.16
467.00 2.54 32.11
468.00 2.54 32.19
469.00 2.56 32.25
470.00 2.54 32.29
471.00 2.50 32.22
472.00 2.48 32.11
473.00 2.46 32.04
474.00 2.45 32.00
475.00 2.45 31.98
476.00 2.45 31.99
477.00 2.47 31.92
478.00 2.46 31.95
479.00 2.48 31.86
480.00 2.48 31.81
481.00 2.50 31.75
482.00 2.51 31.76
483.00 2.51 31.85
484.00 2.53 31.82
485.00 2.53 31.84
486.00 2.53 31.75
487.00 2.52 31.78
488.00 2.49 31.68
489.00 2.48 31.62
490.00 2.47 31.56
491.00 2.45 31.59
492.00 2.44 31.57
493.00 2.44 31.54
494.00 2.44 31.50
495.00 2.47 31.50
496.00 2.47 31.53
497.00 2.48 31.50
498.00 2.48 31.47
499.00 2.47 31.37
500.00 2.46 31.32
501.00 2.43 31.29
502.00 2.41 31.31
503.00 2.41 31.35
504.00 2.40 31.42
505.00 2.39 31.45
506.00 2.38 31.39
507.00 2.39 31.37
508.00 2.41 31.31
509.00 2.44 31.29
510.00 2.43 31.22
511.00 2.43 31.10
512.00 2.45 31.05
513.00 2.47 31.02
514.00 2.49 31.02
515.00 2.51 30.96
516.00 2.52 30.96
517.00 2.51 30.94
518.00 2.52 30.89
519.00 2.51 30.83
520.00 2.51 30.75
521.00 2.50 30.73
522.00 2.49 30.67
523.00 2.47 30.64
524.00 2.46 30.57
525.00 2.45 30.54
526.00 2.45 30.61
527.00 2.47 30.58
528.00 2.48 30.64
529.00 2.49 30.68
530.00 2.50 30.73
531.00 2.50 30.82
532.00 2.50 30.79
533.00 2.48 30.77
534.00 2.47 30.76
535.00 2.46 30.75
536.00 2.42 30.76
537.00 2.42 30.64
538.00 2.42 30.53
539.00 2.42 30.50
540.00 2.43 30.44
541.00 2.45 30.39
542.00 2.47 30.39
543.00 2.47 30.39
544.00 2.49 30.43
545.00 2.51 30.42
546.00 2.52 30.43
547.00 2.54 30.39
548.00 2.52 30.38
549.00 2.54 30.29
550.00 2.55 30.27
551.00 2.57 30.22
552.00 2.57 30.16
553.00 2.55 30.11
554.00 2.55 30.04
555.00 2.54 29.98
556.00 2.55 29.95
557.00 2.56 29.86
558.00 2.57 29.94
559.00 2.56 29.93
560.00 2.57 29.95
561.00 2.58 29.98
562.00 2.58 29.99
563.00 2.57 29.92
564.00 2.58 29.88
565.00 2.59 29.80
566.00 2.57 29.77
567.00 2.58 29.73
568.00 2.55 29.78
569.00 2.56 29.69
570.00 2.56 29.67
571.00 2.55 29.59
572.00 2.53 29.53
573.00 2.49 29.51
574.00 2.47 29.47
575.00 2.47 29.40
576.00 2.48 29.36
577.00 2.47 29.28
578.00 2.43 29.32
579.00 2.41 29.30
580.00 2.40 29.25
581.00 2.40 29.27
582.00 2.42 29.21
583.00 2.41 29.26
584.00 2.40 29.31
585.00 2.40 29.37
586.00 2.40 29.33
587.00 2.40 29.27
588.00 2.39 29.23
589.00 2.40 29.20
590.00 2.41 29.26
591.00 2.42 29.19
592.00 2.40 29.14
593.00 2.39 29.11
594.00 2.39 29.11
595.00 2.39 29.07
596.00 2.39 29.00
597.00 2.40 28.94
598.00 2.39 28.89
599.00 2.38 28.94
600.00 2.39 29.03
601.00 2.43 29.04
602.00 2.47 29.13
603.00 2.52 29.14
604.00 2.53 29.18
605.00 2.54 29.13
606.00 2.54 29.16
607.00 2.57 29.18
608.00 2.59 29.20
609.00 2.60 29.16
610.00 2.61 29.22
611.00 2.61 29.15
612.00 2.61 29.22
613.00 2.62 29.23
614.00 2.63 29.29
615.00 2.64 29.34
616.00 2.63 29.33
617.00 2.65 29.25
618.00 2.65 29.21
619.00 2.65 29.15
620.00 2.65 29.12
621.00 2.65 29.06
622.00 2.62 29.07
623.00 2.63 28.93
624.00 2.62 28.92
625.00 2.63 28.93
626.00 2.63 28.87
627.00 2.64 28.79
628.00 2.63 28.76
629.00 2.61 28.77
630.00 2.60 28.71
631.00 2.59 28.70
632.00 2.59 28.73
633.00 2.58 28.64
634.00 2.58 28.55
635.00 2.57 28.47
636.00 2.57 28.46
637.00 2.60 28.49
638.00 2.61 28.59
639.00 2.62 28.55
640.00 2.60 28.63
641.00 2.59 28.72
642.00 2.59 28.71
643.00 2.59 28.66
644.00 2.60 28.60
645.00 2.62 28.56
646.00 2.63 28.59
647.00 2.63 28.58
648.00 2.64 28.55
649.00 2.65 28.62
650.00 2.64 28.68
651.00 2.64 28.71
652.00 2.62 28.65
653.00 2.61 28.83
654.00 2.59 28.88
655.00 2.59 28.92
656.00 2.57 29.03
657.00 2.58 28.96
658.00 2.59 28.96
659.00 2.60 28.89
660.00 2.63 28.91
661.00 2.64 28.92
662.00 2.65 28.90
663.00 2.66 28.94
664.00 2.65 28.93
665.00 2.63 28.88
666.00 2.64 28.90
667.00 2.63 28.90
668.00 2.66 28.96
669.00 2.66 29.01
670.00 2.66 28.98
671.00 2.65 29.03
672.00 2.66 29.00
673.00 2.65 29.02
674.00 2.64 29.04
675.00 2.63 29.00
676.00 2.62 28.89
677.00 2.62 28.85
678.00 2.63 28.83
679.00 2.61 28.86
680.00 2.62 28.90
681.00 2.65 28.95
682.00 2.65 29.08
683.00 2.66 29.07
684.00 2.65 29.09
685.00 2.64 29.13
686.00 2.62 29.15
687.00 2.61 29.08
688.00 2.58 29.03
689.00 2.57 28.98
690.00 2.57 28.98
691.00 2.56 28.94
692.00 2.56 28.88
693.00 2.54 28.78
694.00 2.53 28.67
695.00 2.50 28.65
696.00 2.49 28.63
697.00 2.48 28.64
698.00 2.47 28.64
699.00 2.48 28.66
700.00 2.45 28.71
701.00 2.43 28.64
702.00 2.44 28.65
703.00 2.45 28.61
704.00 2.44 28.58
705.00 2.45 28.60
706.00 2.45 28.64
707.00 2.44 28.64
708.00 2.46 28.65
709.00 2.46 28.71
710.00 2.48 28.72
711.00 2.49 28.73
712.00 2.49 28.75
713.00 2.51 28.72
714.00 2.50 28.69
715.00 2.50 28.65
716.00 2.46 28.52
717.00 2.44 28.43
718.00 2.44 28.44
719.00 2.45 28.41
720.00 2.44 28.43
721.00 2.42 28.45
722.00 2.42 28.38
723.00 2.41 28.33
724.00 2.39 28.31
725.00 2.37 28.30
726.00 2.37 28.21
727.00 2.35 28.22
728.00 2.35 28.21
729.00 2.34 28.27
730.00 2.35 28.19
731.00 2.34 28.16
732.00 2.33 28.12
733.00 2.34 28.12
734.00 2.33 28.20
735.00 2.34 28.24
736.00 2.35 28.32
737.00 2.34 28.30
738.00 2.34 28.23
739.00 2.35 28.16
740.00 2.32 28.06
741.00 2.32 27.93
742.00 2.32 27.85
743.00 2.31 27.81
744.00 2.32 27.85
745.00 2.33 27.82
746.00 2.36 27.77
747.00 2.35 27.79
748.00 2.35 27.81
749.00 2.37 27.81
750.00 2.36 27.80
751.00 2.35 27.80
752.00 2.36 27.84
753.00 2.37 27.81
754.00 2.36 27.85
755.00 2.35 27.88
756.00 2.37 27.89
757.00 2.37 27.87
758.00 2.35 27.83
759.00 2.34 27.86
760.00 2.34 27.89
761.00 2.34 27.93
762.00 2.35 28.06
763.00 2.38 28.12
764.00 2.37 28.14
765.00 2.38 28.04
766.00 2.38 27.95
767.00 2.37 27.89
768.00 2.35 27.89
769.00 2.33 27.84
770.00 2.31 27.82
771.00 2.32 27.84
772.00 2.33 27.88
773.00 2.32 27.89
774.00 2.30 27.82
775.00 2.27 27.82
776.00 2.27 27.80
777.00 2.27 27.85
778.00 2.27 27.86
779.00 2.25 27.86
780.00 2.23 27.77
781.00 2.20 27.70
782.00 2.20 27.68
783.00 2.19 27.61
784.00 2.18 27.57
785.00 2.15 27.40
786.00 2.12 27.21
787.00 2.11 27.07
788.00 2.10 26.96
789.00 2.07 26.87
790.00 2.06 26.81
791.00 2.06 26.76
792.00 2.05 26.70
793.00 2.04 26.67
794.00 2.03 26.68
795.00 2.03 26.72
796.00 2.01 26.69
797.00 2.00 26.76
798.00 1.98 26.75
799.00 1.96 26.76
800.00 1.94 26.71
801.00 1.91 26.75
802.00 1.91 26.76
803.00 1.90 26.73
804.00 1.88 26.77
805.00 1.86 26.74
806.00 1.86 26.72
807.00 1.85 26.65
808.00 1.82 26.63
809.00 1.81 26.59
810.00 1.81 26.56
811.00 1.82 26.61
812.00 1.83 26.63
813.00 1.86 26.66
814.00 1.86 26.67
815.00 1.85 26.59
816.00 1.85 26.60
817.00 1.87 26.62
818.00 1.88 26.67
819.00 1.90 26.66
820.00 1.90 26.65
821.00 1.93 26.66
822.00 1.94 26.57
823.00 1.92 26.56
824.00 1.91 26.46
825.00 1.90 26.46
826.00 1.88 26.40
827.00 1.86 26.40
828.00 1.86 26.41
829.00 1.83 26.40
830.00 1.82 26.40
831.00 1.80 26.31
832.00 1.80 26.33
833.00 1.77 26.33
834.00 1.76 26.39
835.00 1.75 26.41
836.00 1.75 26.38
837.00 1.74 26.32
838.00 1.73 26.33
839.00 1.70 26.36
840.00 1.70 26.33
841.00 1.71 26.37
842.00 1.70 26.42
843.00 1.68 26.29
844.00 1.67 26.38
845.00 1.65 26.33
846.00 1.64 26.37
847.00 1.65 26.39
848.00 1.64 26.34
849.00 1.65 26.35
850.00 1.64 26.34
851.00 1.64 26.29
852.00 1.63 26.24
853.00 1.65 26.17
854.00 1.67 26.12
855.00 1.68 26.10
856.00 1.70 26.15
857.00 1.67 26.21
858.00 1.67 26.19
859.00 1.68 26.14
860.00 1.68 26.16
861.00 1.70 26.16
862.00 1.71 26.10
863.00 1.71 25.97
864.00 1.72 25.89
865.00 1.73 25.88
866.00 1.73 25.78
867.00 1.72 25.71
868.00 1.73 25.58
869.00 1.72 25.62
870.00 1.72 25.63
871.00 1.73 25.61
872.00 1.73 25.59
873.00 1.75 25.60
874.00 1.74 25.65
875.00 1.75 25.64
876.00 1.73 25.70
877.00 1.74 25.70
878.00 1.73 25.72
879.00 1.73 25.63
880.00 1.73 25.68
881.00 1.75 25.58
882.00 1.74 25.66
883.00 1.75 25.61
884.00 1.72 25.68
885.00 1.73 25.63
886.00 1.70 25.63
887.00 1.71 25.58
888.00 1.71 25.61
889.00 1.73 25.58
890.00 1.73 25.70
891.00 1.71 25.75
892.00 1.70 25.75
893.00 1.69 25.68
894.00 1.68 25.56
895.00 1.67 25.57
896.00 1.67 25.47
897.00 1.67 25.41
898.00 1.64 25.40
899.00 1.64 25.51
900.00 1.61 25.46
901.00 1.59 25.40
902.00 1.58 25.42
903.00 1.59 25.41
904.00 1.58 25.33
905.00 1.57 25.38
906.00 1.58 25.35
907.00 1.58 25.34
908.00 1.57 25.34
909.00 1.58 25.34
910.00 1.59 25.33
911.00 1.60 25.35
912.00 1.60 25.33
913.00 1.60 25.40
914.00 1.60 25.34
915.00 1.60 25.33
916.00 1.61 25.37
917.00 1.59 25.42
918.00 1.59 25.35
919.00 1.57 25.23
920.00 1.58 25.19
921.00 1.57 25.18
922.00 1.59 25.09
923.00 1.58 25.12
924.00 1.59 25.18
925.00 1.59 25.23
926.00 1.59 25.24
927.00 1.59 25.25
928.00 1.58 25.27
929.00 1.57 25.24
930.00 1.58 25.24
931.00 1.60 25.20
932.00 1.61 25.21
933.00 1.60 25.18
934.00 1.60 25.14
935.00 1.59 25.10
936.00 1.59 25.11
937.00 1.60 25.11
938.00 1.59 25.09
939.00 1.60 25.04
940.00 1.61 25.13
941.00 1.63 25.12
942.00 1.64 25.17
943.00 1.64 25.19
944.00 1.65 25.17
945.00 1.66 25.17
946.00 1.65 25.14
947.00 1.65 25.15
948.00 1.63 25.21
949.00 1.61 25.22
950.00 1.60 25.19
951.00 1.59 25.17
952.00 1.57 25.15
953.00 1.58 25.09
954.00 1.58 25.11
955.00 1.58 25.19
956.00 1.58 25.14
957.00 1.58 25.12
958.00 1.57 25.16
959.00 1.59 25.24
960.00 1.60 25.24
961.00 1.61 25.16
962.00 1.62 25.11
963.00 1.63 25.14
964.00 1.66 25.12
965.00 1.67 25.12
966.00 1.70 25.14
967.00 1.70 25.17
968.00 1.71 25.09
969.00 1.69 25.04
970.00 1.69 25.06
971.00 1.67 24.99
972.00 1.69 25.05
973.00 1.70 25.06
974.00 1.71 25.03
975.00 1.70 24.97
976.00 1.70 24.93
977.00 1.70 24.92
978.00 1.71 24.85
979.00 1.70 24.82
980.00 1.72 24.78
981.00 1.71 24.79
982.00 1.74 24.83
983.00 1.75 24.88
984.00 1.76 24.83
985.00 1.78 24.85
986.00 1.78 24.82
987.00 1.78 24.83
988.00 1.76 24.78
989.00 1.78 24.74
990.00 1.77 24.77
991.00 1.78 24.85
992.00 1.78 24.84
993.00 1.79 24.83
994.00 1.77 24.77
995.00 1.77 24.71
996.00 1.77 24.69
997.00 1.76 24.69
998.00 1.76 24.65
999.00 1.75 24.57
1000.00 1.76 24.58
1001.00 1.75 24.54
1002.00 1.75 24.52
1003.00 1.76 24.51
1004.00 1.76 24.54
1005.00 1.73 24.51
1006.00 1.73 24.50
1007.00 1.74 24.62
1008.00 1.74 24.62
1009.00 1.72 24.70
1010.00 1.72 24.64
1011.00 1.70 24.68
1012.00 1.71 24.75
1013.00 1.68 24.75
1014.00 1.69 24.78
1015.00 1.68 24.78
1016.00 1.68 24.79
1017.00 1.69 24.72
1018.00 1.67 24.73
1019.00 1.68 24.69
1020.00 1.67 24.71
1021.00 1.67 24.70
1022.00 1.68 24.69
1023.00 1.69 24.67
1024.00 1.68 24.63
1025.00 1.70 24.64
1026.00 1.69 24.70
1027.00 1.68 24.65
1028.00 1.69 24.65
1029.00 1.70 24.66
1030.00 1.70 24.72
1031.00 1.71 24.70
1032.00 1.70 24.67
1033.00 1.69 24.63
1034.00 1.67 24.68
1035.00 1.66 24.56
1036.00 1.64 24.57
1037.00 1.65 24.45
1038.00 1.63 24.43
1039.00 1.66 24.41
1040.00 1.63 24.35
1041.00 1.63 24.27
1042.00 1.62 24.21
1043.00 1.61 24.15
1044.00 1.61 24.17
1045.00 1.59 24.15
1046.00 1.58 24.16
1047.00 1.58 24.19
1048.00 1.57 24.14
1049.00 1.58 24.11
1050.00 1.58 24.15
1051.00 1.57 24.16
1052.00 1.60 24.20
1053.00 1.61 24.24
1054.00 1.62 24.24
1055.00 1.63 24.22
1056.00 1.62 24.18
1057.00 1.62 24.15
1058.00 1.61 24.14
1059.00 1.60 24.13
1060.00 1.59 24.22
1061.00 1.58 24.21
1062.00 1.58 24.25
1063.00 1.58 24.20
1064.00 1.57 24.14
1065.00 1.58 24.15
1066.00 1.59 24.10
1067.00 1.59 24.18
1068.00 1.59 24.16
1069.00 1.59 24.20
1070.00 1.61 24.13
1071.00 1.62 24.21
1072.00 1.63 24.18
1073.00 1.61 24.17
1074.00 1.62 24.16
1075.00 1.61 24.16
1076.00 1.59 24.18
1077.00 1.58 24.09
1078.00 1.57 24.09
1079.00 1.58 24.03
1080.00 1.59 24.01
1081.00 1.58 23.99
1082.00 1.57 23.98
1083.00 1.58 23.98
1084.00 1.58 23.90
1085.00 1.57 23.86
1086.00 1.58 23.83
1087.00 1.58 23.94
1088.00 1.59 23.84
1089.00 1.59 23.86
1090.00 1.60 23.78
1091.00 1.58 23.73
1092.00 1.58 23.66
1093.00 1.59 23.59
1094.00 1.59 23.55
1095.00 1.57 23.57
1096.00 1.58 23.53
1097.00 1.57 23.46
1098.00 1.58 23.47
1099.00 1.57 23.53
1100.00 1.58 23.57
1101.00 1.58 23.50
1102.00 1.60 23.50
1103.00 1.60 23.45
1104.00 1.59 23.34
1105.00 1.60 23.30
1106.00 1.58 23.20
1107.00 1.57 23.25
1108.00 1.57 23.19
1109.00 1.58 23.18
1110.00 1.59 23.11
1111.00 1.59 23.14
1112.00 1.58 23.20
1113.00 1.59 23.15
1114.00 1.57 23.15
1115.00 1.58 23.14
1116.00 1.58 23.15
1117.00 1.58 23.15
1118.00 1.58 23.19
1119.00 1.58 23.17
1120.00 1.59 23.18
1121.00 1.58 23.13
1122.00 1.57 23.07
1123.00 1.57 23.06
1124.00 1.57 23.01
1125.00 1.58 22.89
1126.00 1.59 22.94
1127.00 1.58 22.91
1128.00 1.57 22.97
1129.00 1.59 22.93
1130.00 1.57 22.96
1131.00 1.58 22.92
1132.00 1.59 22.88
1133.00 1.61 22.89
1134.00 1.61 22.81
1135.00 1.62 22.87
1136.00 1.61 22.88
1137.00 1.61 22.90
1138.00 1.61 22.90
1139.00 1.64 22.87
1140.00 1.64 22.84
1141.00 1.65 22.82
1142.00 1.65 22.81
1143.00 1.66 22.81
1144.00 1.64 22.77
1145.00 1.65 22.68
1146.00 1.63 22.66
1147.00 1.63 22.60
1148.00 1.63 22.60
1149.00 1.61 22.53
1150.00 1.62 22.46
1151.00 1.60 22.35
1152.00 1.58 22.36
1153.00 1.58 22.31
1154.00 1.59 22.35
1155.00 1.58 22.33
1156.00 1.59 22.39
1157.00 1.58 22.34
1158.00 1.58 22.30
1159.00 1.58 22.16
1160.00 1.59 22.18
1161.00 1.58 22.17
1162.00 1.60 22.19
1163.00 1.58 22.16
1164.00 1.59 22.16
1165.00 1.58 22.11
1166.00 1.61 22.12
1167.00 1.60 22.16
1168.00 1.62 22.07
1169.00 1.62 22.10
1170.00 1.64 22.14
1171.00 1.62 22.20
1172.00 1.63 22.20
1173.00 1.63 22.25
1174.00 1.65 22.25
1175.00 1.64 22.21
1176.00 1.65 22.23
1177.00 1.66 22.19
1178.00 1.66 22.22
1179.00 1.66 22.21
1180.00 1.67 22.23
1181.00 1.66 22.19
1182.00 1.65 22.16
1183.00 1.64 22.13
1184.00 1.64 22.16
1185.00 1.64 22.05
1186.00 1.64 22.02
1187.00 1.64 22.05
1188.00 1.63 22.05
1189.00 1.63 22.08
1190.00 1.64 22.02
1191.00 1.63 22.07
1192.00 1.62 22.03
1193.00 1.63 22.07
1194.00 1.64 22.09
1195.00 1.63 22.09
1196.00 1.63 22.12
1197.00 1.63 22.09
1198.00 1.62 22.09
1199.00 1.63 22.08
1200.00 1.64 22.05
1201.00 1.65 22.07
1202.00 1.63 22.08
1203.00 1.65 22.12
1204.00 1.66 22.15
1205.00 1.67 22.14
1206.00 1.66 22.16
1207.00 1.66 22.12
1208.00 1.66 22.12
1209.00 1.66 22.15
1210.00 1.66 22.04
1211.00 1.66 22.06
1212.00 1.65 21.98
1213.00 1.65 21.89
1214.00 1.64 21.81
1215.00 1.65 21.80
1216.00 1.65 21.84
1217.00 1.66 21.89
1218.00 1.64 21.93
1219.00 1.65 22.04
1220.00 1.64 21.98
1221.00 1.61 21.92
1222.00 1.62 21.83
1223.00 1.63 21.87
1224.00 1.63 21.93
1225.00 1.62 21.94
1226.00 1.62 21.91
1227.00 1.65 21.91
1228.00 1.66 21.95
1229.00 1.67 21.88
1230.00 1.68 21.88
1231.00 1.67 21.90
1232.00 1.67 21.93
1233.00 1.69 21.95
1234.00 1.69 21.96
1235.00 1.70 22.03
1236.00 1.69 21.99
1237.00 1.70 22.01
1238.00 1.70 21.90
1239.00 1.73 21.89
1240.00 1.73 21.84
1241.00 1.72 21.87
1242.00 1.72 21.87
1243.00 1.71 21.86
1244.00 1.74 21.87
1245.00 1.72 21.85
1246.00 1.73 21.87
1247.00 1.72 21.93
1248.00 1.73 21.83
1249.00 1.71 21.89
1250.00 1.73 21.89
1251.00 1.75 21.89
1252.00 1.75 21.86
1253.00 1.77 21.89
1254.00 1.79 21.97
1255.00 1.81 21.95
1256.00 1.83 21.96
1257.00 1.82 21.93
1258.00 1.84 21.97
1259.00 1.85 21.93
1260.00 1.86 21.86
1261.00 1.87 21.83
1262.00 1.87 21.88
1263.00 1.88 21.86
1264.00 1.87 21.92
1265.00 1.87 21.93
1266.00 1.83 21.94
1267.00 1.83 21.94
1268.00 1.86 22.01
1269.00 1.88 21.97
1270.00 1.86 21.98
1271.00 1.87 21.90
1272.00 1.88 21.89
1273.00 1.90 21.86
1274.00 1.92 21.81
1275.00 1.91 21.79
1276.00 1.90 21.76
1277.00 1.88 21.77
1278.00 1.90 21.78
1279.00 1.90 21.81
1280.00 1.90 21.79
1281.00 1.88 21.76
1282.00 1.89 21.75
1283.00 1.89 21.75
1284.00 1.91 21.69
1285.00 1.92 21.71
1286.00 1.91 21.72
1287.00 1.92 21.74
1288.00 1.91 21.75
1289.00 1.89 21.80
1290.00 1.90 21.79
1291.00 1.89 21.85
1292.00 1.89 21.77
1293.00 1.88 21.82
1294.00 1.88 21.82
1295.00 1.89 21.82
1296.00 1.91 21.78
1297.00 1.92 21.77
1298.00 1.92 21.73
1299.00 1.91 21.76
1300.00 1.90 21.71
1301.00 1.91 21.67
1302.00 1.90 21.68
1303.00 1.91 21.66
1304.00 1.92 21.62
1305.00 1.91 21.59
1306.00 1.91 21.62
1307.00 1.90 21.50
1308.00 1.91 21.53
1309.00 1.92 21.48
1310.00 1.91 21.56
1311.00 1.91 21.50
1312.00 1.90 21.53
1313.00 1.91 21.51
1314.00 1.90 21.51
1315.00 1.90 21.54
1316.00 1.92 21.47
1317.00 1.92 21.44
1318.00 1.92 21.37
1319.00 1.92 21.34
1320.00 1.92 21.30
1321.00 1.91 21.34
1322.00 1.91 21.41
1323.00 1.91 21.43
1324.00 1.93 21.36
1325.00 1.91 21.38
1326.00 1.91 21.33
1327.00 1.91 21.28
1328.00 1.90 21.31
1329.00 1.89 21.29
1330.00 1.88 21.31
1331.00 1.86 21.34
1332.00 1.88 21.36
1333.00 1.87 21.46
1334.00 1.87 21.47
1335.00 1.86 21.45
1336.00 1.84 21.40
1337.00 1.83 21.38
1338.00 1.82 21.31
1339.00 1.83 21.31
1340.00 1.85 21.33
1341.00 1.83 21.31
1342.00 1.84 21.32
1343.00 1.81 21.43
1344.00 1.82 21.46
1345.00 1.83 21.48
1346.00 1.82 21.48
1347.00 1.82 21.50
1348.00 1.81 21.46
1349.00 1.81 21.43
1350.00 1.80 21.42
1351.00 1.80 21.31
1352.00 1.80 21.34
1353.00 1.77 21.32
1354.00 1.75 21.30
1355.00 1.73 21.33
1356.00 1.72 21.36
1357.00 1.69 21.32
1358.00 1.71 21.28
1359.00 1.70 21.28
1360.00 1.70 21.25
1361.00 1.67 21.25
1362.00 1.67 21.19
1363.00 1.67 21.24
1364.00 1.67 21.21
1365.00 1.68 21.22
1366.00 1.68 21.18
1367.00 1.69 21.22
1368.00 1.69 21.24
1369.00 1.69 21.31
1370.00 1.64 21.31
1371.00 1.66 21.31
1372.00 1.65 21.34
1373.00 1.66 21.40
1374.00 1.66 21.42
1375.00 1.66 21.38
1376.00 1.66 21.43
1377.00 1.65 21.42
1378.00 1.65 21.42
1379.00 1.65 21.39
1380.00 1.68 21.34
1381.00 1.68 21.32
1382.00 1.70 21.32
1383.00 1.71 21.32
1384.00 1.72 21.27
1385.00 1.75 21.26
1386.00 1.76 21.19
1387.00 1.78 21.17
1388.00 1.77 21.20
1389.00 1.77 21.22
1390.00 1.75 21.22
1391.00 1.75 21.17
1392.00 1.73 21.10
1393.00 1.73 21.06
1394.00 1.72 21.07
1395.00 1.72 21.04
1396.00 1.71 21.08
1397.00 1.70 21.07
1398.00 1.71 21.07
1399.00 1.72 21.03
1400.00 1.72 21.07
1401.00 1.72 21.05
1402.00 1.72 21.10
1403.00 1.71 21.06
1404.00 1.73 21.07
1405.00 1.74 21.09
1406.00 1.74 21.16
1407.00 1.73 21.14
1408.00 1.74 21.14
1409.00 1.76 21.17
1410.00 1.75 21.23
1411.00 1.73 21.18
1412.00 1.73 21.12
1413.00 1.73 21.07
1414.00 1.73 21.04
1415.00 1.72 21.00
1416.00 1.73 20.90
1417.00 1.74 20.94
1418.00 1.76 20.92
1419.00 1.78 20.91
1420.00 1.77 20.93
1421.00 1.77 20.92
1422.00 1.75 20.99
1423.00 1.75 21.00
1424.00 1.76 21.01
1425.00 1.74 20.97
1426.00 1.75 20.96
1427.00 1.73 20.85
1428.00 1.73 20.90
1429.00 1.73 20.94
1430.00 1.76 21.01
1431.00 1.77 20.96
1432.00 1.75 20.90
1433.00 1.77 20.86
1434.00 1.76 20.78
1435.00 1.75 20.81
1436.00 1.74 20.83
1437.00 1.74 20.94
1438.00 1.75 20.96
1439.00 1.74 20.96
1440.00 1.74 20.88
1441.00 1.76 20.82
1442.00 1.76 20.80
1443.00 1.75 20.76
1444.00 1.76 20.70
1445.00 1.74 20.66
1446.00 1.74 20.62
1447.00 1.74 20.60
1448.00 1.74 20.59
1449.00 1.72 20.67
1450.00 1.72 20.63
1451.00 1.74 20.62
1452.00 1.73 20.62
1453.00 1.75 20.54
1454.00 1.75 20.60
1455.00 1.77 20.59
1456.00 1.77 20.65
1457.00 1.76 20.64
1458.00 1.78 20.66
1459.00 1.78 20.69
1460.00 1.79 20.62
1461.00 1.79 20.57
1462.00 1.80 20.55
1463.00 1.81 20.48
1464.00 1.83 20.51
1465.00 1.85 20.49
1466.00 1.82 20.53
1467.00 1.85 20.52
1468.00 1.85 20.52
1469.00 1.86 20.52
1470.00 1.86 20.50
1471.00 1.83 20.54
1472.00 1.83 20.53
1473.00 1.82 20.54
1474.00 1.81 20.54
1475.00 1.79 20.53
1476.00 1.78 20.53
1477.00 1.77 20.51
1478.00 1.77 20.50
1479.00 1.77 20.47
1480.00 1.77 20.46
1481.00 1.76 20.51
1482.00 1.75 20.51
1483.00 1.73 20.51
1484.00 1.74 20.46
1485.00 1.75 20.41
1486.00 1.74 20.33
1487.00 1.73 20.33
1488.00 1.73 20.26
1489.00 1.73 20.28
1490.00 1.72 20.19
1491.00 1.71 20.13
1492.00 1.69 20.09
1493.00 1.69 20.06
1494.00 1.70 20.11
1495.00 1.68 19.99
1496.00 1.67 20.07
1497.00 1.66 20.02
1498.00 1.67 19.99
1499.00 1.66 19.89
1500.00 1.69 19.89
1501.00 1.69 19.89
1502.00 1.70 19.93
1503.00 1.72 19.89
1504.00 1.76 19.88
1505.00 1.76 19.96
1506.00 1.76 19.99
1507.00 1.76 20.01
1508.00 1.77 19.89
1509.00 1.78 19.87
1510.00 1.79 19.86
1511.00 1.80 19.87
1512.00 1.81 19.84
1513.00 1.82 19.86
1514.00 1.81 19.88
1515.00 1.80 19.91
1516.00 1.82 19.92
1517.00 1.80 19.88
1518.00 1.80 19.89
1519.00 1.78 19.91
1520.00 1.77 19.91
1521.00 1.76 19.86
1522.00 1.77 19.91
1523.00 1.76 19.85
1524.00 1.77 19.93
1525.00 1.78 19.98
1526.00 1.79 19.99
1527.00 1.78 19.98
1528.00 1.79 19.96
1529.00 1.78 19.98
1530.00 1.79 19.92
1531.00 1.82 19.93
1532.00 1.81 19.99
1533.00 1.84 19.95
1534.00 1.82 19.88
1535.00 1.84 19.91
1536.00 1.81 19.87
1537.00 1.80 19.83
1538.00 1.79 19.83
1539.00 1.79 19.85
1540.00 1.78 19.86
1541.00 1.78 19.84
1542.00 1.79 19.73
1543.00 1.79 19.78
1544.00 1.77 19.80
1545.00 1.77 19.85
1546.00 1.79 19.89
1547.00 1.79 19.92
1548.00 1.78 19.87
1549.00 1.78 19.93
1550.00 1.79 19.87
1551.00 1.80 19.92
1552.00 1.80 19.96
1553.00 1.80 19.95
1554.00 1.81 20.06
1555.00 1.80 20.08
1556.00 1.81 20.11
1557.00 1.81 20.09
1558.00 1.81 20.14
1559.00 1.82 20.10
1560.00 1.84 20.07
1561.00 1.83 20.04
1562.00 1.82 20.05
1563.00 1.81 20.01
1564.00 1.79 19.97
1565.00 1.78 19.99
1566.00 1.76 19.89
1567.00 1.76 19.84
1568.00 1.76 19.75
1569.00 1.75 19.79
1570.00 1.74 19.84
1571.00 1.74 19.83
1572.00 1.75 19.84
1573.00 1.75 19.85
1574.00 1.75 19.89
1575.00 1.77 19.93
1576.00 1.78 20.01
1577.00 1.77 20.05
1578.00 1.76 20.08
1579.00 1.77 19.98
1580.00 1.77 19.93
1581.00 1.78 19.86
1582.00 1.79 19.87
1583.00 1.77 19.80
1584.00 1.78 19.75
1585.00 1.78 19.72
1586.00 1.77 19.78
1587.00 1.79 19.74
1588.00 1.78 19.80
1589.00 1.79 19.67
1590.00 1.78 19.62
1591.00 1.78 19.56
1592.00 1.77 19.50
1593.00 1.73 19.45
1594.00 1.70 19.42
1595.00 1.70 19.41
1596.00 1.69 19.43
1597.00 1.71 19.39
1598.00 1.72 19.41
1599.00 1.71 19.38
1600.00 1.70 19.42
1601.00 1.70 19.37
1602.00 1.71 19.39
1603.00 1.72 19.38
1604.00 1.71 19.39
1605.00 1.72 19.40
1606.00 1.73 19.47
1607.00 1.75 19.47
1608.00 1.75 19.52
1609.00 1.76 19.51
1610.00 1.76 19.54
1611.00 1.78 19.50
1612.00 1.79 19.54
1613.00 1.79 19.52
1614.00 1.78 19.59
1615.00 1.75 19.54
1616.00 1.75 19.54
1617.00 1.77 19.46
1618.00 1.77 19.41
1619.00 1.79 19.38
1620.00 1.81 19.39
1621.00 1.81 19.37
1622.00 1.80 19.29
1623.00 1.78 19.36
1624.00 1.78 19.33
1625.00 1.77 19.39
1626.00 1.77 19.35
1627.00 1.79 19.37
1628.00 1.80 19.43
1629.00 1.82 19.44
1630.00 1.79 19.43
1631.00 1.79 19.44
1632.00 1.79 19.44
1633.00 1.81 19.48
1634.00 1.81 19.44
1635.00 1.81 19.53
1636.00 1.79 19.50
1637.00 1.79 19.49
1638.00 1.78 19.43
1639.00 1.76 19.41
1640.00 1.75 19.39
1641.00 1.76 19.41
1642.00 1.77 19.39
1643.00 1.77 19.39
1644.00 1.78 19.35
1645.00 1.79 19.36
1646.00 1.77 19.31
1647.00 1.76 19.28
1648.00 1.76 19.23
1649.00 1.76 19.25
1650.00 1.76 19.29
1651.00 1.77 19.32
1652.00 1.78 19.35
1653.00 1.77 19.35
1654.00 1.75 19.37
1655.00 1.73 19.35
1656.00 1.75 19.31
1657.00 1.76 19.35
1658.00 1.78 19.34
1659.00 1.78 19.30
1660.00 1.76 19.32
1661.00 1.78 19.34
1662.00 1.77 19.43
1663.00 1.78 19.49
1664.00 1.76 19.45
1665.00 1.76 19.46
1666.00 1.76 19.49
1667.00 1.76 19.57
1668.00 1.79 19.55
1669.00 1.80 19.57
1670.00 1.80 19.46
1671.00 1.80 19.48
1672.00 1.80 19.39
1673.00 1.82 19.42
1674.00 1.82 19.33
1675.00 1.82 19.36
1676.00 1.80 19.32
1677.00 1.78 19.38
1678.00 1.78 19.35
1679.00 1.79 19.37
1680.00 1.81 19.38
1681.00 1.84 19.32
1682.00 1.85 19.32
1683.00 1.85 19.30
1684.00 1.86 19.32
1685.00 1.86 19.26
1686.00 1.88 19.26
1687.00 1.89 19.21
1688.00 1.91 19.27
1689.00 1.91 19.25
1690.00 1.92 19.26
1691.00 1.92 19.28
1692.00 1.91 19.38
1693.00 1.91 19.33
1694.00 1.93 19.31
1695.00 1.94 19.29
1696.00 1.94 19.30
1697.00 1.96 19.27
1698.00 1.96 19.22
1699.00 1.95 19.19
1700.00 1.96 19.21
1701.00 1.95 19.20
1702.00 2.00 19.23
1703.00 2.00 19.21
1704.00 2.01 19.16
1705.00 2.01 19.14
1706.00 2.02 19.07
1707.00 2.03 19.00
1708.00 2.05 19.02
1709.00 2.06 18.93
1710.00 2.05 18.97
1711.00 2.04 19.06
1712.00 2.03 19.07
1713.00 2.03 19.18
1714.00 2.02 19.12
1715.00 2.01 19.16
1716.00 2.02 19.05
1717.00 2.01 19.05
1718.00 1.99 19.04
1719.00 1.97 19.03
1720.00 1.98 18.99
1721.00 1.96 18.96
1722.00 1.97 18.91
1723.00 1.95 18.94
1724.00 1.96 18.90
1725.00 1.96 18.85
1726.00 1.97 18.87
1727.00 1.95 18.89
1728.00 1.93 18.85
1729.00 1.93 18.85
1730.00 1.91 18.84
1731.00 1.89 18.85
1732.00 1.89 18.91
1733.00 1.90 18.89
1734.00 1.89 18.83
1735.00 1.89 18.78
1736.00 1.90 18.70
1737.00 1.88 18.70
1738.00 1.89 18.71
1739.00 1.88 18.73
1740.00 1.90 18.82
1741.00 1.89 18.84
1742.00 1.88 18.84
1743.00 1.87 18.78
1744.00 1.85 18.79
1745.00 1.85 18.72
1746.00 1.84 18.66
1747.00 1.84 18.66
1748.00 1.84 18.61
1749.00 1.84 18.65
1750.00 1.82 18.64
1751.00 1.82 18.62
1752.00 1.81 18.61
1753.00 1.80 18.58
1754.00 1.79 18.56
1755.00 1.80 18.55
1756.00 1.79 18.60
1757.00 1.78 18.57
1758.00 1.76 18.61
1759.00 1.76 18.52
1760.00 1.77 18.54
1761.00 1.77 18.50
1762.00 1.77 18.56
1763.00 1.77 18.52
1764.00 1.77 18.48
1765.00 1.75 18.45
1766.00 1.76 18.45
1767.00 1.74 18.46
1768.00 1.74 18.45
1769.00 1.74 18.42
1770.00 1.77 18.31
1771.00 1.76 18.33
1772.00 1.79 18.37
1773.00 1.78 18.44
1774.00 1.78 18.40
1775.00 1.77 18.45
1776.00 1.77 18.37
1777.00 1.78 18.45
1778.00 1.77 18.45
1779.00 1.77 18.43
1780.00 1.77 18.34
1781.00 1.77 18.42
1782.00 1.78 18.42
1783.00 1.78 18.43
1784.00 1.78 18.38
1785.00 1.77 18.36
1786.00 1.77 18.26
1787.00 1.78 18.19
1788.00 1.78 18.22
1789.00 1.77 18.25
1790.00 1.79 18.23
1791.00 1.78 18.23
1792.00 1.78 18.22
1793.00 1.78 18.22
1794.00 1.78 18.14
1795.00 1.79 18.13
1796.00 1.77 18.14
1797.00 1.74 18.06
1798.00 1.71 18.09
1799.00 1.69 18.15
1800.00 1.67 18.18
1801.00 1.67 18.17
1802.00 1.65 18.15
1803.00 1.65 18.14
1804.00 1.67 18.14
1805.00 1.68 18.12
1806.00 1.69 18.11
1807.00 1.69 18.12
1808.00 1.70 18.07
1809.00 1.68 18.02
1810.00 1.69 18.00
1811.00 1.67 18.02
1812.00 1.70 18.01
1813.00 1.67 18.03
1814.00 1.67 17.97
1815.00 1.65 17.94
1816.00 1.66 17.91
1817.00 1.65 17.90
1818.00 1.65 17.96
1819.00 1.65 17.91
1820.00 1.63 17.97
1821.00 1.62 17.90
1822.00 1.62 17.97
1823.00 1.63 17.96
1824.00 1.63 17.92
1825.00 1.63 17.84
1826.00 1.63 17.86
1827.00 1.62 17.92
1828.00 1.62 17.85
1829.00 1.61 17.87
1830.00 1.62 17.81
1831.00 1.61 17.75
1832.00 1.61 17.65
1833.00 1.62 17.65
1834.00 1.64 17.68
1835.00 1.63 17.69
1836.00 1.62 17.70
1837.00 1.62 17.76
1838.00 1.61 17.78
1839.00 1.64 17.85
1840.00 1.63 17.81
1841.00 1.64 17.83
1842.00 1.64 17.81
1843.00 1.64 17.83
1844.00 1.67 17.83
1845.00 1.65 17.73
1846.00 1.66 17.76
1847.00 1.67 17.78
1848.00 1.68 17.81
1849.00 1.68 17.79
1850.00 1.68 17.79
1851.00 1.71 17.73
1852.00 1.71 17.66
1853.00 1.73 17.59
1854.00 1.71 17.61
1855.00 1.73 17.51
1856.00 1.74 17.44
1857.00 1.74 17.45
1858.00 1.75 17.44
1859.00 1.75 17.48
1860.00 1.74 17.54
1861.00 1.74 17.52
1862.00 1.76 17.52
1863.00 1.76 17.48
1864.00 1.76 17.44
1865.00 1.75 17.46
1866.00 1.74 17.50
1867.00 1.71 17.55
1868.00 1.73 17.54
1869.00 1.72 17.45
1870.00 1.72 17.45
1871.00 1.70 17.42
1872.00 1.71 17.47
1873.00 1.69 17.39
1874.00 1.71 17.43
1875.00 1.74 17.47
1876.00 1.75 17.50
1877.00 1.72 17.52
1878.00 1.70 17.54
1879.00 1.70 17.58
1880.00 1.73 17.53
1881.00 1.71 17.54
1882.00 1.71 17.52
1883.00 1.71 17.39
1884.00 1.72 17.34
1885.00 1.72 17.31
1886.00 1.71 17.33
1887.00 1.70 17.28
1888.00 1.68 17.29
1889.00 1.67 17.22
1890.00 1.67 17.25
1891.00 1.66 17.15
1892.00 1.64 17.18
1893.00 1.62 17.11
1894.00 1.63 17.12
1895.00 1.61 17.07
1896.00 1.60 17.05
1897.00 1.58 16.98
1898.00 1.59 17.04
1899.00 1.58 17.04
1900.00 1.57 17.08
1901.00 1.59 17.07
1902.00 1.59 17.02
1903.00 1.57 17.00
1904.00 1.59 17.05
1905.00 1.59 17.00
1906.00 1.60 17.03
1907.00 1.60 16.97
1908.00 1.62 16.94
1909.00 1.62 16.88
1910.00 1.63 16.95
1911.00 1.60 16.92
1912.00 1.57 16.88
1913.00 1.57 16.83
1914.00 1.59 16.81
1915.00 1.58 16.61
1916.00 1.58 16.65
1917.00 1.60 16.68
1918.00 1.61 16.74
1919.00 1.63 16.77
1920.00 1.64 16.88
1921.00 1.63 16.96
1922.00 1.62 16.96
1923.00 1.64 16.98
1924.00 1.65 16.90
1925.00 1.65 16.94
1926.00 1.66 16.91
1927.00 1.68 16.84
1928.00 1.69 16.78
1929.00 1.70 16.74
1930.00 1.70 16.77
1931.00 1.72 16.75
1932.00 1.71 16.78
1933.00 1.71 16.75
1934.00 1.71 16.83
1935.00 1.69 16.82
1936.00 1.67 16.77
1937.00 1.68 16.76
1938.00 1.68 16.75
1939.00 1.70 16.74
1940.00 1.72 16.80
1941.00 1.73 16.85
1942.00 1.75 16.88
1943.00 1.75 16.81
1944.00 1.77 16.81
1945.00 1.76 16.81
1946.00 1.75 16.79
1947.00 1.73 16.80
1948.00 1.74 16.75
1949.00 1.74 16.73
1950.00 1.75 16.73
1951.00 1.74 16.71
1952.00 1.76 16.73
1953.00 1.76 16.68
1954.00 1.75 16.64
1955.00 1.75 16.64
1956.00 1.74 16.60
1957.00 1.74 16.59
1958.00 1.74 16.50
1959.00 1.74 16.58
1960.00 1.75 16.59
1961.00 1.75 16.61
1962.00 1.76 16.60
1963.00 1.79 16.60
1964.00 1.80 16.59
1965.00 1.80 16.61
1966.00 1.80 16.54
1967.00 1.77 16.62
1968.00 1.79 16.61
1969.00 1.77 16.66
1970.00 1.77 16.69
1971.00 1.75 16.68
1972.00 1.75 16.70
1973.00 1.75 16.72
1974.00 1.74 16.66
1975.00 1.75 16.64
1976.00 1.75 16.66
1977.00 1.77 16.67
1978.00 1.79 16.64
1979.00 1.78 16.65
1980.00 1.78 16.54
1981.00 1.78 16.53
1982.00 1.77 16.59
1983.00 1.75 16.51
1984.00 1.74 16.47
1985.00 1.73 16.46
1986.00 1.71 16.41
1987.00 1.73 16.39
1988.00 1.72 16.37
1989.00 1.73 16.33
1990.00 1.74 16.26
1991.00 1.75 16.22
1992.00 1.76 16.24
1993.00 1.75 16.19
1994.00 1.76 16.17
1995.00 1.73 16.14
1996.00 1.75 16.08
1997.00 1.73 16.09
1998.00 1.75 16.12
1999.00 1.72 16.18
2000.00 1.73 16.10
2001.00 1.73 16.10
2002.00 1.74 16.05
2003.00 1.76 16.12
2004.00 1.75 16.11
2005.00 1.75 16.16
2006.00 1.76 16.15
2007.00 1.76 16.15
2008.00 1.76 16.13
2009.00 1.77 16.07
2010.00 1.77 16.07
2011.00 1.76 16.11
2012.00 1.77 16.07
2013.00 1.76 16.06
2014.00 1.76 16.08
2015.00 1.72 16.02
2016.00 1.73 16.01
2017.00 1.73 16.05
2018.00 1.74 16.06
2019.00 1.73 16.06
2020.00 1.76 16.08
2021.00 1.76 16.11
2022.00 1.77 16.18
2023.00 1.75 16.14
2024.00 1.77 16.08
2025.00 1.77 16.04
2026.00 1.74 15.99
2027.00 1.72 16.02
2028.00 1.71 16.02
2029.00 1.70 16.03
2030.00 1.73 16.01
2031.00 1.73 16.06
2032.00 1.74 16.04
2033.00 1.75 16.06
2034.00 1.76 16.01
2035.00 1.77 16.02
2036.00 1.78 15.99
2037.00 1.79 15.98
2038.00 1.78 15.99
2039.00 1.79 15.91
2040.00 1.78 15.89
2041.00 1.80 15.95
2042.00 1.78 15.90
2043.00 1.79 15.94
2044.00 1.76 15.89
2045.00 1.78 15.93
2046.00 1.77 15.94
2047.00 1.80 16.10
2048.00 1.81 16.08
2049.00 1.81 16.12
2050.00 1.80 16.04
2051.00 1.81 16.05
2052.00 1.81 16.05
2053.00 1.80 16.10
2054.00 1.81 16.13
2055.00 1.80 16.17
2056.00 1.82 16.13
2057.00 1.81 16.15
2058.00 1.83 16.17
2059.00 1.82 16.26
2060.00 1.84 16.21
2061.00 1.85 16.22
2062.00 1.85 16.16
2063.00 1.86 16.23
2064.00 1.86 16.21
2065.00 1.86 16.24
2066.00 1.85 16.26
2067.00 1.85 16.22
2068.00 1.84 16.29
2069.00 1.86 16.28
2070.00 1.87 16.30
2071.00 1.86 16.32
2072.00 1.85 16.33
2073.00 1.85 16.31
2074.00 1.86 16.33
2075.00 1.88 16.30
2076.00 1.89 16.27
2077.00 1.89 16.18
2078.00 1.87 16.12
2079.00 1.87 16.16
2080.00 1.88 16.10
2081.00 1.88 16.05
2082.00 1.86 15.96
2083.00 1.85 15.98
2084.00 1.87 16.00
2085.00 1.89 16.04
2086.00 1.90 15.95
2087.00 1.92 15.96
2088.00 1.94 15.90
2089.00 1.94 15.87
2090.00 1.93 15.91
2091.00 1.94 15.88
2092.00 1.97 15.83
2093.00 1.98 15.80
2094.00 1.99 15.79
2095.00 1.98 15.73
2096.00 1.98 15.81
2097.00 1.97 15.81
2098.00 1.97 15.79
2099.00 1.95 15.73
2100.00 1.96 15.72
2101.00 1.96 15.70
2102.00 2.00 15.75
2103.00 1.99 15.76
2104.00 2.01 15.79
2105.00 2.03 15.75
2106.00 2.05 15.67
2107.00 2.06 15.75
2108.00 2.07 15.70
2109.00 2.07 15.71
2110.00 2.09 15.74
2111.00 2.10 15.75
2112.00 2.12 15.72
2113.00 2.11 15.66
2114.00 2.10 15.63
2115.00 2.10 15.64
2116.00 2.10 15.61
2117.00 2.10 15.62
2118.00 2.10 15.61
2119.00 2.11 15.63
2120.00 2.11 15.48
2121.00 2.12 15.58
2122.00 2.12 15.53
2123.00 2.13 15.61
2124.00 2.15 15.69
2125.00 2.15 15.78
2126.00 2.16 15.68
2127.00 2.16 15.74
2128.00 2.18 15.77
2129.00 2.19 15.84
2130.00 2.20 15.83
2131.00 2.20 15.74
2132.00 2.19 15.72
2133.00 2.17 15.73
2134.00 2.18 15.78
2135.00 2.17 15.72
2136.00 2.17 15.66
2137.00 2.18 15.68
2138.00 2.18 15.63
2139.00 2.19 15.65
2140.00 2.20 15.60
2141.00 2.21 15.60
2142.00 2.23 15.62
2143.00 2.22 15.67
2144.00 2.22 15.65
2145.00 2.23 15.63
2146.00 2.22 15.57
2147.00 2.23 15.55
2148.00 2.24 15.62
2149.00 2.24 15.55
2150.00 2.23 15.50
2151.00 2.23 15.57
2152.00 2.24 15.59
2153.00 2.23 15.66
2154.00 2.23 15.67
2155.00 2.22 15.74
2156.00 2.23 15.82
2157.00 2.24 15.83
2158.00 2.25 15.73
2159.00 2.26 15.66
2160.00 2.28 15.65
2161.00 2.30 15.73
2162.00 2.32 15.84
2163.00 2.33 15.86
2164.00 2.31 15.89
2165.00 2.33 15.98
2166.00 2.35 16.02
2167.00 2.35 16.01
2168.00 2.36 15.96
2169.00 2.35 15.97
2170.00 2.36 16.01
2171.00 2.37 16.05
2172.00 2.35 16.04
2173.00 2.35 16.07
2174.00 2.34 16.08
2175.00 2.33 16.03
2176.00 2.32 16.04
2177.00 2.33 16.10
2178.00 2.32 16.08
2179.00 2.32 16.09
2180.00 2.33 16.09
2181.00 2.31 16.07
2182.00 2.31 16.13
2183.00 2.30 16.10
2184.00 2.30 16.14
2185.00 2.29 16.08
2186.00 2.29 16.05
2187.00 2.27 16.11
2188.00 2.27 16.12
2189.00 2.28 16.12
2190.00 2.31 16.18
2191.00 2.33 16.24
2192.00 2.34 16.16
2193.00 2.36 16.16
2194.00 2.36 16.08
2195.00 2.38 16.16
2196.00 2.37 16.12
2197.00 2.37 16.14
2198.00 2.36 16.09
2199.00 2.37 16.07
2200.00 2.39 16.03
2201.00 2.39 15.98
2202.00 2.37 15.95
2203.00 2.37 15.93
2204.00 2.38 15.88
2205.00 2.40 15.81
2206.00 2.41 15.83
2207.00 2.41 15.83
2208.00 2.40 15.79
2209.00 2.41 15.81
2210.00 2.41 15.83
2211.00 2.45 15.91
2212.00 2.45 15.86
2213.00 2.46 15.89
2214.00 2.46 15.80
2215.00 2.45 15.81
2216.00 2.45 15.76
2217.00 2.44 15.81
2218.00 2.45 15.79
2219.00 2.44 15.77
2220.00 2.44 15.75
2221.00 2.44 15.70
2222.00 2.45 15.77
2223.00 2.43 15.73
2224.00 2.43 15.77
2225.00 2.41 15.73
2226.00 2.41 15.77
2227.00 2.41 15.75
2228.00 2.42 15.76
2229.00 2.43 15.80
2230.00 2.44 15.79
2231.00 2.45 15.83
2232.00 2.44 15.83
2233.00 2.44 15.85
2234.00 2.44 15.83
2235.00 2.45 15.80
2236.00 2.46 15.84
2237.00 2.46 15.89
2238.00 2.45 15.91
2239.00 2.47 15.87
2240.00 2.45 15.82
2241.00 2.44 15.85
2242.00 2.45 15.89
2243.00 2.45 15.91
2244.00 2.43 15.86
2245.00 2.43 15.74
2246.00 2.43 15.70
2247.00 2.45 15.65
2248.00 2.45 15.69
2249.00 2.45 15.68
2250.00 2.45 15.60
2251.00 2.46 15.62
2252.00 2.45 15.59
2253.00 2.45 15.56
2254.00 2.45 15.53
2255.00 2.45 15.56
2256.00 2.46 15.50
2257.00 2.45 15.48
2258.00 2.47 15.50
2259.00 2.44 15.57
2260.00 2.45 15.60
2261.00 2.46 15.63
2262.00 2.48 15.65
2263.00 2.49 15.66
2264.00 2.47 15.65
2265.00 2.46 15.62
2266.00 2.43 15.55
2267.00 2.43 15.56
2268.00 2.44 15.47
2269.00 2.45 15.43
2270.00 2.45 15.47
2271.00 2.44 15.50
2272.00 2.46 15.47
2273.00 2.46 15.51
2274.00 2.45 15.52
2275.00 2.46 15.43
2276.00 2.43 15.39
2277.00 2.45 15.40
2278.00 2.44 15.49
2279.00 2.45 15.51
2280.00 2.44 15.50
2281.00 2.42 15.54
2282.00 2.42 15.59
2283.00 2.40 15.58
2284.00 2.42 15.57
2285.00 2.41 15.53
2286.00 2.40 15.61
2287.00 2.39 15.56
2288.00 2.38 15.52
2289.00 2.38 15.50
2290.00 2.38 15.52
2291.00 2.37 15.58
2292.00 2.36 15.61
2293.00 2.34 15.58
2294.00 2.34 15.57
2295.00 2.35 15.48
2296.00 2.38 15.54
2297.00 2.37 15.55
2298.00 2.38 15.60
2299.00 2.37 15.59
2300.00 2.37 15.56
2301.00 2.36 15.58
2302.00 2.35 15.62
2303.00 2.35 15.54
2304.00 2.35 15.54
2305.00 2.35 15.50
2306.00 2.33 15.49
2307.00 2.32 15.50
2308.00 2.34 15.47
2309.00 2.33 15.53
2310.00 2.34 15.50
2311.00 2.36 15.53
2312.00 2.35 15.54
2313.00 2.36 15.48
2314.00 2.38 15.47
2315.00 2.38 15.50
2316.00 2.38 15.56
2317.00 2.38 15.52
2318.00 2.39 15.55
2319.00 2.39 15.65
2320.00 2.38 15.71
2321.00 2.37 15.68
2322.00 2.36 15.64
2323.00 2.35 15.59
2324.00 2.33 15.61
2325.00 2.33 15.52
2326.00 2.33 15.55
2327.00 2.34 15.52
2328.00 2.34 15.51
2329.00 2.36 15.52
2330.00 2.36 15.56
2331.00 2.36 15.60
2332.00 2.37 15.63
2333.00 2.39 15.65
2334.00 2.40 15.65
2335.00 2.41 15.68
2336.00 2.41 15.62
2337.00 2.42 15.69
2338.00 2.41 15.70
2339.00 2.44 15.69
2340.00 2.40 15.68
2341.00 2.39 15.67
2342.00 2.37 15.58
2343.00 2.36 15.65
2344.00 2.33 15.55
2345.00 2.33 15.56
2346.00 2.31 15.50
2347.00 2.30 15.48
2348.00 2.30 15.40
2349.00 2.30 15.34
2350.00 2.28 15.33
2351.00 2.29 15.40
2352.00 2.30 15.43
2353.00 2.29 15.46
2354.00 2.30 15.46
2355.00 2.29 15.48
2356.00 2.29 15.51
2357.00 2.29 15.40
2358.00 2.29 15.46
2359.00 2.30 15.47
2360.00 2.30 15.52
2361.00 2.28 15.56
2362.00 2.28 15.50
2363.00 2.26 15.43
2364.00 2.25 15.31
2365.00 2.23 15.23
2366.00 2.24 15.22
2367.00 2.23 15.14
2368.00 2.24 15.16
2369.00 2.24 15.20
2370.00 2.27 15.22
2371.00 2.28 15.25
2372.00 2.27 15.30
2373.00 2.26 15.34
2374.00 2.26 15.29
2375.00 2.27 15.24
2376.00 2.30 15.24
2377.00 2.30 15.23
2378.00 2.32 15.39
2379.00 2.31 15.40
2380.00 2.33 15.42
2381.00 2.32 15.38
2382.00 2.31 15.38
2383.00 2.32 15.39
2384.00 2.32 15.38
2385.00 2.31 15.44
2386.00 2.31 15.43
2387.00 2.30 15.44
2388.00 2.29 15.36
2389.00 2.29 15.29
2390.00 2.27 15.21
2391.00 2.28 15.13
2392.00 2.28 15.09
2393.00 2.29 15.03
2394.00 2.29 14.98
2395.00 2.28 14.96
2396.00 2.28 14.91
2397.00 2.26 14.92
2398.00 2.25 14.86
2399.00 2.26 14.80
2400.00 2.26 14.83
2401.00 2.28 14.82
2402.00 2.29 14.82
2403.00 2.29 14.76
2404.00 2.28 14.75
2405.00 2.28 14.72
2406.00 2.27 14.74
2407.00 2.27 14.70
2408.00 2.27 14.69
2409.00 2.26 14.67
2410.00 2.26 14.66
2411.00 2.26 14.72
2412.00 2.25 14.71
2413.00 2.25 14.77
2414.00 2.23 14.72
2415.00 2.25 14.76
2416.00 2.24 14.73
2417.00 2.22 14.70
2418.00 2.21 14.66
2419.00 2.22 14.67
2420.00 2.22 14.70
2421.00 2.22 14.74
2422.00 2.22 14.79
2423.00 2.21 14.78
2424.00 2.20 14.84
2425.00 2.20 14.86
2426.00 2.19 14.88
2427.00 2.19 14.81
2428.00 2.21 14.76
2429.00 2.19 14.74
2430.00 2.21 14.69
2431.00 2.21 14.66
2432.00 2.21 14.71
2433.00 2.21 14.66
2434.00 2.23 14.74
2435.00 2.23 14.78
2436.00 2.26 14.81
2437.00 2.26 14.80
2438.00 2.25 14.75
2439.00 2.26 14.84
2440.00 2.28 14.85
2441.00 2.29 14.84
2442.00 2.30 14.82
2443.00 2.29 14.74
2444.00 2.28 14.78
2445.00 2.26 14.73
2446.00 2.28 14.78
2447.00 2.28 14.80
2448.00 2.29 14.76
2449.00 2.30 14.76
2450.00 2.29 14.69
2451.00 2.29 14.69
2452.00 2.28 14.57
2453.00 2.28 14.59
2454.00 2.28 14.56
2455.00 2.28 14.59
2456.00 2.29 14.62
2457.00 2.30 14.59
2458.00 2.28 14.61
2459.00 2.28 14.61
2460.00 2.26 14.58
2461.00 2.25 14.60
2462.00 2.27 14.59
2463.00 2.24 14.61
2464.00 2.24 14.64
2465.00 2.22 14.59
2466.00 2.24 14.62
2467.00 2.25 14.61
2468.00 2.24 14.63
2469.00 2.26 14.60
2470.00 2.25 14.57
2471.00 2.27 14.57
2472.00 2.28 14.46
2473.00 2.29 14.42
2474.00 2.29 14.46
2475.00 2.29 14.47
2476.00 2.29 14.42
2477.00 2.29 14.41
2478.00 2.28 14.43
2479.00 2.28 14.43
2480.00 2.29 14.49
2481.00 2.29 14.49
2482.00 2.27 14.49
2483.00 2.26 14.46
2484.00 2.25 14.50
2485.00 2.26 14.50
2486.00 2.24 14.43
2487.00 2.24 14.32
2488.00 2.23 14.26
2489.00 2.25 14.25
2490.00 2.25 14.21
2491.00 2.25 14.19
2492.00 2.26 14.20
2493.00 2.26 14.13
2494.00 2.29 14.15
2495.00 2.29 14.15
2496.00 2.28 14.21
2497.00 2.27 14.26
2498.00 2.28 14.28
2499.00 2.29 14.30
2500.00 2.29 14.30
2501.00 2.28 14.27
2502.00 2.25 14.25
2503.00 2.25 14.22
2504.00 2.24 14.24
2505.00 2.24 14.22
2506.00 2.24 14.25
2507.00 2.23 14.26
2508.00 2.22 14.31
2509.00 2.22 14.30
2510.00 2.24 14.36
2511.00 2.24 14.38
2512.00 2.26 14.36
2513.00 2.26 14.36
2514.00 2.27 14.41
2515.00 2.28 14.45
2516.00 2.28 14.45
2517.00 2.29 14.45
2518.00 2.31 14.48
2519.00 2.31 14.53
2520.00 2.30 14.40
2521.00 2.30 14.42
2522.00 2.30 14.39
2523.00 2.30 14.38
2524.00 2.31 14.29
2525.00 2.31 14.29
2526.00 2.31 14.22
2527.00 2.32 14.16
2528.00 2.31 14.20
2529.00 2.31 14.25
2530.00 2.32 14.29
2531.00 2.33 14.26
2532.00 2.34 14.32
2533.00 2.34 14.39
2534.00 2.35 14.43
2535.00 2.34 14.47
2536.00 2.36 14.44
2537.00 2.34 14.37
2538.00 2.31 14.27
2539.00 2.32 14.30
2540.00 2.30 14.28
2541.00 2.30 14.24
2542.00 2.32 14.21
2543.00 2.31 14.27
2544.00 2.32 14.27
2545.00 2.32 14.26
2546.00 2.32 14.25
2547.00 2.32 14.26
2548.00 2.31 14.28
2549.00 2.32 14.26
2550.00 2.32 14.31
2551.00 2.31 14.36
2552.00 2.33 14.44
2553.00 2.34 14.41
2554.00 2.36 14.49
2555.00 2.39 14.49
2556.00 2.37 14.49
2557.00 2.36 14.40
2558.00 2.37 14.37
2559.00 2.35 14.45
2560.00 2.36 14.38
2561.00 2.38 14.35
2562.00 2.38 14.42
2563.00 2.38 14.41
2564.00 2.38 14.44
2565.00 2.37 14.45
2566.00 2.37 14.46
2567.00 2.37 14.38
2568.00 2.36 14.38
2569.00 2.37 14.31
2570.00 2.36 14.29
2571.00 2.35 14.22
2572.00 2.34 14.24
2573.00 2.34 14.27
2574.00 2.33 14.29
2575.00 2.33 14.26
2576.00 2.32 14.26
2577.00 2.32 14.24
2578.00 2.34 14.17
2579.00 2.33 14.13
2580.00 2.33 14.03
2581.00 2.34 14.03
2582.00 2.33 14.03
2583.00 2.33 13.98
2584.00 2.33 13.98
2585.00 2.35 13.89
2586.00 2.35 13.92
2587.00 2.32 13.93
2588.00 2.35 13.95
2589.00 2.35 13.96
2590.00 2.36 13.94
2591.00 2.37 13.96
2592.00 2.38 13.90
2593.00 2.39 13.90
2594.00 2.43 13.90
2595.00 2.43 13.96
2596.00 2.44 13.98
2597.00 2.45 14.01
2598.00 2.45 14.06
2599.00 2.46 14.02
2600.00 2.48 14.02
2601.00 2.48 14.00
2602.00 2.49 14.03
2603.00 2.50 13.94
2604.00 2.52 13.92
2605.00 2.53 14.02
2606.00 2.54 14.02
2607.00 2.56 14.04
2608.00 2.57 13.99
2609.00 2.58 13.96
2610.00 2.57 13.85
2611.00 2.58 13.90
2612.00 2.58 13.88
2613.00 2.58 13.90
2614.00 2.56 13.95
2615.00 2.55 13.99
2616.00 2.56 14.00
2617.00 2.55 14.01
2618.00 2.54 13.96
2619.00 2.52 13.87
2620.00 2.52 13.82
2621.00 2.53 13.84
2622.00 2.54 13.77
2623.00 2.56 13.81
2624.00 2.55 13.80
2625.00 2.57 13.84
2626.00 2.57 13.86
2627.00 2.58 13.86
2628.00 2.58 13.86
2629.00 2.60 13.78
2630.00 2.60 13.81
2631.00 2.60 13.84
2632.00 2.59 13.88
2633.00 2.60 13.85
2634.00 2.62 13.87
2635.00 2.63 13.96
2636.00 2.64 13.97
2637.00 2.65 13.98
2638.00 2.64 13.99
2639.00 2.62 14.06
2640.00 2.64 14.08
2641.00 2.65 14.07
2642.00 2.65 14.07
2643.00 2.66 14.10
2644.00 2.64 14.04
2645.00 2.63 14.01
2646.00 2.65 13.97
2647.00 2.63 13.99
2648.00 2.64 14.09
2649.00 2.65 14.08
2650.00 2.64 13.98
2651.00 2.65 13.97
2652.00 2.64 13.90
2653.00 2.67 14.03
2654.00 2.68 14.04
2655.00 2.69 14.10
2656.00 2.68 14.12
2657.00 2.69 14.15
2658.00 2.69 14.20
2659.00 2.70 14.16
2660.00 2.70 14.13
2661.00 2.70 14.12
2662.00 2.71 14.04
2663.00 2.70 14.11
2664.00 2.69 14.08
2665.00 2.69 14.05
2666.00 2.69 14.03
2667.00 2.69 14.04
2668.00 2.69 14.05
2669.00 2.71 14.08
2670.00 2.70 14.08
2671.00 2.70 14.07
2672.00 2.71 14.11
2673.00 2.72 14.05
2674.00 2.72 14.10
2675.00 2.71 14.09
2676.00 2.73 14.12
2677.00 2.71 14.13
2678.00 2.70 14.17
2679.00 2.71 14.15
2680.00 2.69 14.14
2681.00 2.69 14.12
2682.00 2.69 14.13
2683.00 2.68 14.11
2684.00 2.68 14.13
2685.00 2.70 14.15
2686.00 2.70 14.22
2687.00 2.70 14.27
2688.00 2.69 14.33
2689.00 2.68 14.31
2690.00 2.69 14.32
2691.00 2.70 14.38
2692.00 2.68 14.42
2693.00 2.70 14.38
2694.00 2.69 14.45
2695.00 2.70 14.44
2696.00 2.70 14.42
2697.00 2.70 14.41
2698.00 2.69 14.43
2699.00 2.68 14.49
2700.00 2.68 14.48
2701.00 2.69 14.51
2702.00 2.69 14.57
2703.00 2.69 14.56
2704.00 2.68 14.58
2705.00 2.67 14.61
2706.00 2.67 14.59
2707.00 2.68 14.61
2708.00 2.68 14.64
2709.00 2.66 14.71
2710.00 2.68 14.64
2711.00 2.67 14.68
2712.00 2.66 14.62
2713.00 2.67 14.62
2714.00 2.66 14.64
2715.00 2.66 14.64
2716.00 2.67 14.60
2717.00 2.65 14.58
2718.00 2.67 14.59
2719.00 2.64 14.57
2720.00 2.64 14.60
2721.00 2.65 14.57
2722.00 2.65 14.61
2723.00 2.65 14.55
2724.00 2.64 14.53
2725.00 2.64 14.51
2726.00 2.64 14.63
2727.00 2.64 14.69
2728.00 2.64 14.69
2729.00 2.63 14.70
2730.00 2.64 14.63
2731.00 2.64 14.61
2732.00 2.63 14.65
2733.00 2.64 14.62
2734.00 2.63 14.62
2735.00 2.62 14.66
2736.00 2.61 14.58
2737.00 2.60 14.59
2738.00 2.61 14.65
2739.00 2.61 14.61
2740.00 2.62 14.70
2741.00 2.62 14.78
2742.00 2.61 14.77
2743.00 2.61 14.78
2744.00 2.61 14.82
2745.00 2.62 14.74
2746.00 2.62 14.65
2747.00 2.60 14.65
2748.00 2.61 14.57
2749.00 2.59 14.54
2750.00 2.59 14.59
2751.00 2.59 14.62
2752.00 2.58 14.61
2753.00 2.59 14.59
2754.00 2.59 14.51
2755.00 2.59 14.48
2756.00 2.59 14.51
2757.00 2.58 14.53
2758.00 2.59 14.53
2759.00 2.58 14.52
2760.00 2.57 14.47
2761.00 2.56 14.51
2762.00 2.55 14.53
2763.00 2.55 14.53
2764.00 2.55 14.51
2765.00 2.56 14.57
2766.00 2.55 14.61
2767.00 2.56 14.63
2768.00 2.55 14.70
2769.00 2.56 14.69
2770.00 2.57 14.69
2771.00 2.57 14.74
2772.00 2.56 14.78
2773.00 2.56 14.87
2774.00 2.58 14.90
2775.00 2.59 14.86
2776.00 2.59 14.85
2777.00 2.58 14.84
2778.00 2.57 14.86
2779.00 2.57 14.84
