0.00 3.14 33.58
1.00 3.14 33.58
2.00 3.14 33.58
3.00 3.14 33.58
4.00 3.14 33.58
5.00 3.14 33.58
6.00 3.14 33.58
7.00 3.14 33.58
8.00 3.14 33.58
9.00 3.14 33.58
10.00 3.14 33.58
11.00 3.14 33.58
12.00 3.14 33.58
13.00 3.14 33.58
14.00 3.14 33.58
15.00 3.14 33.58
16.00 3.14 33.58
17.00 3.14 33.58
18.00 3.14 33.58
19.00 3.14 33.58
20.00 3.14 33.58
21.00 3.14 33.58
22.00 3.14 33.58
23.00 3.14 33.58
24.00 3.14 33.58
25.00 3.14 33.58
26.00 3.14 33.58
27.00 3.14 33.58
28.00 3.14 33.58
29.00 3.14 33.58
30.00 3.14 33.58
31.00 3.14 33.58
32.00 3.14 33.58
33.00 3.14 33.58
34.00 3.14 33.58
35.00 3.14 33.58
36.00 3.14 33.58
37.00 3.14 33.58
38.00 3.14 33.58
39.00 3.14 33.58
40.00 3.14 33.58
41.00 3.14 33.58
42.00 3.14 33.58
43.00 3.14 33.58
44.00 3.14 33.58
45.00 3.14 33.58
46.00 3.14 33.58
47.00 3.14 33.58
48.00 3.14 33.58
49.00 3.14 33.58
50.00 3.14 33.58
51.00 3.14 33.58
52.00 3.14 33.58
53.00 3.14 33.58
54.00 3.14 33.58
55.00 3.14 33.58
56.00 3.14 33.58
57.00 3.14 33.58
58.00 3.14 33.58
59.00 3.14 33.58
60.00 3.14 33.58
61.00 3.14 33.58
62.00 3.14 33.58
63.00 3.14 33.58
64.00 3.14 33.58
65.00 3.14 33.58
66.00 3.14 33.58
67.00 3.14 33.58
68.00 3.14 33.58
69.00 3.14 33.58
70.00 3.14 33.58
71.00 3.14 33.58
72.00 3.14 33.58
73.00 3.14 33.58
74.00 3.14 33.58
75.00 3.14 33.58
76.00 3.14 33.58
77.00 3.14 33.58
78.00 3.14 33.58
79.00 3.14 33.58
80.00 3.14 33.58
81.00 3.14 33.58
82.00 3.14 33.58
83.00 3.14 33.58
84.00 3.14 33.58
85.00 3.14 33.58
86.00 3.14 33.58
87.00 3.14 33.58
88.00 3.14 33.58
89.00 3.14 33.58
90.00 3.14 33.58
91.00 3.14 33.58
92.00 3.14 33.58
93.00 3.14 33.58
94.00 3.14 33.58
95.00 3.14 33.58
96.00 3.14 33.58
97.00 3.14 33.58
98.00 3.14 33.58
99.00 3.14 33.58
100.00 3.14 33.58
101.00 3.14 33.58
102.00 3.14 33.58
103.00 3.14 33.58
104.00 3.14 33.58
105.00 3.14 33.58
106.00 3.14 33.58
107.00 3.14 33.58
108.00 3.14 33.58
109.00 3.14 33.58
110.00 3.14 33.58
111.00 3.14 33.58
112.00 3.14 33.58
113.00 3.14 33.58
114.00 3.14 33.58
115.00 3.14 33.58
116.00 3.14 33.58
117.00 3.14 33.58
118.00 3.14 33.58
119.00 3.14 33.58
120.00 3.14 33.58
121.00 3.14 33.58
122.00 3.14 33.58
123.00 3.14 33.58
124.00 3.14 33.58
125.00 3.14 33.58
126.00 3.14 33.58
127.00 3.14 33.58
128.00 3.14 33.58
129.00 3.14 33.58
130.00 3.14 33.58
131.00 3.14 33.58
132.00 3.14 33.58
133.00 3.14 33.58
134.00 3.14 33.58
135.00 3.14 33.58
136.00 3.14 33.58
137.00 3.14 33.58
138.00 3.14 33.58
139.00 3.14 33.58
140.00 3.14 33.58
141.00 3.14 33.58
142.00 3.14 33.58
143.00 3.14 33.58
144.00 3.14 33.58
145.00 3.14 33.58
146.00 3.14 33.58
147.00 3.14 33.58
148.00 3.14 33.58
149.00 3.14 33.58
150.00 3.14 33.58
151.00 3.14 33.58
152.00 3.14 33.58
153.00 3.14 33.58
154.00 3.14 33.58
155.00 3.14 33.58
156.00 3.14 33.58
157.00 3.14 33.58
158.00 3.14 33.58
159.00 3.14 33.58
160.00 3.14 33.58
161.00 3.14 33.58
162.00 3.14 33.58
163.00 3.14 33.58
164.00 3.14 33.58
165.00 3.14 33.58
166.00 3.14 33.58
167.00 3.14 33.58
168.00 3.14 33.58
169.00 3.14 33.58
170.00 3.14 33.58
171.00 3.14 33.58
172.00 3.14 33.58
173.00 3.14 33.58
174.00 3.14 33.58
175.00 3.14 33.58
176.00 3.14 33.58
177.00 3.14 33.58
178.00 3.14 33.58
179.00 3.14 33.58
180.00 3.14 33.58
181.00 3.14 33.58
182.00 3.14 33.58
183.00 3.14 33.58
184.00 3.14 33.58
185.00 3.14 33.58
186.00 3.14 33.58
187.00 3.14 33.58
188.00 3.14 33.58
189.00 3.14 33.58
190.00 3.14 33.58
191.00 3.14 33.58
192.00 3.14 33.58
193.00 3.14 33.58
194.00 3.14 33.58
195.00 3.14 33.58
196.00 3.14 33.58
197.00 3.14 33.58
198.00 3.14 33.58
199.00 3.14 33.58
200.00 3.14 33.58
201.00 3.14 33.58
202.00 3.14 33.58
203.00 3.14 33.58
204.00 3.14 33.58
205.00 3.14 33.58
206.00 3.14 33.58
207.00 3.14 33.58
208.00 3.14 33.58
209.00 3.14 33.58
210.00 3.14 33.58
211.00 3.14 33.58
212.00 3.14 33.58
213.00 3.14 33.58
214.00 3.14 33.58
215.00 3.14 33.58
216.00 3.14 33.58
217.00 3.14 33.58
218.00 3.14 33.58
219.00 3.14 33.58
220.00 3.14 33.58
221.00 3.14 33.58
222.00 3.14 33.58
223.00 3.14 33.58
224.00 3.14 33.58
225.00 3.14 33.58
226.00 3.14 33.58
227.00 3.14 33.58
228.00 3.14 33.58
229.00 3.14 33.58
230.00 3.14 33.58
231.00 3.14 33.58
232.00 3.14 33.58
233.00 3.14 33.58
234.00 3.14 33.58
235.00 3.14 33.58
236.00 3.14 33.58
237.00 3.14 33.58
238.00 3.14 33.58
239.00 3.14 33.58
240.00 3.14 33.58
241.00 3.14 33.58
242.00 3.14 33.58
243.00 3.14 33.58
244.00 3.14 33.58
245.00 3.14 33.58
246.00 3.14 33.58
247.00 3.14 33.58
248.00 3.14 33.58
249.00 3.14 33.58
250.00 3.14 33.58
251.00 3.14 33.58
252.00 3.14 33.58
253.00 3.14 33.58
254.00 3.14 33.58
255.00 3.14 33.58
256.00 3.14 33.58
257.00 3.14 33.58
258.00 3.14 33.58
259.00 3.14 33.58
260.00 3.14 33.58
261.00 3.14 33.58
262.00 3.14 33.58
263.00 3.14 33.58
264.00 3.14 33.58
265.00 3.14 33.58
266.00 3.14 33.58
267.00 3.14 33.58
268.00 3.14 33.58
269.00 3.14 33.58
270.00 3.14 33.58
271.00 3.14 33.58
272.00 3.14 33.58
273.00 3.14 33.58
274.00 3.14 33.58
275.00 3.14 33.58
276.00 3.14 33.58
277.00 3.14 33.58
278.00 3.14 33.58
279.00 3.14 33.58
280.00 3.14 33.58
281.00 3.14 33.58
282.00 3.14 33.58
283.00 3.14 33.58
284.00 3.14 33.58
285.00 3.14 33.58
286.00 3.14 33.58
287.00 3.14 33.58
288.00 3.14 33.58
289.00 3.14 33.58
290.00 3.14 33.58
291.00 3.14 33.58
292.00 3.14 33.58
293.00 3.14 33.58
294.00 3.14 33.58
295.00 3.14 33.58
296.00 3.14 33.58
297.00 3.14 33.58
298.00 3.14 33.58
299.00 3.14 33.58
300.00 3.14 33.58
301.00 3.14 33.58
302.00 3.14 33.58
303.00 3.14 33.58
304.00 3.14 33.58
305.00 3.14 33.58
306.00 3.14 33.58
307.00 3.14 33.58
308.00 3.14 33.58
309.00 3.14 33.58
310.00 3.14 33.58
311.00 3.14 33.58
312.00 3.14 33.58
313.00 3.14 33.58
314.00 3.14 33.58
315.00 3.14 33.58
316.00 3.14 33.58
317.00 3.14 33.58
318.00 3.14 33.58
319.00 3.14 33.58
320.00 3.14 33.58
321.00 3.14 33.58
322.00 3.14 33.58
323.00 3.14 33.58
324.00 3.14 33.58
325.00 3.14 33.58
326.00 3.14 33.58
327.00 3.14 33.58
328.00 3.14 33.58
329.00 3.14 33.58
330.00 3.14 33.58
331.00 3.14 33.58
332.00 3.14 33.58
333.00 3.14 33.58
334.00 3.14 33.58
335.00 3.14 33.58
336.00 3.14 33.58
337.00 3.14 33.58
338.00 3.14 33.58
339.00 3.14 33.58
340.00 3.14 33.58
341.00 3.14 33.58
342.00 3.14 33.58
343.00 3.14 33.58
344.00 3.14 33.58
345.00 3.14 33.58
346.00 3.14 33.58
347.00 3.14 33.58
348.00 3.14 33.58
349.00 3.14 33.58
350.00 3.14 33.58
351.00 3.14 33.58
352.00 3.14 33.58
353.00 3.14 33.58
354.00 3.14 33.58
355.00 3.14 33.58
356.00 3.14 33.58
357.00 3.14 33.58
358.00 3.14 33.58
359.00 3.14 33.58
360.00 3.14 33.58
361.00 3.14 33.58
362.00 3.14 33.58
363.00 3.14 33.58
364.00 3.14 33.58
365.00 3.14 33.58
366.00 3.14 33.58
367.00 3.14 33.58
368.00 3.14 33.58
369.00 3.14 33.58
370.00 3.14 33.58
371.00 3.14 33.58
372.00 3.14 33.58
373.00 3.14 33.58
374.00 3.14 33.58
375.00 3.14 33.58
376.00 3.14 33.58
377.00 3.14 33.58
378.00 3.14 33.58
379.00 3.14 33.58
380.00 3.14 33.58
381.00 3.14 33.58
382.00 3.14 33.58
383.00 3.14 33.58
384.00 3.14 33.58
385.00 3.14 33.58
386.00 3.14 33.58
387.00 3.14 33.58
388.00 3.14 33.58
389.00 3.14 33.58
390.00 3.14 33.58
391.00 3.14 33.58
392.00 3.14 33.58
393.00 3.14 33.58
394.00 3.14 33.58
395.00 3.14 33.58
396.00 3.14 33.58
397.00 3.14 33.58
398.00 3.14 33.58
399.00 3.14 33.58
400.00 3.14 33.58
401.00 3.13 33.61
402.00 3.10 33.62
403.00 3.07 33.66
404.00 3.05 33.70
405.00 3.05 33.84
406.00 3.05 33.83
407.00 3.05 33.82
408.00 3.04 33.69
409.00 3.03 33.60
410.00 3.00 33.55
411.00 3.00 33.52
412.00 2.99 33.45
413.00 2.98 33.44
414.00 2.99 33.37
415.00 2.97 33.25
416.00 2.95 33.18
417.00 2.93 33.07
418.00 2.93 33.02
419.00 2.92 32.94
420.00 2.89 32.84
421.00 2.86 32.82
422.00 2.86 32.89
423.00 2.87 32.88
424.00 2.88 32.95
425.00 2.91 32.87
426.00 2.93 32.84
427.00 2.97 32.80
428.00 2.98 32.80
429.00 2.99 32.69
430.00 3.00 32.67
431.00 3.01 32.64
432.00 2.99 32.55
433.00 3.01 32.47
434.00 2.99 32.42
435.00 2.97 32.35
436.00 2.97 32.36
437.00 2.99 32.40
438.00 2.99 32.48
439.00 2.99 32.56
440.00 2.99 32.51
441.00 2.98 32.47
442.00 2.98 32.38
443.00 2.98 32.29
444.00 2.96 32.22
445.00 2.95 32.18
446.00 2.95 32.07
447.00 2.96 32.00
448.00 2.97 31.96
449.00 2.95 31.98
450.00 2.92 31.94
451.00 2.89 31.88
452.00 2.87 31.83
453.00 2.86 31.82
454.00 2.86 31.84
455.00 2.86 31.76
456.00 2.85 31.81
457.00 2.88 31.76
458.00 2.90 31.85
459.00 2.93 31.81
460.00 2.94 31.79
461.00 2.94 31.73
462.00 2.94 31.74
463.00 2.93 31.73
464.00 2.94 31.78
465.00 2.95 31.87
466.00 2.94 31.94
467.00 2.92 31.98
468.00 2.92 32.07
469.00 2.94 32.10
470.00 2.95 32.15
471.00 2.96 32.09
472.00 2.96 32.08
473.00 2.95 32.07
474.00 2.96 32.06
475.00 2.98 32.09
476.00 2.98 32.12
477.00 2.99 32.09
478.00 2.98 32.09
479.00 2.98 32.13
480.00 2.96 32.18
481.00 2.96 32.20
482.00 2.98 32.21
483.00 2.98 32.23
484.00 2.96 32.21
485.00 2.95 32.21
486.00 2.94 32.24
487.00 2.93 32.17
488.00 2.90 32.27
489.00 2.90 32.27
490.00 2.90 32.31
491.00 2.90 32.23
492.00 2.90 32.24
493.00 2.90 32.18
494.00 2.91 32.12
495.00 2.91 32.13
496.00 2.92 32.12
497.00 2.94 32.18
498.00 2.97 32.18
499.00 2.99 32.17
500.00 3.02 32.11
501.00 3.04 32.15
502.00 3.06 32.04
503.00 3.05 32.07
504.00 3.07 32.03
505.00 3.09 32.05
506.00 3.10 32.03
507.00 3.09 32.01
508.00 3.09 31.93
509.00 3.09 31.90
510.00 3.08 31.90
511.00 3.07 31.91
512.00 3.06 31.95
513.00 3.05 31.99
514.00 3.03 32.01
515.00 3.02 31.98
516.00 3.01 31.90
517.00 3.01 31.82
518.00 3.01 31.84
519.00 3.00 31.74
520.00 2.99 31.69
521.00 3.00 31.61
522.00 2.99 31.65
523.00 3.00 31.68
524.00 2.99 31.74
525.00 2.99 31.70
526.00 2.99 31.69
527.00 2.98 31.67
528.00 2.97 31.67
529.00 2.97 31.66
530.00 2.96 31.68
531.00 2.98 31.73
532.00 2.97 31.69
533.00 2.96 31.76
534.00 2.93 31.75
535.00 2.89 31.79
536.00 2.87 31.76
537.00 2.85 31.71
538.00 2.82 31.63
539.00 2.80 31.67
540.00 2.76 31.67
541.00 2.76 31.66
542.00 2.78 31.70
543.00 2.78 31.72
544.00 2.76 31.73
545.00 2.72 31.76
546.00 2.71 31.62
547.00 2.68 31.62
548.00 2.65 31.51
549.00 2.65 31.42
550.00 2.65 31.45
551.00 2.66 31.50
552.00 2.67 31.50
553.00 2.68 31.47
554.00 2.67 31.44
555.00 2.65 31.38
556.00 2.64 31.29
557.00 2.62 31.30
558.00 2.63 31.30
559.00 2.64 31.32
560.00 2.64 31.35
561.00 2.63 31.44
562.00 2.62 31.40
563.00 2.62 31.42
564.00 2.63 31.40
565.00 2.63 31.43
566.00 2.64 31.40
567.00 2.65 31.46
568.00 2.64 31.40
569.00 2.64 31.39
570.00 2.63 31.31
571.00 2.63 31.25
572.00 2.64 31.25
573.00 2.64 31.19
574.00 2.63 31.21
575.00 2.62 31.17
576.00 2.61 31.17
577.00 2.61 31.17
578.00 2.62 31.16
579.00 2.61 31.09
580.00 2.61 30.98
581.00 2.61 30.97
582.00 2.62 30.99
583.00 2.62 30.97
584.00 2.62 30.94
585.00 2.61 30.93
586.00 2.61 30.90
587.00 2.60 30.95
588.00 2.58 30.87
589.00 2.55 30.81
590.00 2.56 30.71
591.00 2.54 30.63
592.00 2.53 30.53
593.00 2.51 30.53
594.00 2.47 30.46
595.00 2.46 30.39
596.00 2.44 30.33
597.00 2.45 30.23
598.00 2.45 30.28
599.00 2.46 30.33
600.00 2.48 30.33
601.00 2.47 30.36
602.00 2.46 30.31
603.00 2.44 30.27
604.00 2.43 30.22
605.00 2.43 30.16
606.00 2.42 30.20
607.00 2.43 30.19
608.00 2.41 30.23
609.00 2.41 30.18
610.00 2.40 30.23
611.00 2.41 30.18
612.00 2.41 30.15
613.00 2.41 30.05
614.00 2.39 30.02
615.00 2.41 29.93
616.00 2.40 29.92
617.00 2.41 29.83
618.00 2.40 29.93
619.00 2.42 29.94
620.00 2.42 29.97
621.00 2.44 29.96
622.00 2.44 30.00
623.00 2.45 29.95
624.00 2.46 30.04
625.00 2.46 30.10
626.00 2.46 30.13
627.00 2.44 30.15
628.00 2.42 30.13
629.00 2.41 30.17
630.00 2.41 30.13
631.00 2.44 30.11
632.00 2.47 30.05
633.00 2.49 30.08
634.00 2.46 30.11
635.00 2.45 30.07
636.00 2.42 30.05
637.00 2.39 30.03
638.00 2.34 29.98
639.00 2.29 29.96
640.00 2.26 30.00
641.00 2.25 30.00
642.00 2.27 29.91
643.00 2.27 29.94
644.00 2.29 29.98
645.00 2.30 30.05
646.00 2.33 30.07
647.00 2.34 30.10
648.00 2.36 30.08
649.00 2.38 30.05
650.00 2.39 30.02
651.00 2.39 30.02
652.00 2.42 29.93
653.00 2.43 29.96
654.00 2.44 29.91
655.00 2.46 29.92
656.00 2.49 29.90
657.00 2.51 29.86
658.00 2.53 29.82
659.00 2.54 29.77
660.00 2.55 29.80
661.00 2.56 29.83
662.00 2.58 29.81
663.00 2.60 29.79
664.00 2.61 29.78
665.00 2.63 29.80
666.00 2.65 29.86
667.00 2.68 29.92
668.00 2.67 29.95
669.00 2.66 29.90
670.00 2.67 29.91
671.00 2.67 29.99
672.00 2.67 29.97
673.00 2.67 29.89
674.00 2.65 29.83
675.00 2.64 29.87
676.00 2.65 29.91
677.00 2.64 29.94
678.00 2.60 29.97
679.00 2.57 29.93
680.00 2.56 29.85
681.00 2.56 29.77
682.00 2.54 29.76
683.00 2.54 29.77
684.00 2.53 29.78
685.00 2.54 29.76
686.00 2.53 29.78
687.00 2.53 29.70
688.00 2.52 29.75
689.00 2.53 29.75
690.00 2.55 29.78
691.00 2.56 29.85
692.00 2.53 29.77
693.00 2.49 29.75
694.00 2.51 29.67
695.00 2.49 29.72
696.00 2.49 29.68
697.00 2.51 29.67
698.00 2.51 29.69
699.00 2.49 29.66
700.00 2.48 29.65
701.00 2.46 29.78
702.00 2.47 29.75
703.00 2.48 29.72
704.00 2.48 29.70
705.00 2.48 29.67
706.00 2.49 29.58
707.00 2.49 29.67
708.00 2.47 29.61
709.00 2.43 29.61
710.00 2.43 29.61
711.00 2.44 29.59
712.00 2.44 29.58
713.00 2.43 29.57
714.00 2.41 29.45
715.00 2.38 29.49
716.00 2.37 29.45
717.00 2.37 29.41
718.00 2.39 29.32
719.00 2.42 29.31
720.00 2.44 29.37
721.00 2.46 29.39
722.00 2.48 29.35
723.00 2.47 29.39
724.00 2.45 29.28
725.00 2.43 29.19
726.00 2.42 29.11
727.00 2.41 29.02
728.00 2.39 29.11
729.00 2.39 29.17
730.00 2.39 29.24
731.00 2.38 29.21
732.00 2.37 29.17
733.00 2.37 29.07
734.00 2.36 29.02
735.00 2.35 29.05
736.00 2.36 29.07
737.00 2.37 29.13
738.00 2.38 29.15
739.00 2.38 29.24
740.00 2.39 29.23
741.00 2.38 29.32
742.00 2.37 29.39
743.00 2.37 29.36
744.00 2.37 29.34
745.00 2.36 29.33
746.00 2.36 29.30
747.00 2.37 29.25
748.00 2.37 29.26
749.00 2.39 29.32
750.00 2.39 29.34
751.00 2.39 29.23
752.00 2.37 29.17
753.00 2.38 29.14
754.00 2.39 29.14
755.00 2.38 29.13
756.00 2.38 29.12
757.00 2.38 29.11
758.00 2.38 29.11
759.00 2.39 29.08
760.00 2.40 29.06
761.00 2.39 29.04
762.00 2.36 29.08
763.00 2.35 29.05
764.00 2.36 29.03
765.00 2.37 28.97
766.00 2.39 28.92
767.00 2.39 28.85
768.00 2.39 28.82
769.00 2.41 28.80
770.00 2.41 28.77
771.00 2.42 28.71
772.00 2.42 28.72
773.00 2.44 28.71
774.00 2.42 28.68
775.00 2.41 28.64
776.00 2.41 28.68
777.00 2.40 28.57
778.00 2.40 28.55
779.00 2.39 28.54
780.00 2.38 28.54
781.00 2.36 28.48
782.00 2.34 28.39
783.00 2.31 28.35
784.00 2.30 28.26
785.00 2.26 28.19
786.00 2.23 27.96
787.00 2.17 27.82
788.00 2.16 27.75
789.00 2.14 27.62
790.00 2.12 27.49
791.00 2.09 27.46
792.00 2.08 27.32
793.00 2.08 27.32
794.00 2.05 27.25
795.00 2.03 27.22
796.00 1.99 27.13
797.00 1.96 26.99
798.00 1.92 26.94
799.00 1.89 26.92
800.00 1.88 26.93
801.00 1.85 26.84
802.00 1.83 26.78
803.00 1.82 26.74
804.00 1.79 26.69
805.00 1.78 26.71
806.00 1.77 26.77
807.00 1.79 26.79
808.00 1.78 26.81
809.00 1.78 26.85
810.00 1.78 26.84
811.00 1.79 26.85
812.00 1.77 26.87
813.00 1.78 26.87
814.00 1.78 26.85
815.00 1.79 26.82
816.00 1.78 26.80
817.00 1.78 26.78
818.00 1.79 26.78
819.00 1.79 26.74
820.00 1.78 26.75
821.00 1.78 26.77
822.00 1.78 26.68
823.00 1.80 26.67
824.00 1.81 26.72
825.00 1.81 26.73
826.00 1.82 26.74
827.00 1.83 26.74
828.00 1.84 26.71
829.00 1.86 26.74
830.00 1.85 26.76
831.00 1.85 26.73
832.00 1.85 26.78
833.00 1.84 26.73
834.00 1.85 26.72
835.00 1.84 26.72
836.00 1.84 26.69
837.00 1.83 26.72
838.00 1.83 26.69
839.00 1.83 26.68
840.00 1.82 26.70
841.00 1.81 26.63
842.00 1.81 26.59
843.00 1.80 26.50
844.00 1.79 26.52
845.00 1.79 26.51
846.00 1.78 26.47
847.00 1.79 26.45
848.00 1.78 26.33
849.00 1.78 26.31
850.00 1.78 26.30
851.00 1.76 26.36
852.00 1.75 26.31
853.00 1.76 26.25
854.00 1.76 26.26
855.00 1.76 26.23
856.00 1.75 26.18
857.00 1.77 26.25
858.00 1.75 26.20
859.00 1.76 26.22
860.00 1.77 26.22
861.00 1.78 26.23
862.00 1.78 26.24
863.00 1.81 26.21
864.00 1.82 26.23
865.00 1.82 26.23
866.00 1.80 26.23
867.00 1.79 26.22
868.00 1.79 26.15
869.00 1.78 26.15
870.00 1.79 26.14
871.00 1.78 26.11
872.00 1.77 26.04
873.00 1.77 26.02
874.00 1.77 26.02
875.00 1.77 25.98
876.00 1.76 25.94
877.00 1.76 25.94
878.00 1.74 25.91
879.00 1.73 25.91
880.00 1.73 25.90
881.00 1.75 25.87
882.00 1.76 25.86
883.00 1.78 25.82
884.00 1.79 25.76
885.00 1.79 25.75
886.00 1.79 25.68
887.00 1.79 25.68
888.00 1.81 25.63
889.00 1.83 25.62
890.00 1.85 25.60
891.00 1.86 25.62
892.00 1.86 25.65
893.00 1.87 25.68
894.00 1.88 25.69
895.00 1.90 25.70
896.00 1.92 25.67
897.00 1.93 25.70
898.00 1.93 25.71
899.00 1.93 25.73
900.00 1.95 25.83
901.00 1.95 25.95
902.00 1.94 25.97
903.00 1.93 26.03
904.00 1.90 26.08
905.00 1.92 26.05
906.00 1.90 26.02
907.00 1.90 26.00
908.00 1.90 26.02
909.00 1.89 25.97
910.00 1.88 25.98
911.00 1.89 25.98
912.00 1.89 26.00
913.00 1.89 26.06
914.00 1.87 26.03
915.00 1.87 26.00
916.00 1.88 25.95
917.00 1.87 25.89
918.00 1.86 25.81
919.00 1.87 25.82
920.00 1.86 25.83
921.00 1.88 25.83
922.00 1.88 25.78
923.00 1.89 25.79
924.00 1.89 25.74
925.00 1.88 25.66
926.00 1.89 25.58
927.00 1.89 25.55
928.00 1.88 25.54
929.00 1.87 25.54
930.00 1.84 25.44
931.00 1.83 25.31
932.00 1.82 25.31
933.00 1.81 25.33
934.00 1.79 25.34
935.00 1.78 25.37
936.00 1.78 25.39
937.00 1.78 25.35
938.00 1.78 25.36
939.00 1.77 25.33
940.00 1.75 25.31
941.00 1.74 25.26
942.00 1.73 25.25
943.00 1.72 25.21
944.00 1.70 25.20
945.00 1.69 25.20
946.00 1.70 25.17
947.00 1.69 25.15
948.00 1.69 25.11
949.00 1.69 25.14
950.00 1.68 25.15
951.00 1.68 25.11
952.00 1.67 25.11
953.00 1.68 25.06
954.00 1.68 25.16
955.00 1.70 25.16
956.00 1.71 25.23
957.00 1.70 25.22
958.00 1.72 25.23
959.00 1.73 25.14
960.00 1.73 25.06
961.00 1.74 25.10
962.00 1.73 25.10
963.00 1.74 25.09
964.00 1.75 25.08
965.00 1.73 25.06
966.00 1.74 25.08
967.00 1.75 25.06
968.00 1.75 25.09
969.00 1.76 25.04
970.00 1.76 25.03
971.00 1.76 25.08
972.00 1.76 25.10
973.00 1.78 25.04
974.00 1.79 25.03
975.00 1.79 24.94
976.00 1.78 24.88
977.00 1.78 24.80
978.00 1.77 24.74
979.00 1.78 24.70
980.00 1.76 24.65
981.00 1.76 24.54
982.00 1.76 24.49
983.00 1.76 24.44
984.00 1.73 24.42
985.00 1.74 24.40
986.00 1.74 24.35
987.00 1.73 24.37
988.00 1.71 24.34
989.00 1.71 24.32
990.00 1.74 24.31
991.00 1.77 24.27
992.00 1.77 24.19
993.00 1.78 24.19
994.00 1.78 24.19
995.00 1.79 24.16
996.00 1.78 24.09
997.00 1.77 24.06
998.00 1.77 24.09
999.00 1.78 24.02
1000.00 1.78 23.98
1001.00 1.78 23.95
1002.00 1.79 23.90
1003.00 1.79 23.84
1004.00 1.81 23.82
1005.00 1.82 23.74
1006.00 1.81 23.73
1007.00 1.80 23.69
1008.00 1.79 23.66
1009.00 1.80 23.70
1010.00 1.82 23.68
1011.00 1.83 23.69
1012.00 1.82 23.78
1013.00 1.81 23.81
1014.00 1.81 23.82
1015.00 1.81 23.75
1016.00 1.81 23.75
1017.00 1.82 23.80
1018.00 1.83 23.83
1019.00 1.84 23.84
1020.00 1.87 23.83
1021.00 1.86 23.92
1022.00 1.88 23.91
1023.00 1.88 23.91
1024.00 1.87 23.90
1025.00 1.88 23.92
1026.00 1.89 23.91
1027.00 1.88 23.93
1028.00 1.89 23.98
1029.00 1.91 23.93
1030.00 1.90 23.87
1031.00 1.89 23.81
1032.00 1.91 23.78
1033.00 1.92 23.88
1034.00 1.90 23.83
1035.00 1.90 23.83
1036.00 1.89 23.82
1037.00 1.87 23.88
1038.00 1.88 23.81
1039.00 1.87 23.77
1040.00 1.87 23.76
1041.00 1.86 23.80
1042.00 1.86 23.81
1043.00 1.83 23.78
1044.00 1.81 23.70
1045.00 1.80 23.70
1046.00 1.83 23.71
1047.00 1.83 23.74
1048.00 1.83 23.74
1049.00 1.83 23.76
1050.00 1.85 23.81
1051.00 1.83 23.76
1052.00 1.83 23.69
1053.00 1.82 23.68
1054.00 1.82 23.72
1055.00 1.82 23.67
1056.00 1.84 23.73
1057.00 1.85 23.67
1058.00 1.83 23.77
1059.00 1.84 23.75
1060.00 1.83 23.71
1061.00 1.85 23.74
1062.00 1.85 23.72
1063.00 1.87 23.78
1064.00 1.88 23.76
1065.00 1.87 23.80
1066.00 1.88 23.81
1067.00 1.88 23.84
1068.00 1.86 23.78
1069.00 1.87 23.76
1070.00 1.87 23.74
1071.00 1.87 23.74
1072.00 1.84 23.66
1073.00 1.87 23.67
1074.00 1.85 23.66
1075.00 1.85 23.61
1076.00 1.84 23.57
1077.00 1.83 23.52
1078.00 1.85 23.52
1079.00 1.85 23.51
1080.00 1.88 23.56
1081.00 1.86 23.55
1082.00 1.87 23.48
1083.00 1.87 23.40
1084.00 1.89 23.45
1085.00 1.89 23.46
1086.00 1.90 23.52
1087.00 1.90 23.53
1088.00 1.93 23.58
1089.00 1.94 23.61
1090.00 1.94 23.67
1091.00 1.93 23.73
1092.00 1.94 23.70
1093.00 1.95 23.72
1094.00 1.95 23.66
1095.00 1.95 23.67
1096.00 1.94 23.70
1097.00 1.93 23.75
1098.00 1.92 23.74
1099.00 1.91 23.75
1100.00 1.91 23.76
1101.00 1.90 23.71
1102.00 1.89 23.77
1103.00 1.90 23.67
1104.00 1.91 23.75
1105.00 1.90 23.73
1106.00 1.89 23.75
1107.00 1.87 23.71
1108.00 1.85 23.66
1109.00 1.84 23.71
1110.00 1.85 23.69
1111.00 1.85 23.63
1112.00 1.84 23.66
1113.00 1.81 23.64
1114.00 1.80 23.57
1115.00 1.81 23.55
1116.00 1.80 23.43
1117.00 1.80 23.50
1118.00 1.79 23.49
1119.00 1.78 23.54
1120.00 1.77 23.52
1121.00 1.78 23.53
1122.00 1.77 23.52
1123.00 1.74 23.52
1124.00 1.74 23.50
1125.00 1.71 23.56
1126.00 1.71 23.57
1127.00 1.70 23.53
1128.00 1.70 23.48
1129.00 1.69 23.40
1130.00 1.69 23.37
1131.00 1.67 23.31
1132.00 1.68 23.28
1133.00 1.67 23.32
1134.00 1.67 23.26
1135.00 1.66 23.29
1136.00 1.66 23.31
1137.00 1.65 23.29
1138.00 1.66 23.30
1139.00 1.64 23.26
1140.00 1.65 23.22
1141.00 1.63 23.23
1142.00 1.63 23.21
1143.00 1.63 23.18
1144.00 1.62 23.19
1145.00 1.59 23.13
1146.00 1.60 23.13
1147.00 1.60 23.15
1148.00 1.59 23.10
1149.00 1.59 23.14
1150.00 1.59 23.06
1151.00 1.59 23.10
1152.00 1.58 23.06
1153.00 1.59 23.09
1154.00 1.57 23.05
1155.00 1.59 23.10
1156.00 1.59 23.12
1157.00 1.60 23.21
1158.00 1.60 23.19
1159.00 1.59 23.20
1160.00 1.57 23.17
1161.00 1.59 23.16
1162.00 1.59 23.16
1163.00 1.59 23.13
1164.00 1.57 23.17
1165.00 1.58 23.17
1166.00 1.59 23.26
1167.00 1.58 23.32
1168.00 1.59 23.29
1169.00 1.59 23.25
1170.00 1.62 23.18
1171.00 1.61 23.15
1172.00 1.62 23.16
1173.00 1.61 23.14
1174.00 1.59 23.14
1175.00 1.58 23.08
1176.00 1.59 23.08
1177.00 1.60 23.15
1178.00 1.61 23.14
1179.00 1.62 23.14
1180.00 1.62 23.14
1181.00 1.62 23.14
1182.00 1.63 23.16
1183.00 1.64 23.26
1184.00 1.64 23.23
1185.00 1.65 23.22
1186.00 1.67 23.16
1187.00 1.68 23.12
1188.00 1.65 23.15
1189.00 1.66 23.16
1190.00 1.65 23.19
1191.00 1.66 23.14
1192.00 1.64 23.15
1193.00 1.64 23.14
1194.00 1.64 23.11
1195.00 1.63 23.09
1196.00 1.63 23.10
1197.00 1.63 23.02
1198.00 1.64 23.00
1199.00 1.62 22.97
1200.00 1.62 22.98
1201.00 1.63 22.98
1202.00 1.63 23.05
1203.00 1.63 22.96
1204.00 1.65 22.89
1205.00 1.66 22.80
1206.00 1.66 22.73
1207.00 1.65 22.63
1208.00 1.66 22.58
1209.00 1.63 22.59
1210.00 1.65 22.67
1211.00 1.65 22.75
1212.00 1.68 22.80
1213.00 1.68 22.86
1214.00 1.66 22.90
1215.00 1.64 22.92
1216.00 1.62 22.93
1217.00 1.61 22.89
1218.00 1.63 22.85
1219.00 1.64 22.77
1220.00 1.65 22.68
1221.00 1.66 22.66
1222.00 1.65 22.58
1223.00 1.64 22.58
1224.00 1.64 22.59
1225.00 1.63 22.61
1226.00 1.64 22.60
1227.00 1.65 22.57
1228.00 1.64 22.53
1229.00 1.64 22.49
1230.00 1.65 22.49
1231.00 1.64 22.48
1232.00 1.65 22.55
1233.00 1.65 22.54
1234.00 1.65 22.59
1235.00 1.65 22.58
1236.00 1.64 22.62
1237.00 1.63 22.63
1238.00 1.62 22.66
1239.00 1.62 22.71
1240.00 1.61 22.72
1241.00 1.62 22.67
1242.00 1.63 22.68
1243.00 1.63 22.67
1244.00 1.64 22.65
1245.00 1.64 22.60
1246.00 1.63 22.51
1247.00 1.61 22.51
1248.00 1.60 22.49
1249.00 1.61 22.52
1250.00 1.63 22.43
1251.00 1.63 22.37
1252.00 1.62 22.34
1253.00 1.62 22.25
1254.00 1.63 22.33
1255.00 1.63 22.30
1256.00 1.63 22.32
1257.00 1.63 22.32
1258.00 1.63 22.35
1259.00 1.65 22.33
1260.00 1.67 22.35
1261.00 1.67 22.25
1262.00 1.70 22.20
1263.00 1.68 22.29
1264.00 1.69 22.25
1265.00 1.70 22.32
1266.00 1.69 22.25
1267.00 1.70 22.29
1268.00 1.70 22.26
1269.00 1.70 22.28
1270.00 1.69 22.33
1271.00 1.70 22.27
1272.00 1.72 22.24
1273.00 1.74 22.19
1274.00 1.76 22.14
1275.00 1.79 22.13
1276.00 1.78 22.19
1277.00 1.79 22.16
1278.00 1.79 22.13
1279.00 1.79 22.10
1280.00 1.79 22.10
1281.00 1.79 22.10
1282.00 1.77 22.06
1283.00 1.75 22.11
1284.00 1.75 22.09
1285.00 1.76 22.09
1286.00 1.74 22.12
1287.00 1.74 22.14
1288.00 1.73 22.10
1289.00 1.73 22.17
1290.00 1.71 22.18
1291.00 1.71 22.17
1292.00 1.71 22.20
1293.00 1.72 22.15
1294.00 1.71 22.10
1295.00 1.72 22.08
1296.00 1.71 22.01
1297.00 1.70 22.04
1298.00 1.70 22.11
1299.00 1.70 22.14
1300.00 1.68 22.07
1301.00 1.68 22.04
1302.00 1.65 22.01
1303.00 1.65 22.01
1304.00 1.65 22.05
1305.00 1.66 22.00
1306.00 1.67 22.00
1307.00 1.68 22.02
1308.00 1.69 21.97
1309.00 1.69 22.00
1310.00 1.68 22.07
1311.00 1.68 22.13
1312.00 1.68 22.11
1313.00 1.70 22.06
1314.00 1.72 22.12
1315.00 1.76 22.07
1316.00 1.74 22.14
1317.00 1.76 22.07
1318.00 1.75 22.07
1319.00 1.76 22.05
1320.00 1.76 21.92
1321.00 1.77 21.97
1322.00 1.79 21.96
1323.00 1.80 21.90
1324.00 1.82 21.88
1325.00 1.82 21.90
1326.00 1.82 21.93
1327.00 1.81 21.89
1328.00 1.82 21.94
1329.00 1.79 21.92
1330.00 1.77 22.02
1331.00 1.78 21.98
1332.00 1.77 22.01
1333.00 1.77 21.94
1334.00 1.74 21.89
1335.00 1.73 21.86
1336.00 1.72 21.89
1337.00 1.73 21.83
1338.00 1.73 21.82
1339.00 1.73 21.83
1340.00 1.74 21.84
1341.00 1.75 21.86
1342.00 1.76 21.84
1343.00 1.75 21.79
1344.00 1.73 21.72
1345.00 1.75 21.64
1346.00 1.72 21.67
1347.00 1.71 21.61
1348.00 1.70 21.59
1349.00 1.71 21.59
1350.00 1.71 21.60
1351.00 1.73 21.64
1352.00 1.74 21.68
1353.00 1.74 21.76
1354.00 1.74 21.80
1355.00 1.74 21.76
1356.00 1.76 21.72
1357.00 1.77 21.61
1358.00 1.78 21.71
1359.00 1.79 21.73
1360.00 1.79 21.76
1361.00 1.80 21.87
1362.00 1.82 21.90
1363.00 1.82 22.02
1364.00 1.83 21.98
1365.00 1.82 21.89
1366.00 1.81 21.77
1367.00 1.80 21.73
1368.00 1.80 21.68
1369.00 1.82 21.70
1370.00 1.83 21.76
1371.00 1.84 21.72
1372.00 1.84 21.68
1373.00 1.83 21.71
1374.00 1.82 21.65
1375.00 1.80 21.68
1376.00 1.79 21.70
1377.00 1.79 21.84
1378.00 1.81 21.80
1379.00 1.83 21.75
1380.00 1.83 21.74
1381.00 1.84 21.69
1382.00 1.85 21.72
1383.00 1.84 21.63
1384.00 1.84 21.65
1385.00 1.87 21.63
1386.00 1.87 21.61
1387.00 1.85 21.62
1388.00 1.85 21.59
1389.00 1.87 21.57
1390.00 1.87 21.65
1391.00 1.88 21.69
1392.00 1.87 21.75
1393.00 1.87 21.69
1394.00 1.87 21.66
1395.00 1.86 21.67
1396.00 1.87 21.72
1397.00 1.85 21.76
1398.00 1.84 21.66
1399.00 1.86 21.63
1400.00 1.85 21.62
1401.00 1.83 21.68
1402.00 1.84 21.64
1403.00 1.83 21.58
1404.00 1.82 21.53
1405.00 1.82 21.47
1406.00 1.79 21.44
1407.00 1.78 21.45
1408.00 1.77 21.45
1409.00 1.78 21.46
1410.00 1.78 21.39
1411.00 1.78 21.34
1412.00 1.79 21.34
1413.00 1.78 21.36
1414.00 1.78 21.33
1415.00 1.75 21.35
1416.00 1.74 21.31
1417.00 1.74 21.28
1418.00 1.74 21.28
1419.00 1.71 21.34
1420.00 1.71 21.31
1421.00 1.72 21.34
1422.00 1.73 21.42
1423.00 1.74 21.38
1424.00 1.74 21.40
1425.00 1.74 21.38
1426.00 1.76 21.33
1427.00 1.77 21.38
1428.00 1.76 21.30
1429.00 1.74 21.25
1430.00 1.73 21.25
1431.00 1.74 21.19
1432.00 1.74 21.12
1433.00 1.76 21.05
1434.00 1.76 21.11
1435.00 1.77 21.14
1436.00 1.77 21.20
1437.00 1.79 21.10
1438.00 1.81 21.10
1439.00 1.80 21.09
1440.00 1.80 21.07
1441.00 1.81 20.98
1442.00 1.82 21.00
1443.00 1.82 20.92
1444.00 1.82 20.97
1445.00 1.82 20.94
1446.00 1.81 20.91
1447.00 1.80 20.87
1448.00 1.80 20.84
1449.00 1.80 20.89
1450.00 1.80 20.85
1451.00 1.80 20.88
1452.00 1.81 20.96
1453.00 1.83 21.05
1454.00 1.85 21.11
1455.00 1.84 21.18
1456.00 1.85 21.22
1457.00 1.85 21.18
1458.00 1.86 21.18
1459.00 1.86 21.15
1460.00 1.87 21.14
1461.00 1.85 21.15
1462.00 1.82 21.11
1463.00 1.81 21.15
1464.00 1.80 21.03
1465.00 1.82 21.07
1466.00 1.83 21.13
1467.00 1.84 21.18
1468.00 1.83 21.21
1469.00 1.82 21.18
1470.00 1.82 21.16
1471.00 1.82 21.14
1472.00 1.81 21.15
1473.00 1.82 21.13
1474.00 1.81 21.13
1475.00 1.81 21.13
1476.00 1.78 21.13
1477.00 1.78 21.10
1478.00 1.80 21.09
1479.00 1.81 21.07
1480.00 1.82 20.99
1481.00 1.82 20.91
1482.00 1.83 20.89
1483.00 1.83 20.87
1484.00 1.83 20.87
1485.00 1.84 20.86
1486.00 1.84 20.85
1487.00 1.84 20.92
1488.00 1.86 20.97
1489.00 1.85 21.08
1490.00 1.84 21.06
1491.00 1.86 21.04
1492.00 1.87 20.97
1493.00 1.88 21.01
1494.00 1.89 20.89
1495.00 1.89 20.87
1496.00 1.92 20.76
1497.00 1.92 20.77
1498.00 1.92 20.78
1499.00 1.93 20.80
1500.00 1.92 20.82
1501.00 1.94 20.79
1502.00 1.94 20.82
1503.00 1.95 20.80
1504.00 1.95 20.83
1505.00 1.98 20.79
1506.00 1.98 20.77
1507.00 1.97 20.75
1508.00 1.95 20.75
1509.00 1.96 20.70
1510.00 1.97 20.68
1511.00 1.96 20.59
1512.00 1.96 20.53
1513.00 1.95 20.56
1514.00 1.97 20.53
1515.00 1.98 20.60
1516.00 2.00 20.62
1517.00 2.00 20.58
1518.00 2.01 20.57
1519.00 2.03 20.66
1520.00 2.05 20.78
1521.00 2.06 20.85
1522.00 2.05 20.80
1523.00 2.04 20.80
1524.00 2.02 20.76
1525.00 2.04 20.76
1526.00 2.04 20.77
1527.00 2.04 20.73
1528.00 2.03 20.73
1529.00 2.01 20.75
1530.00 2.00 20.79
1531.00 2.00 20.71
1532.00 2.00 20.71
1533.00 2.02 20.72
1534.00 2.00 20.68
1535.00 2.00 20.67
1536.00 1.97 20.66
1537.00 1.99 20.63
1538.00 1.98 20.59
1539.00 2.00 20.63
1540.00 1.99 20.59
1541.00 2.00 20.61
1542.00 2.00 20.65
1543.00 2.00 20.65
1544.00 2.03 20.71
1545.00 2.01 20.67
1546.00 2.01 20.68
1547.00 1.99 20.71
1548.00 2.00 20.69
1549.00 2.00 20.65
1550.00 1.99 20.59
1551.00 2.00 20.55
1552.00 2.01 20.46
1553.00 2.03 20.46
1554.00 1.99 20.42
1555.00 2.00 20.43
1556.00 2.02 20.48
1557.00 2.04 20.59
1558.00 2.03 20.61
1559.00 2.04 20.68
1560.00 2.03 20.69
1561.00 2.04 20.68
1562.00 2.06 20.59
1563.00 2.06 20.52
1564.00 2.06 20.47
1565.00 2.06 20.42
1566.00 2.06 20.38
1567.00 2.05 20.34
1568.00 2.06 20.32
1569.00 2.07 20.22
1570.00 2.10 20.29
1571.00 2.10 20.24
1572.00 2.12 20.21
1573.00 2.12 20.22
1574.00 2.12 20.28
1575.00 2.12 20.34
1576.00 2.13 20.34
1577.00 2.14 20.34
1578.00 2.15 20.32
1579.00 2.16 20.33
1580.00 2.19 20.37
1581.00 2.20 20.27
1582.00 2.20 20.23
1583.00 2.20 20.26
1584.00 2.19 20.28
1585.00 2.21 20.31
1586.00 2.22 20.29
1587.00 2.25 20.24
1588.00 2.25 20.35
1589.00 2.25 20.23
1590.00 2.27 20.18
1591.00 2.27 20.11
1592.00 2.26 20.14
1593.00 2.24 20.11
1594.00 2.22 20.13
1595.00 2.20 20.10
1596.00 2.19 20.03
1597.00 2.16 19.93
1598.00 2.16 19.96
1599.00 2.18 20.00
1600.00 2.19 19.88
1601.00 2.20 19.83
1602.00 2.19 19.81
1603.00 2.19 19.84
1604.00 2.19 19.85
1605.00 2.19 19.86
1606.00 2.19 19.86
1607.00 2.21 19.79
1608.00 2.21 19.79
1609.00 2.23 19.77
1610.00 2.23 19.78
1611.00 2.24 19.80
1612.00 2.23 19.77
1613.00 2.26 19.86
1614.00 2.25 19.90
1615.00 2.28 19.95
1616.00 2.27 19.94
1617.00 2.27 19.93
1618.00 2.27 19.97
1619.00 2.29 19.97
1620.00 2.31 19.92
1621.00 2.31 19.94
1622.00 2.31 19.85
1623.00 2.32 19.89
1624.00 2.32 19.86
1625.00 2.31 19.81
1626.00 2.32 19.79
1627.00 2.34 19.78
1628.00 2.37 19.74
1629.00 2.35 19.77
1630.00 2.37 19.77
1631.00 2.35 19.74
1632.00 2.37 19.74
1633.00 2.36 19.72
1634.00 2.35 19.73
1635.00 2.34 19.78
1636.00 2.33 19.78
1637.00 2.33 19.71
1638.00 2.32 19.67
1639.00 2.31 19.63
1640.00 2.29 19.63
1641.00 2.30 19.57
1642.00 2.30 19.56
1643.00 2.31 19.60
1644.00 2.29 19.57
1645.00 2.30 19.49
1646.00 2.28 19.53
1647.00 2.29 19.51
1648.00 2.28 19.56
1649.00 2.30 19.59
1650.00 2.28 19.61
1651.00 2.30 19.72
1652.00 2.31 19.75
1653.00 2.29 19.70
1654.00 2.29 19.59
1655.00 2.26 19.61
1656.00 2.26 19.70
1657.00 2.25 19.63
1658.00 2.25 19.61
1659.00 2.25 19.49
1660.00 2.24 19.58
1661.00 2.24 19.41
1662.00 2.25 19.39
1663.00 2.25 19.34
1664.00 2.24 19.41
1665.00 2.23 19.44
1666.00 2.24 19.43
1667.00 2.23 19.40
1668.00 2.24 19.40
1669.00 2.22 19.39
1670.00 2.23 19.40
1671.00 2.22 19.41
1672.00 2.24 19.34
1673.00 2.22 19.38
1674.00 2.23 19.31
1675.00 2.23 19.31
1676.00 2.23 19.33
1677.00 2.24 19.26
1678.00 2.26 19.23
1679.00 2.26 19.18
1680.00 2.25 19.19
1681.00 2.25 19.20
1682.00 2.25 19.17
1683.00 2.27 19.17
1684.00 2.27 19.19
1685.00 2.28 19.21
1686.00 2.31 19.25
1687.00 2.33 19.27
1688.00 2.34 19.31
1689.00 2.35 19.32
1690.00 2.36 19.32
1691.00 2.38 19.38
1692.00 2.38 19.37
1693.00 2.40 19.41
1694.00 2.40 19.41
1695.00 2.41 19.38
1696.00 2.40 19.34
1697.00 2.41 19.43
1698.00 2.42 19.38
1699.00 2.41 19.40
1700.00 2.41 19.35
1701.00 2.44 19.34
1702.00 2.45 19.34
1703.00 2.44 19.35
1704.00 2.44 19.37
1705.00 2.43 19.40
1706.00 2.43 19.40
1707.00 2.42 19.37
1708.00 2.41 19.32
1709.00 2.43 19.41
1710.00 2.43 19.31
1711.00 2.41 19.26
1712.00 2.41 19.21
1713.00 2.40 19.21
1714.00 2.39 19.17
1715.00 2.40 19.14
1716.00 2.38 19.14
1717.00 2.38 19.13
1718.00 2.38 19.16
1719.00 2.37 19.10
1720.00 2.38 19.04
1721.00 2.41 19.00
1722.00 2.42 19.04
1723.00 2.43 18.98
1724.00 2.42 18.97
1725.00 2.44 18.94
1726.00 2.45 18.93
1727.00 2.45 18.91
1728.00 2.44 18.87
1729.00 2.43 18.89
1730.00 2.45 18.92
1731.00 2.45 18.98
1732.00 2.47 18.97
1733.00 2.47 18.95
1734.00 2.48 18.94
1735.00 2.49 18.92
1736.00 2.50 18.88
1737.00 2.51 18.80
1738.00 2.53 18.83
1739.00 2.55 18.83
1740.00 2.57 18.88
1741.00 2.61 18.85
1742.00 2.62 18.87
1743.00 2.62 18.86
1744.00 2.61 18.93
1745.00 2.59 18.89
1746.00 2.57 18.81
1747.00 2.57 18.76
1748.00 2.61 18.69
1749.00 2.60 18.73
1750.00 2.60 18.78
1751.00 2.58 18.76
1752.00 2.57 18.73
1753.00 2.57 18.70
1754.00 2.58 18.63
1755.00 2.58 18.60
1756.00 2.60 18.58
1757.00 2.62 18.56
1758.00 2.64 18.56
1759.00 2.65 18.57
1760.00 2.66 18.63
1761.00 2.68 18.59
1762.00 2.72 18.56
1763.00 2.73 18.53
1764.00 2.72 18.59
1765.00 2.72 18.65
1766.00 2.74 18.57
1767.00 2.74 18.45
1768.00 2.74 18.42
1769.00 2.73 18.50
1770.00 2.74 18.53
1771.00 2.76 18.55
1772.00 2.74 18.58
1773.00 2.72 18.59
1774.00 2.72 18.56
1775.00 2.72 18.49
1776.00 2.73 18.50
1777.00 2.71 18.51
1778.00 2.72 18.49
1779.00 2.71 18.52
1780.00 2.72 18.51
1781.00 2.72 18.53
1782.00 2.72 18.54
1783.00 2.73 18.56
1784.00 2.72 18.48
1785.00 2.73 18.45
1786.00 2.73 18.44
1787.00 2.74 18.48
1788.00 2.74 18.44
1789.00 2.76 18.44
1790.00 2.76 18.40
1791.00 2.75 18.42
1792.00 2.75 18.51
1793.00 2.74 18.52
1794.00 2.75 18.55
1795.00 2.74 18.54
1796.00 2.74 18.58
1797.00 2.75 18.56
1798.00 2.75 18.62
1799.00 2.75 18.53
1800.00 2.76 18.54
1801.00 2.76 18.55
1802.00 2.75 18.61
1803.00 2.76 18.62
1804.00 2.76 18.67
1805.00 2.75 18.63
1806.00 2.76 18.59
1807.00 2.74 18.63
1808.00 2.75 18.67
1809.00 2.74 18.74
1810.00 2.75 18.84
1811.00 2.76 18.80
1812.00 2.75 18.80
1813.00 2.76 18.81
1814.00 2.75 18.82
1815.00 2.76 18.86
1816.00 2.77 18.92
1817.00 2.76 18.86
1818.00 2.77 18.90
1819.00 2.76 18.91
1820.00 2.77 18.92
1821.00 2.75 18.95
1822.00 2.76 19.07
1823.00 2.77 19.04
1824.00 2.77 18.88
1825.00 2.75 18.84
1826.00 2.74 18.79
1827.00 2.74 18.75
1828.00 2.75 18.80
1829.00 2.76 18.84
1830.00 2.76 18.81
1831.00 2.75 18.75
1832.00 2.76 18.74
1833.00 2.74 18.64
1834.00 2.73 18.62
1835.00 2.74 18.62
1836.00 2.75 18.65
1837.00 2.75 18.60
1838.00 2.74 18.60
1839.00 2.73 18.61
1840.00 2.74 18.63
1841.00 2.73 18.66
1842.00 2.74 18.61
1843.00 2.73 18.56
1844.00 2.72 18.53
1845.00 2.71 18.51
1846.00 2.72 18.49
1847.00 2.72 18.50
1848.00 2.72 18.56
1849.00 2.72 18.48
1850.00 2.74 18.59
1851.00 2.72 18.51
1852.00 2.73 18.50
1853.00 2.73 18.50
1854.00 2.74 18.46
1855.00 2.73 18.41
1856.00 2.73 18.47
1857.00 2.73 18.48
1858.00 2.72 18.49
1859.00 2.72 18.51
1860.00 2.73 18.51
1861.00 2.73 18.48
1862.00 2.71 18.45
1863.00 2.72 18.45
1864.00 2.71 18.44
1865.00 2.70 18.37
1866.00 2.70 18.37
1867.00 2.70 18.29
1868.00 2.70 18.31
1869.00 2.71 18.31
1870.00 2.72 18.18
1871.00 2.70 18.20
1872.00 2.68 18.14
1873.00 2.67 18.06
1874.00 2.66 18.00
1875.00 2.67 18.05
1876.00 2.68 18.10
1877.00 2.68 18.10
1878.00 2.68 18.13
1879.00 2.68 18.08
1880.00 2.69 18.07
1881.00 2.67 17.99
1882.00 2.69 17.98
1883.00 2.67 18.01
1884.00 2.68 18.04
1885.00 2.68 17.98
1886.00 2.68 17.94
1887.00 2.67 17.85
1888.00 2.68 17.92
1889.00 2.67 17.93
1890.00 2.67 17.89
1891.00 2.68 17.91
1892.00 2.67 17.94
1893.00 2.69 18.01
1894.00 2.69 18.06
1895.00 2.70 18.04
1896.00 2.68 18.01
1897.00 2.67 17.99
1898.00 2.68 18.02
1899.00 2.66 18.00
1900.00 2.67 18.05
1901.00 2.67 18.01
1902.00 2.69 18.06
1903.00 2.69 18.02
1904.00 2.70 18.00
1905.00 2.69 18.02
1906.00 2.70 18.07
1907.00 2.72 18.09
1908.00 2.71 18.06
1909.00 2.71 18.02
1910.00 2.70 18.07
1911.00 2.72 18.05
1912.00 2.72 18.09
1913.00 2.73 17.99
1914.00 2.71 18.05
1915.00 2.68 18.03
1916.00 2.68 18.03
1917.00 2.66 18.08
1918.00 2.65 18.03
1919.00 2.64 18.01
1920.00 2.64 18.05
1921.00 2.66 18.00
1922.00 2.68 18.03
1923.00 2.67 18.04
1924.00 2.69 18.11
1925.00 2.69 18.11
1926.00 2.69 18.09
1927.00 2.68 18.08
1928.00 2.69 18.10
1929.00 2.70 18.13
1930.00 2.70 18.14
1931.00 2.70 18.03
1932.00 2.68 17.99
1933.00 2.68 17.90
1934.00 2.70 17.88
1935.00 2.67 17.90
1936.00 2.67 17.83
1937.00 2.64 17.78
1938.00 2.64 17.75
1939.00 2.64 17.79
1940.00 2.64 17.81
1941.00 2.63 17.74
1942.00 2.63 17.75
1943.00 2.61 17.81
1944.00 2.63 17.82
1945.00 2.63 17.92
1946.00 2.64 17.90
1947.00 2.64 17.93
1948.00 2.64 17.92
1949.00 2.64 17.98
1950.00 2.64 18.00
1951.00 2.64 18.07
1952.00 2.65 18.05
1953.00 2.65 18.06
1954.00 2.66 17.99
1955.00 2.65 18.03
1956.00 2.64 17.99
1957.00 2.62 18.03
1958.00 2.63 17.98
1959.00 2.61 18.06
1960.00 2.63 18.00
1961.00 2.63 18.01
1962.00 2.64 17.95
1963.00 2.63 17.98
1964.00 2.64 18.07
1965.00 2.63 18.08
1966.00 2.64 18.14
1967.00 2.63 18.05
1968.00 2.61 18.10
1969.00 2.62 18.14
1970.00 2.61 18.21
1971.00 2.62 18.19
1972.00 2.64 18.20
1973.00 2.63 18.21
1974.00 2.63 18.16
1975.00 2.60 18.13
1976.00 2.59 18.04
1977.00 2.63 18.03
1978.00 2.61 17.98
1979.00 2.61 18.06
1980.00 2.62 18.03
1981.00 2.61 18.12
1982.00 2.63 18.08
1983.00 2.62 18.11
1984.00 2.61 18.12
1985.00 2.62 18.14
1986.00 2.61 18.13
1987.00 2.61 18.19
1988.00 2.62 18.16
1989.00 2.62 18.17
1990.00 2.61 18.19
1991.00 2.61 18.13
1992.00 2.61 18.20
1993.00 2.61 18.13
1994.00 2.62 18.01
1995.00 2.63 18.00
1996.00 2.63 17.97
1997.00 2.64 17.92
1998.00 2.64 17.93
1999.00 2.66 17.94
2000.00 2.67 17.94
2001.00 2.65 17.89
2002.00 2.64 17.89
2003.00 2.63 17.83
2004.00 2.65 17.79
2005.00 2.66 17.72
2006.00 2.65 17.70
2007.00 2.67 17.72
2008.00 2.65 17.72
2009.00 2.65 17.74
2010.00 2.64 17.71
2011.00 2.64 17.75
2012.00 2.64 17.78
2013.00 2.63 17.79
2014.00 2.64 17.86
2015.00 2.65 17.90
2016.00 2.65 17.93
2017.00 2.67 17.93
2018.00 2.66 17.89
2019.00 2.68 17.94
2020.00 2.69 17.90
2021.00 2.68 17.97
2022.00 2.67 17.98
2023.00 2.68 17.92
2024.00 2.70 17.86
2025.00 2.70 17.76
2026.00 2.70 17.72
2027.00 2.70 17.76
2028.00 2.68 17.74
2029.00 2.70 17.79
2030.00 2.70 17.72
2031.00 2.70 17.67
2032.00 2.71 17.53
2033.00 2.71 17.51
2034.00 2.70 17.51
2035.00 2.71 17.52
2036.00 2.71 17.40
2037.00 2.71 17.41
2038.00 2.72 17.46
2039.00 2.71 17.39
2040.00 2.71 17.40
2041.00 2.71 17.39
2042.00 2.71 17.38
2043.00 2.71 17.35
2044.00 2.69 17.43
2045.00 2.70 17.33
2046.00 2.71 17.34
2047.00 2.70 17.30
2048.00 2.69 17.32
2049.00 2.69 17.24
2050.00 2.69 17.28
2051.00 2.70 17.26
2052.00 2.71 17.32
2053.00 2.72 17.36
2054.00 2.73 17.30
2055.00 2.72 17.27
2056.00 2.70 17.24
2057.00 2.74 17.33
2058.00 2.72 17.35
2059.00 2.72 17.38
2060.00 2.71 17.31
2061.00 2.70 17.32
2062.00 2.70 17.22
2063.00 2.72 17.18
2064.00 2.71 17.11
2065.00 2.71 17.15
2066.00 2.71 17.16
2067.00 2.71 17.17
2068.00 2.71 17.16
2069.00 2.71 17.19
2070.00 2.70 17.20
2071.00 2.70 17.19
2072.00 2.70 17.15
2073.00 2.69 17.10
2074.00 2.68 16.95
2075.00 2.70 16.97
2076.00 2.70 16.98
2077.00 2.70 16.94
2078.00 2.70 16.93
2079.00 2.70 16.93
2080.00 2.69 16.90
2081.00 2.69 16.83
2082.00 2.69 16.83
2083.00 2.68 16.84
2084.00 2.69 16.90
2085.00 2.68 16.90
2086.00 2.68 16.87
2087.00 2.69 16.90
2088.00 2.67 16.96
2089.00 2.67 16.89
2090.00 2.66 16.80
2091.00 2.65 16.70
2092.00 2.65 16.66
2093.00 2.63 16.75
2094.00 2.63 16.69
2095.00 2.65 16.71
2096.00 2.64 16.67
2097.00 2.65 16.68
2098.00 2.66 16.76
2099.00 2.63 16.83
2100.00 2.63 16.87
2101.00 2.63 16.86
2102.00 2.61 16.84
2103.00 2.61 16.78
2104.00 2.61 16.81
2105.00 2.60 16.76
2106.00 2.60 16.76
2107.00 2.59 16.77
2108.00 2.58 16.74
2109.00 2.59 16.75
2110.00 2.59 16.75
2111.00 2.59 16.70
2112.00 2.59 16.66
2113.00 2.61 16.63
2114.00 2.60 16.51
2115.00 2.61 16.50
2116.00 2.60 16.46
2117.00 2.61 16.51
2118.00 2.62 16.49
2119.00 2.62 16.49
2120.00 2.61 16.52
2121.00 2.62 16.49
2122.00 2.62 16.47
2123.00 2.61 16.56
2124.00 2.62 16.49
2125.00 2.60 16.47
2126.00 2.61 16.51
2127.00 2.62 16.47
2128.00 2.61 16.52
2129.00 2.64 16.46
2130.00 2.65 16.52
2131.00 2.65 16.53
2132.00 2.66 16.54
2133.00 2.66 16.60
2134.00 2.66 16.58
2135.00 2.66 16.46
2136.00 2.67 16.50
2137.00 2.66 16.48
2138.00 2.66 16.52
2139.00 2.66 16.52
2140.00 2.65 16.53
2141.00 2.65 16.52
2142.00 2.63 16.49
2143.00 2.63 16.50
2144.00 2.64 16.49
2145.00 2.64 16.54
2146.00 2.64 16.53
2147.00 2.66 16.52
2148.00 2.66 16.49
2149.00 2.70 16.52
2150.00 2.70 16.55
2151.00 2.70 16.57
2152.00 2.71 16.56
2153.00 2.68 16.55
2154.00 2.70 16.54
2155.00 2.70 16.49
2156.00 2.71 16.51
2157.00 2.71 16.50
2158.00 2.72 16.43
2159.00 2.75 16.41
2160.00 2.75 16.45
2161.00 2.74 16.43
2162.00 2.73 16.44
2163.00 2.73 16.42
2164.00 2.74 16.55
2165.00 2.75 16.57
2166.00 2.73 16.56
2167.00 2.73 16.52
2168.00 2.74 16.44
2169.00 2.71 16.45
2170.00 2.71 16.40
2171.00 2.72 16.39
2172.00 2.71 16.43
2173.00 2.69 16.38
2174.00 2.70 16.39
2175.00 2.71 16.32
2176.00 2.70 16.38
2177.00 2.69 16.30
2178.00 2.69 16.29
2179.00 2.69 16.27
2180.00 2.70 16.29
2181.00 2.70 16.22
2182.00 2.69 16.31
2183.00 2.69 16.30
2184.00 2.69 16.22
2185.00 2.69 16.22
2186.00 2.71 16.30
2187.00 2.71 16.30
2188.00 2.70 16.39
2189.00 2.72 16.43
2190.00 2.73 16.41
2191.00 2.70 16.36
2192.00 2.70 16.28
2193.00 2.69 16.17
2194.00 2.70 16.10
2195.00 2.71 16.09
2196.00 2.70 16.08
2197.00 2.69 16.12
2198.00 2.71 16.17
2199.00 2.71 16.11
2200.00 2.73 16.13
2201.00 2.72 16.09
2202.00 2.72 16.13
2203.00 2.74 16.13
2204.00 2.73 16.08
2205.00 2.72 16.08
2206.00 2.72 16.06
2207.00 2.72 16.10
2208.00 2.72 16.09
2209.00 2.72 16.05
2210.00 2.72 16.06
2211.00 2.73 16.02
2212.00 2.74 16.07
2213.00 2.74 16.06
2214.00 2.74 16.05
2215.00 2.75 15.97
2216.00 2.76 16.01
2217.00 2.77 16.02
2218.00 2.78 16.04
2219.00 2.78 16.11
2220.00 2.79 16.13
2221.00 2.80 16.21
2222.00 2.81 16.21
2223.00 2.81 16.24
2224.00 2.80 16.20
2225.00 2.82 16.14
2226.00 2.82 16.05
2227.00 2.82 16.01
2228.00 2.80 16.00
2229.00 2.79 16.07
2230.00 2.79 16.08
2231.00 2.80 16.08
2232.00 2.80 16.06
2233.00 2.78 16.02
2234.00 2.77 16.04
2235.00 2.75 16.06
2236.00 2.74 16.02
2237.00 2.75 16.03
2238.00 2.75 15.92
2239.00 2.74 15.89
2240.00 2.74 15.85
2241.00 2.73 15.81
2242.00 2.73 15.79
2243.00 2.75 15.68
2244.00 2.75 15.77
2245.00 2.75 15.73
2246.00 2.76 15.68
2247.00 2.77 15.77
2248.00 2.78 15.78
2249.00 2.77 15.84
2250.00 2.80 15.90
2251.00 2.80 15.92
2252.00 2.78 16.00
2253.00 2.78 16.05
2254.00 2.78 16.07
2255.00 2.77 16.06
2256.00 2.76 15.99
2257.00 2.77 15.92
2258.00 2.77 15.89
2259.00 2.78 15.92
2260.00 2.77 15.92
2261.00 2.77 15.91
2262.00 2.77 15.84
2263.00 2.78 15.82
2264.00 2.79 15.87
2265.00 2.79 15.84
2266.00 2.79 15.83
2267.00 2.80 15.84
2268.00 2.81 15.87
2269.00 2.81 15.87
2270.00 2.81 15.84
2271.00 2.81 15.76
2272.00 2.81 15.77
2273.00 2.82 15.77
2274.00 2.80 15.81
2275.00 2.81 15.85
2276.00 2.81 15.92
2277.00 2.83 15.90
2278.00 2.84 15.92
2279.00 2.85 15.89
2280.00 2.84 15.95
2281.00 2.85 15.94
2282.00 2.85 15.96
2283.00 2.86 16.00
2284.00 2.85 15.93
2285.00 2.84 15.94
2286.00 2.86 15.90
2287.00 2.85 15.87
2288.00 2.85 15.90
2289.00 2.86 15.87
2290.00 2.86 16.01
2291.00 2.88 16.04
2292.00 2.86 16.09
2293.00 2.85 16.05
2294.00 2.84 16.06
2295.00 2.84 16.12
2296.00 2.87 16.13
2297.00 2.87 16.17
2298.00 2.87 16.11
2299.00 2.87 16.00
2300.00 2.87 16.01
2301.00 2.86 16.04
2302.00 2.85 16.02
2303.00 2.86 15.94
2304.00 2.86 15.95
2305.00 2.86 15.86
2306.00 2.87 15.87
2307.00 2.86 15.85
2308.00 2.86 15.80
2309.00 2.86 15.80
2310.00 2.86 15.80
2311.00 2.86 15.86
2312.00 2.85 15.87
2313.00 2.83 15.86
2314.00 2.83 15.90
2315.00 2.81 15.90
2316.00 2.82 15.82
2317.00 2.82 15.81
2318.00 2.82 15.88
2319.00 2.82 15.87
2320.00 2.82 15.93
2321.00 2.84 15.92
2322.00 2.85 15.97
2323.00 2.86 15.96
2324.00 2.87 15.99
2325.00 2.85 16.04
2326.00 2.85 16.02
2327.00 2.83 16.00
2328.00 2.84 15.89
2329.00 2.85 15.93
2330.00 2.85 15.95
2331.00 2.85 16.02
2332.00 2.86 16.03
2333.00 2.87 16.07
2334.00 2.86 16.08
2335.00 2.85 16.12
2336.00 2.84 16.08
2337.00 2.84 16.13
2338.00 2.83 16.07
2339.00 2.83 16.00
2340.00 2.83 15.93
2341.00 2.83 15.96
2342.00 2.84 15.95
2343.00 2.82 15.92
2344.00 2.83 15.92
2345.00 2.82 15.89
2346.00 2.82 15.96
2347.00 2.81 15.94
2348.00 2.80 15.93
2349.00 2.79 15.97
2350.00 2.77 15.98
2351.00 2.78 16.00
2352.00 2.79 15.97
2353.00 2.80 15.97
2354.00 2.80 15.90
2355.00 2.81 15.89
2356.00 2.79 15.88
2357.00 2.79 15.94
2358.00 2.80 15.86
2359.00 2.80 15.86
2360.00 2.80 15.86
2361.00 2.79 15.89
2362.00 2.77 15.95
2363.00 2.79 15.92
2364.00 2.80 15.85
2365.00 2.79 15.87
2366.00 2.79 15.78
2367.00 2.78 15.80
2368.00 2.78 15.74
2369.00 2.78 15.78
2370.00 2.77 15.74
2371.00 2.78 15.68
2372.00 2.77 15.69
2373.00 2.75 15.63
2374.00 2.75 15.64
2375.00 2.77 15.65
2376.00 2.78 15.62
2377.00 2.78 15.64
2378.00 2.78 15.64
2379.00 2.77 15.63
2380.00 2.77 15.63
2381.00 2.77 15.54
2382.00 2.79 15.52
2383.00 2.78 15.50
2384.00 2.77 15.47
2385.00 2.79 15.39
2386.00 2.81 15.35
2387.00 2.81 15.39
2388.00 2.83 15.38
2389.00 2.84 15.44
2390.00 2.85 15.47
2391.00 2.85 15.58
2392.00 2.85 15.51
2393.00 2.85 15.50
2394.00 2.86 15.46
2395.00 2.83 15.45
2396.00 2.85 15.45
2397.00 2.84 15.51
2398.00 2.83 15.54
2399.00 2.82 15.50
2400.00 2.83 15.49
2401.00 2.82 15.43
2402.00 2.81 15.44
2403.00 2.80 15.46
2404.00 2.79 15.53
2405.00 2.80 15.50
2406.00 2.80 15.56
2407.00 2.79 15.57
2408.00 2.79 15.54
2409.00 2.80 15.50
2410.00 2.81 15.54
2411.00 2.81 15.54
2412.00 2.80 15.55
2413.00 2.78 15.46
2414.00 2.78 15.48
2415.00 2.76 15.53
2416.00 2.78 15.51
2417.00 2.78 15.50
2418.00 2.78 15.41
2419.00 2.78 15.40
2420.00 2.78 15.36
2421.00 2.79 15.28
2422.00 2.80 15.34
2423.00 2.79 15.35
2424.00 2.79 15.36
2425.00 2.79 15.28
2426.00 2.78 15.26
2427.00 2.79 15.25
2428.00 2.78 15.30
2429.00 2.78 15.29
2430.00 2.77 15.14
2431.00 2.76 15.17
2432.00 2.76 15.13
2433.00 2.75 15.11
2434.00 2.75 15.08
2435.00 2.73 15.00
2436.00 2.72 15.01
2437.00 2.71 15.12
2438.00 2.69 15.14
2439.00 2.69 15.12
2440.00 2.70 15.06
2441.00 2.69 15.04
2442.00 2.68 15.02
2443.00 2.68 15.09
2444.00 2.67 15.09
2445.00 2.67 15.06
2446.00 2.66 15.02
2447.00 2.67 14.97
2448.00 2.68 14.94
2449.00 2.70 14.95
2450.00 2.70 15.03
2451.00 2.71 15.08
2452.00 2.72 15.10
2453.00 2.74 15.08
2454.00 2.74 15.03
2455.00 2.75 15.03
2456.00 2.75 15.03
2457.00 2.75 15.02
2458.00 2.74 14.99
2459.00 2.74 14.99
2460.00 2.75 15.02
2461.00 2.75 14.99
2462.00 2.77 14.96
2463.00 2.77 14.99
2464.00 2.79 14.95
2465.00 2.80 14.94
2466.00 2.81 14.92
2467.00 2.84 14.88
2468.00 2.85 14.92
2469.00 2.84 14.91
2470.00 2.85 14.88
2471.00 2.85 14.80
2472.00 2.84 14.81
2473.00 2.84 14.71
2474.00 2.85 14.81
2475.00 2.83 14.81
2476.00 2.82 14.76
2477.00 2.81 14.79
2478.00 2.81 14.81
2479.00 2.83 14.77
2480.00 2.84 14.70
2481.00 2.85 14.74
2482.00 2.85 14.74
2483.00 2.86 14.75
2484.00 2.85 14.64
2485.00 2.84 14.74
2486.00 2.86 14.71
2487.00 2.85 14.78
2488.00 2.86 14.81
2489.00 2.84 14.88
2490.00 2.85 14.77
2491.00 2.84 14.76
2492.00 2.82 14.68
2493.00 2.82 14.65
2494.00 2.81 14.58
2495.00 2.82 14.53
2496.00 2.82 14.54
2497.00 2.82 14.53
2498.00 2.81 14.49
2499.00 2.80 14.46
2500.00 2.81 14.49
2501.00 2.80 14.53
2502.00 2.81 14.55
2503.00 2.80 14.45
2504.00 2.80 14.41
2505.00 2.78 14.40
2506.00 2.78 14.40
2507.00 2.78 14.45
2508.00 2.77 14.46
2509.00 2.77 14.48
2510.00 2.76 14.46
2511.00 2.76 14.46
2512.00 2.74 14.48
2513.00 2.72 14.48
2514.00 2.73 14.51
2515.00 2.73 14.54
2516.00 2.73 14.65
2517.00 2.73 14.65
2518.00 2.74 14.71
2519.00 2.74 14.69
2520.00 2.75 14.70
2521.00 2.74 14.72
2522.00 2.75 14.68
2523.00 2.76 14.66
2524.00 2.76 14.60
2525.00 2.75 14.64
2526.00 2.76 14.60
2527.00 2.76 14.56
2528.00 2.74 14.56
2529.00 2.75 14.58
2530.00 2.73 14.55
2531.00 2.75 14.56
2532.00 2.76 14.55
2533.00 2.76 14.48
2534.00 2.77 14.52
2535.00 2.75 14.45
2536.00 2.75 14.41
2537.00 2.76 14.36
2538.00 2.75 14.29
2539.00 2.77 14.25
2540.00 2.77 14.19
2541.00 2.76 14.20
2542.00 2.76 14.23
2543.00 2.76 14.29
2544.00 2.75 14.28
2545.00 2.75 14.39
2546.00 2.76 14.44
2547.00 2.76 14.45
2548.00 2.74 14.43
2549.00 2.75 14.33
2550.00 2.75 14.33
2551.00 2.74 14.26
2552.00 2.75 14.24
2553.00 2.75 14.18
2554.00 2.76 14.23
2555.00 2.76 14.27
2556.00 2.75 14.27
2557.00 2.76 14.21
2558.00 2.76 14.14
2559.00 2.75 14.13
2560.00 2.76 14.17
2561.00 2.75 14.15
2562.00 2.75 14.25
2563.00 2.76 14.26
2564.00 2.76 14.26
2565.00 2.78 14.25
2566.00 2.79 14.26
2567.00 2.77 14.30
2568.00 2.77 14.39
2569.00 2.77 14.38
2570.00 2.77 14.41
2571.00 2.78 14.36
2572.00 2.75 14.43
2573.00 2.74 14.38
2574.00 2.73 14.34
2575.00 2.71 14.27
2576.00 2.71 14.24
2577.00 2.70 14.21
2578.00 2.69 14.18
2579.00 2.69 14.20
2580.00 2.68 14.18
2581.00 2.69 14.24
2582.00 2.70 14.31
2583.00 2.69 14.29
2584.00 2.69 14.30
2585.00 2.70 14.27
2586.00 2.69 14.28
2587.00 2.70 14.25
2588.00 2.70 14.19
2589.00 2.68 14.15
2590.00 2.68 14.22
2591.00 2.69 14.21
2592.00 2.67 14.22
2593.00 2.68 14.15
2594.00 2.69 14.08
2595.00 2.68 14.08
2596.00 2.69 14.14
2597.00 2.68 14.07
2598.00 2.67 14.19
2599.00 2.67 14.12
2600.00 2.66 14.04
2601.00 2.66 14.01
2602.00 2.66 14.03
2603.00 2.65 14.03
2604.00 2.65 13.98
2605.00 2.65 13.95
2606.00 2.65 13.96
2607.00 2.65 13.98
2608.00 2.67 13.94
2609.00 2.66 13.95
2610.00 2.68 13.93
2611.00 2.69 13.96
2612.00 2.68 14.00
2613.00 2.70 13.91
2614.00 2.69 13.96
2615.00 2.71 13.93
2616.00 2.71 13.90
2617.00 2.71 13.90
2618.00 2.71 13.89
2619.00 2.70 13.91
2620.00 2.68 13.92
2621.00 2.69 14.00
2622.00 2.69 13.99
2623.00 2.69 13.98
2624.00 2.68 14.04
2625.00 2.69 13.97
2626.00 2.69 13.95
2627.00 2.70 13.95
2628.00 2.71 13.87
2629.00 2.72 13.97
2630.00 2.72 13.90
2631.00 2.74 13.90
2632.00 2.74 13.86
2633.00 2.73 13.84
2634.00 2.72 13.82
2635.00 2.73 13.78
2636.00 2.73 13.80
2637.00 2.73 13.79
2638.00 2.73 13.73
2639.00 2.72 13.70
2640.00 2.73 13.65
2641.00 2.73 13.67
2642.00 2.71 13.71
2643.00 2.72 13.77
2644.00 2.73 13.82
2645.00 2.72 13.95
2646.00 2.73 14.01
2647.00 2.74 13.98
2648.00 2.74 13.93
2649.00 2.74 13.90
2650.00 2.73 13.85
2651.00 2.75 13.78
2652.00 2.74 13.66
2653.00 2.74 13.63
2654.00 2.75 13.65
2655.00 2.74 13.65
2656.00 2.74 13.67
2657.00 2.75 13.70
2658.00 2.74 13.63
2659.00 2.76 13.61
2660.00 2.76 13.58
2661.00 2.76 13.54
2662.00 2.77 13.51
2663.00 2.77 13.54
2664.00 2.77 13.56
2665.00 2.77 13.59
2666.00 2.76 13.55
2667.00 2.74 13.53
2668.00 2.76 13.55
2669.00 2.76 13.53
2670.00 2.74 13.52
2671.00 2.74 13.53
2672.00 2.73 13.64
2673.00 2.72 13.60
2674.00 2.72 13.56
2675.00 2.70 13.55
2676.00 2.70 13.58
2677.00 2.70 13.60
2678.00 2.69 13.65
2679.00 2.70 13.61
2680.00 2.71 13.66
2681.00 2.71 13.72
2682.00 2.71 13.70
2683.00 2.71 13.65
2684.00 2.70 13.55
2685.00 2.69 13.52
2686.00 2.69 13.43
2687.00 2.70 13.46
2688.00 2.70 13.43
2689.00 2.71 13.47
2690.00 2.72 13.45
2691.00 2.72 13.42
2692.00 2.71 13.38
2693.00 2.71 13.39
2694.00 2.71 13.47
2695.00 2.72 13.44
2696.00 2.72 13.38
2697.00 2.73 13.31
2698.00 2.72 13.29
2699.00 2.71 13.27
2700.00 2.73 13.29
2701.00 2.73 13.32
2702.00 2.74 13.26
2703.00 2.73 13.16
2704.00 2.75 13.12
2705.00 2.76 13.13
2706.00 2.74 13.11
2707.00 2.74 13.17
2708.00 2.74 13.17
2709.00 2.74 13.13
2710.00 2.74 13.10
2711.00 2.74 13.06
2712.00 2.73 13.07
2713.00 2.71 13.07
2714.00 2.73 13.13
2715.00 2.74 13.14
2716.00 2.73 13.06
2717.00 2.74 13.01
2718.00 2.73 12.94
2719.00 2.74 12.96
2720.00 2.74 12.92
2721.00 2.73 12.91
2722.00 2.72 12.84
2723.00 2.74 12.87
2724.00 2.73 12.80
2725.00 2.73 12.86
2726.00 2.73 12.81
2727.00 2.75 12.93
2728.00 2.76 12.90
2729.00 2.76 12.89
2730.00 2.77 12.83
2731.00 2.77 12.80
2732.00 2.78 12.88
2733.00 2.78 12.91
2734.00 2.77 12.95
2735.00 2.77 12.87
2736.00 2.76 12.90
2737.00 2.77 12.91
2738.00 2.77 12.93
2739.00 2.76 12.86
2740.00 2.74 12.84
2741.00 2.73 12.88
2742.00 2.74 12.80
2743.00 2.73 12.79
2744.00 2.73 12.79
2745.00 2.72 12.83
2746.00 2.73 12.83
2747.00 2.73 12.77
2748.00 2.73 12.77
2749.00 2.74 12.79
2750.00 2.74 12.81
2751.00 2.73 12.84
2752.00 2.73 12.85
2753.00 2.72 12.88
2754.00 2.72 12.92
2755.00 2.73 12.84
2756.00 2.76 12.83
2757.00 2.75 12.78
2758.00 2.75 12.79
2759.00 2.76 12.79
2760.00 2.75 12.80
2761.00 2.75 12.82
2762.00 2.76 12.80
2763.00 2.75 12.82
2764.00 2.75 12.82
2765.00 2.76 12.85
2766.00 2.75 12.88
2767.00 2.74 12.89
2768.00 2.74 12.99
2769.00 2.74 12.99
2770.00 2.75 12.95
2771.00 2.73 12.97
2772.00 2.71 13.00
2773.00 2.70 13.05
2774.00 2.70 12.97
2775.00 2.70 12.96
2776.00 2.69 12.98
2777.00 2.69 13.06
2778.00 2.67 13.08
2779.00 2.66 13.13
2780.00 2.66 13.15
2781.00 2.66 13.14
2782.00 2.66 13.10
2783.00 2.65 13.13
2784.00 2.65 13.17
2785.00 2.65 13.23
2786.00 2.63 13.27
2787.00 2.64 13.36
2788.00 2.63 13.33
2789.00 2.62 13.35
2790.00 2.61 13.38
2791.00 2.61 13.37
2792.00 2.62 13.31
2793.00 2.63 13.26
2794.00 2.64 13.27
2795.00 2.64 13.30
2796.00 2.63 13.29
2797.00 2.62 13.26
2798.00 2.60 13.27
2799.00 2.60 13.29
2800.00 2.59 13.26
2801.00 2.59 13.32
2802.00 2.60 13.33
2803.00 2.61 13.34
2804.00 2.62 13.38
2805.00 2.62 13.38
2806.00 2.62 13.35
2807.00 2.59 13.34
2808.00 2.61 13.27
2809.00 2.60 13.28
2810.00 2.60 13.25
2811.00 2.59 13.31
2812.00 2.59 13.32
2813.00 2.59 13.37
2814.00 2.59 13.34
2815.00 2.58 13.33
2816.00 2.59 13.33
2817.00 2.59 13.35
2818.00 2.60 13.33
2819.00 2.59 13.26
2820.00 2.60 13.22
2821.00 2.59 13.27
2822.00 2.58 13.34
2823.00 2.57 13.33
2824.00 2.56 13.40
2825.00 2.55 13.33
2826.00 2.55 13.32
2827.00 2.56 13.23
2828.00 2.56 13.20
2829.00 2.56 13.27
2830.00 2.56 13.29
2831.00 2.56 13.33
2832.00 2.57 13.25
2833.00 2.57 13.27
2834.00 2.56 13.31
2835.00 2.56 13.33
2836.00 2.55 13.34
2837.00 2.54 13.31
2838.00 2.53 13.37
2839.00 2.53 13.41
2840.00 2.54 13.40
2841.00 2.53 13.46
2842.00 2.52 13.46
2843.00 2.52 13.48
2844.00 2.52 13.44
2845.00 2.52 13.45
2846.00 2.51 13.42
2847.00 2.51 13.38
2848.00 2.51 13.36
2849.00 2.52 13.34
2850.00 2.52 13.31
2851.00 2.52 13.39
2852.00 2.51 13.42
2853.00 2.52 13.52
2854.00 2.53 13.48
2855.00 2.55 13.47
2856.00 2.53 13.42
2857.00 2.52 13.51
2858.00 2.51 13.46
2859.00 2.51 13.46
2860.00 2.52 13.45
2861.00 2.51 13.39
2862.00 2.51 13.44
2863.00 2.51 13.42
2864.00 2.51 13.40
2865.00 2.50 13.36
2866.00 2.50 13.29
2867.00 2.51 13.33
2868.00 2.52 13.35
2869.00 2.52 13.38
2870.00 2.51 13.36
2871.00 2.50 13.43
2872.00 2.50 13.43
2873.00 2.50 13.43
2874.00 2.49 13.43
2875.00 2.50 13.40
2876.00 2.51 13.39
2877.00 2.53 13.42
2878.00 2.53 13.38
2879.00 2.53 13.37
2880.00 2.53 13.27
2881.00 2.52 13.22
2882.00 2.52 13.14
2883.00 2.52 13.19
2884.00 2.50 13.14
2885.00 2.51 13.22
2886.00 2.49 13.17
2887.00 2.48 13.23
2888.00 2.49 13.17
2889.00 2.49 13.21
2890.00 2.48 13.20
2891.00 2.48 13.24
2892.00 2.46 13.25
2893.00 2.45 13.17
2894.00 2.45 13.16
2895.00 2.44 13.11
2896.00 2.42 13.16
2897.00 2.41 13.11
2898.00 2.41 13.13
2899.00 2.41 13.12
2900.00 2.39 13.14
2901.00 2.40 13.17
2902.00 2.38 13.20
2903.00 2.37 13.20
2904.00 2.36 13.19
2905.00 2.36 13.13
2906.00 2.37 13.11
2907.00 2.36 13.18
2908.00 2.36 13.14
2909.00 2.37 13.18
2910.00 2.36 13.17
2911.00 2.38 13.13
2912.00 2.37 13.10
2913.00 2.38 13.10
2914.00 2.38 13.14
2915.00 2.38 13.15
2916.00 2.36 13.19
2917.00 2.34 13.12
2918.00 2.36 13.10
2919.00 2.37 13.13
2920.00 2.38 13.19
2921.00 2.37 13.22
2922.00 2.38 13.27
2923.00 2.38 13.23
2924.00 2.37 13.24
2925.00 2.38 13.24
2926.00 2.39 13.27
2927.00 2.40 13.30
2928.00 2.39 13.37
2929.00 2.39 13.32
2930.00 2.39 13.34
2931.00 2.40 13.31
2932.00 2.39 13.37
