0.00 3.14 33.58
1.00 3.14 33.58
2.00 3.14 33.58
3.00 3.14 33.58
4.00 3.14 33.58
5.00 3.14 33.58
6.00 3.14 33.58
7.00 3.14 33.58
8.00 3.14 33.58
9.00 3.14 33.58
10.00 3.14 33.58
11.00 3.14 33.58
12.00 3.14 33.58
13.00 3.14 33.58
14.00 3.14 33.58
15.00 3.14 33.58
16.00 3.14 33.58
17.00 3.14 33.58
18.00 3.14 33.58
19.00 3.14 33.58
20.00 3.14 33.58
21.00 3.14 33.58
22.00 3.14 33.58
23.00 3.14 33.58
24.00 3.14 33.58
25.00 3.14 33.58
26.00 3.14 33.58
27.00 3.14 33.58
28.00 3.14 33.58
29.00 3.14 33.58
30.00 3.14 33.58
31.00 3.14 33.58
32.00 3.14 33.58
33.00 3.14 33.58
34.00 3.14 33.58
35.00 3.14 33.58
36.00 3.14 33.58
37.00 3.14 33.58
38.00 3.14 33.58
39.00 3.14 33.58
40.00 3.14 33.58
41.00 3.14 33.58
42.00 3.14 33.58
43.00 3.14 33.58
44.00 3.14 33.58
45.00 3.14 33.58
46.00 3.14 33.58
47.00 3.14 33.58
48.00 3.14 33.58
49.00 3.14 33.58
50.00 3.14 33.58
51.00 3.14 33.58
52.00 3.14 33.58
53.00 3.14 33.58
54.00 3.14 33.58
55.00 3.14 33.58
56.00 3.14 33.58
57.00 3.14 33.58
58.00 3.14 33.58
59.00 3.14 33.58
60.00 3.14 33.58
61.00 3.14 33.58
62.00 3.14 33.58
63.00 3.14 33.58
64.00 3.14 33.58
65.00 3.14 33.58
66.00 3.14 33.58
67.00 3.14 33.58
68.00 3.14 33.58
69.00 3.14 33.58
70.00 3.14 33.58
71.00 3.14 33.58
72.00 3.14 33.58
73.00 3.14 33.58
74.00 3.14 33.58
75.00 3.14 33.58
76.00 3.14 33.58
77.00 3.14 33.58
78.00 3.14 33.58
79.00 3.14 33.58
80.00 3.14 33.58
81.00 3.14 33.58
82.00 3.14 33.58
83.00 3.14 33.58
84.00 3.14 33.58
85.00 3.14 33.58
86.00 3.14 33.58
87.00 3.14 33.58
88.00 3.14 33.58
89.00 3.14 33.58
90.00 3.14 33.58
91.00 3.14 33.58
92.00 3.14 33.58
93.00 3.14 33.58
94.00 3.14 33.58
95.00 3.14 33.58
96.00 3.14 33.58
97.00 3.14 33.58
98.00 3.14 33.58
99.00 3.14 33.58
100.00 3.14 33.58
101.00 3.14 33.58
102.00 3.14 33.58
103.00 3.14 33.58
104.00 3.14 33.58
105.00 3.14 33.58
106.00 3.14 33.58
107.00 3.14 33.58
108.00 3.14 33.58
109.00 3.14 33.58
110.00 3.14 33.58
111.00 3.14 33.58
112.00 3.14 33.58
113.00 3.14 33.58
114.00 3.14 33.58
115.00 3.14 33.58
116.00 3.14 33.58
117.00 3.14 33.58
118.00 3.14 33.58
119.00 3.14 33.58
120.00 3.14 33.58
121.00 3.14 33.58
122.00 3.14 33.58
123.00 3.14 33.58
124.00 3.14 33.58
125.00 3.14 33.58
126.00 3.14 33.58
127.00 3.14 33.58
128.00 3.14 33.58
129.00 3.14 33.58
130.00 3.14 33.58
131.00 3.14 33.58
132.00 3.14 33.58
133.00 3.14 33.58
134.00 3.14 33.58
135.00 3.14 33.58
136.00 3.14 33.58
137.00 3.14 33.58
138.00 3.14 33.58
139.00 3.14 33.58
140.00 3.14 33.58
141.00 3.14 33.58
142.00 3.14 33.58
143.00 3.14 33.58
144.00 3.14 33.58
145.00 3.14 33.58
146.00 3.14 33.58
147.00 3.14 33.58
148.00 3.14 33.58
149.00 3.14 33.58
150.00 3.14 33.58
151.00 3.14 33.58
152.00 3.14 33.58
153.00 3.14 33.58
154.00 3.14 33.58
155.00 3.14 33.58
156.00 3.14 33.58
157.00 3.14 33.58
158.00 3.14 33.58
159.00 3.14 33.58
160.00 3.14 33.58
161.00 3.14 33.58
162.00 3.14 33.58
163.00 3.14 33.58
164.00 3.14 33.58
165.00 3.14 33.58
166.00 3.14 33.58
167.00 3.14 33.58
168.00 3.14 33.58
169.00 3.14 33.58
170.00 3.14 33.58
171.00 3.14 33.58
172.00 3.14 33.58
173.00 3.14 33.58
174.00 3.14 33.58
175.00 3.14 33.58
176.00 3.14 33.58
177.00 3.14 33.58
178.00 3.14 33.58
179.00 3.14 33.58
180.00 3.14 33.58
181.00 3.14 33.58
182.00 3.14 33.58
183.00 3.14 33.58
184.00 3.14 33.58
185.00 3.14 33.58
186.00 3.14 33.58
187.00 3.14 33.58
188.00 3.14 33.58
189.00 3.14 33.58
190.00 3.14 33.58
191.00 3.14 33.58
192.00 3.14 33.58
193.00 3.14 33.58
194.00 3.14 33.58
195.00 3.14 33.58
196.00 3.14 33.58
197.00 3.14 33.58
198.00 3.14 33.58
199.00 3.14 33.58
200.00 3.14 33.58
201.00 3.14 33.58
202.00 3.14 33.58
203.00 3.14 33.58
204.00 3.14 33.58
205.00 3.14 33.58
206.00 3.14 33.58
207.00 3.14 33.58
208.00 3.14 33.58
209.00 3.14 33.58
210.00 3.14 33.58
211.00 3.14 33.58
212.00 3.14 33.58
213.00 3.14 33.58
214.00 3.14 33.58
215.00 3.14 33.58
216.00 3.14 33.58
217.00 3.14 33.58
218.00 3.14 33.58
219.00 3.14 33.58
220.00 3.14 33.58
221.00 3.14 33.58
222.00 3.14 33.58
223.00 3.14 33.58
224.00 3.14 33.58
225.00 3.14 33.58
226.00 3.14 33.58
227.00 3.14 33.58
228.00 3.14 33.58
229.00 3.14 33.58
230.00 3.14 33.58
231.00 3.14 33.58
232.00 3.14 33.58
233.00 3.14 33.58
234.00 3.14 33.58
235.00 3.14 33.58
236.00 3.14 33.58
237.00 3.14 33.58
238.00 3.14 33.58
239.00 3.14 33.58
240.00 3.14 33.58
241.00 3.14 33.58
242.00 3.14 33.58
243.00 3.14 33.58
244.00 3.14 33.58
245.00 3.14 33.58
246.00 3.14 33.58
247.00 3.14 33.58
248.00 3.14 33.58
249.00 3.14 33.58
250.00 3.14 33.58
251.00 3.14 33.58
252.00 3.14 33.58
253.00 3.14 33.58
254.00 3.14 33.58
255.00 3.14 33.58
256.00 3.14 33.58
257.00 3.14 33.58
258.00 3.14 33.58
259.00 3.14 33.58
260.00 3.14 33.58
261.00 3.14 33.58
262.00 3.14 33.58
263.00 3.14 33.58
264.00 3.14 33.58
265.00 3.14 33.58
266.00 3.14 33.58
267.00 3.14 33.58
268.00 3.14 33.58
269.00 3.14 33.58
270.00 3.14 33.58
271.00 3.14 33.58
272.00 3.14 33.58
273.00 3.14 33.58
274.00 3.14 33.58
275.00 3.14 33.58
276.00 3.14 33.58
277.00 3.14 33.58
278.00 3.14 33.58
279.00 3.14 33.58
280.00 3.14 33.58
281.00 3.14 33.58
282.00 3.14 33.58
283.00 3.14 33.58
284.00 3.14 33.58
285.00 3.14 33.58
286.00 3.14 33.58
287.00 3.14 33.58
288.00 3.14 33.58
289.00 3.14 33.58
290.00 3.14 33.58
291.00 3.14 33.58
292.00 3.14 33.58
293.00 3.14 33.58
294.00 3.14 33.58
295.00 3.14 33.58
296.00 3.14 33.58
297.00 3.14 33.58
298.00 3.14 33.58
299.00 3.14 33.58
300.00 3.14 33.58
301.00 3.14 33.58
302.00 3.14 33.58
303.00 3.14 33.58
304.00 3.14 33.58
305.00 3.14 33.58
306.00 3.14 33.58
307.00 3.14 33.58
308.00 3.14 33.58
309.00 3.14 33.58
310.00 3.14 33.58
311.00 3.14 33.58
312.00 3.14 33.58
313.00 3.14 33.58
314.00 3.14 33.58
315.00 3.14 33.58
316.00 3.14 33.58
317.00 3.14 33.58
318.00 3.14 33.58
319.00 3.14 33.58
320.00 3.14 33.58
321.00 3.14 33.58
322.00 3.14 33.58
323.00 3.14 33.58
324.00 3.14 33.58
325.00 3.14 33.58
326.00 3.14 33.58
327.00 3.14 33.58
328.00 3.14 33.58
329.00 3.14 33.58
330.00 3.14 33.58
331.00 3.14 33.58
332.00 3.14 33.58
333.00 3.14 33.58
334.00 3.14 33.58
335.00 3.14 33.58
336.00 3.14 33.58
337.00 3.14 33.58
338.00 3.14 33.58
339.00 3.14 33.58
340.00 3.14 33.58
341.00 3.14 33.58
342.00 3.14 33.58
343.00 3.14 33.58
344.00 3.14 33.58
345.00 3.14 33.58
346.00 3.14 33.58
347.00 3.14 33.58
348.00 3.14 33.58
349.00 3.14 33.58
350.00 3.14 33.58
351.00 3.14 33.58
352.00 3.14 33.58
353.00 3.14 33.58
354.00 3.14 33.58
355.00 3.14 33.58
356.00 3.14 33.58
357.00 3.14 33.58
358.00 3.14 33.58
359.00 3.14 33.58
360.00 3.14 33.58
361.00 3.14 33.58
362.00 3.14 33.58
363.00 3.14 33.58
364.00 3.14 33.58
365.00 3.14 33.58
366.00 3.14 33.58
367.00 3.14 33.58
368.00 3.14 33.58
369.00 3.14 33.58
370.00 3.14 33.58
371.00 3.14 33.58
372.00 3.14 33.58
373.00 3.14 33.58
374.00 3.14 33.58
375.00 3.14 33.58
376.00 3.14 33.58
377.00 3.14 33.58
378.00 3.14 33.58
379.00 3.14 33.58
380.00 3.14 33.58
381.00 3.14 33.58
382.00 3.14 33.58
383.00 3.14 33.58
384.00 3.14 33.58
385.00 3.14 33.58
386.00 3.14 33.58
387.00 3.14 33.58
388.00 3.14 33.58
389.00 3.14 33.58
390.00 3.14 33.58
391.00 3.14 33.58
392.00 3.14 33.58
393.00 3.14 33.58
394.00 3.14 33.58
395.00 3.14 33.58
396.00 3.14 33.58
397.00 3.14 33.58
398.00 3.14 33.58
399.00 3.14 33.58
400.00 3.14 33.58
401.00 3.14 33.62
402.00 3.11 33.69
403.00 3.10 33.68
404.00 3.07 33.63
405.00 3.05 33.56
406.00 3.03 33.54
407.00 3.05 33.47
408.00 3.06 33.39
409.00 3.04 33.30
410.00 3.02 33.18
411.00 3.00 33.18
412.00 2.99 33.20
413.00 3.00 33.16
414.00 2.99 33.16
415.00 2.97 33.20
416.00 2.95 33.24
417.00 2.93 33.22
418.00 2.90 33.22
419.00 2.88 33.08
420.00 2.87 33.07
421.00 2.86 33.05
422.00 2.85 32.99
423.00 2.85 33.02
424.00 2.84 33.06
425.00 2.83 33.04
426.00 2.84 32.98
427.00 2.82 32.90
428.00 2.78 32.82
429.00 2.76 32.71
430.00 2.74 32.62
431.00 2.74 32.60
432.00 2.75 32.62
433.00 2.76 32.69
434.00 2.76 32.73
435.00 2.76 32.71
436.00 2.76 32.65
437.00 2.77 32.62
438.00 2.78 32.62
439.00 2.77 32.63
440.00 2.78 32.64
441.00 2.80 32.66
442.00 2.83 32.69
443.00 2.85 32.70
444.00 2.88 32.77
445.00 2.90 32.80
446.00 2.92 32.82
447.00 2.93 32.87
448.00 2.93 32.89
449.00 2.94 32.87
450.00 2.94 32.84
451.00 2.93 32.83
452.00 2.93 32.83
453.00 2.95 32.77
454.00 2.96 32.81
455.00 2.96 32.82
456.00 2.96 32.71
457.00 2.95 32.61
458.00 2.94 32.59
459.00 2.94 32.56
460.00 2.92 32.52
461.00 2.94 32.54
462.00 2.95 32.56
463.00 2.95 32.66
464.00 2.95 32.71
465.00 2.95 32.71
466.00 2.94 32.73
467.00 2.92 32.72
468.00 2.93 32.76
469.00 2.93 32.85
470.00 2.95 32.90
471.00 2.96 32.88
472.00 2.96 32.84
473.00 2.95 32.87
474.00 2.95 32.90
475.00 2.95 32.89
476.00 2.93 32.95
477.00 2.91 33.04
478.00 2.90 33.03
479.00 2.87 33.04
480.00 2.83 32.97
481.00 2.81 32.89
482.00 2.80 32.83
483.00 2.79 32.77
484.00 2.76 32.74
485.00 2.76 32.61
486.00 2.75 32.60
487.00 2.75 32.53
488.00 2.75 32.42
489.00 2.76 32.33
490.00 2.76 32.24
491.00 2.75 32.15
492.00 2.75 32.01
493.00 2.73 32.02
494.00 2.74 32.08
495.00 2.74 32.14
496.00 2.75 32.23
497.00 2.75 32.28
498.00 2.75 32.37
499.00 2.75 32.40
500.00 2.74 32.41
501.00 2.71 32.38
502.00 2.69 32.34
503.00 2.68 32.28
504.00 2.68 32.16
505.00 2.67 32.07
506.00 2.66 32.06
507.00 2.65 32.08
508.00 2.65 32.12
509.00 2.66 32.16
510.00 2.68 32.17
511.00 2.69 32.24
512.00 2.71 32.31
513.00 2.72 32.28
514.00 2.72 32.24
515.00 2.74 32.21
516.00 2.75 32.30
517.00 2.77 32.30
518.00 2.79 32.35
519.00 2.78 32.35
520.00 2.77 32.43
521.00 2.76 32.46
522.00 2.74 32.49
523.00 2.73 32.51
524.00 2.73 32.48
525.00 2.75 32.45
526.00 2.77 32.43
527.00 2.77 32.47
528.00 2.79 32.41
529.00 2.78 32.34
530.00 2.78 32.29
531.00 2.79 32.28
532.00 2.79 32.21
533.00 2.80 32.14
534.00 2.82 32.08
535.00 2.82 31.96
536.00 2.83 31.85
537.00 2.83 31.76
538.00 2.82 31.72
539.00 2.84 31.69
540.00 2.85 31.68
541.00 2.83 31.65
542.00 2.83 31.65
543.00 2.85 31.61
544.00 2.85 31.58
545.00 2.86 31.52
546.00 2.88 31.40
547.00 2.88 31.45
548.00 2.87 31.52
549.00 2.85 31.49
550.00 2.83 31.42
551.00 2.81 31.39
552.00 2.80 31.32
553.00 2.80 31.28
554.00 2.80 31.23
555.00 2.80 31.22
556.00 2.81 31.25
557.00 2.82 31.27
558.00 2.83 31.18
559.00 2.81 31.10
560.00 2.78 31.10
561.00 2.77 31.05
562.00 2.77 31.03
563.00 2.76 30.98
564.00 2.75 30.96
565.00 2.73 30.97
566.00 2.73 30.98
567.00 2.73 31.03
568.00 2.75 31.07
569.00 2.72 31.12
570.00 2.71 31.12
571.00 2.69 31.07
572.00 2.67 31.01
573.00 2.66 30.97
574.00 2.66 30.93
575.00 2.65 30.83
576.00 2.63 30.70
577.00 2.63 30.69
578.00 2.63 30.62
579.00 2.64 30.47
580.00 2.62 30.40
581.00 2.62 30.32
582.00 2.63 30.28
583.00 2.63 30.25
584.00 2.62 30.31
585.00 2.61 30.30
586.00 2.60 30.24
587.00 2.59 30.23
588.00 2.56 30.17
589.00 2.55 30.05
590.00 2.56 30.06
591.00 2.57 30.01
592.00 2.58 29.99
593.00 2.58 29.98
594.00 2.57 29.91
595.00 2.55 29.87
596.00 2.53 29.88
597.00 2.52 29.97
598.00 2.52 30.01
599.00 2.51 30.02
600.00 2.49 30.01
601.00 2.48 30.00
602.00 2.46 29.97
603.00 2.46 29.93
604.00 2.46 29.95
605.00 2.47 29.94
606.00 2.46 29.96
607.00 2.48 29.97
608.00 2.50 29.92
609.00 2.51 29.85
610.00 2.52 29.82
611.00 2.52 29.86
612.00 2.54 29.83
613.00 2.55 29.84
614.00 2.54 29.79
615.00 2.54 29.75
616.00 2.55 29.71
617.00 2.55 29.63
618.00 2.56 29.60
619.00 2.57 29.54
620.00 2.57 29.50
621.00 2.59 29.51
622.00 2.60 29.50
623.00 2.59 29.51
624.00 2.60 29.51
625.00 2.60 29.54
626.00 2.58 29.51
627.00 2.57 29.45
628.00 2.58 29.51
629.00 2.62 29.53
630.00 2.63 29.54
631.00 2.64 29.59
632.00 2.64 29.60
633.00 2.65 29.63
634.00 2.66 29.68
635.00 2.66 29.65
636.00 2.65 29.68
637.00 2.63 29.79
638.00 2.62 29.77
639.00 2.61 29.78
640.00 2.62 29.71
641.00 2.61 29.67
642.00 2.60 29.63
643.00 2.60 29.54
644.00 2.59 29.51
645.00 2.60 29.45
646.00 2.58 29.48
647.00 2.56 29.45
648.00 2.55 29.48
649.00 2.58 29.46
650.00 2.62 29.52
651.00 2.64 29.51
652.00 2.66 29.61
653.00 2.68 29.62
654.00 2.68 29.64
655.00 2.67 29.65
656.00 2.68 29.69
657.00 2.71 29.75
658.00 2.73 29.85
659.00 2.78 29.92
660.00 2.81 29.95
661.00 2.82 29.88
662.00 2.82 29.88
663.00 2.85 29.82
664.00 2.86 29.85
665.00 2.86 29.84
666.00 2.86 29.84
667.00 2.88 29.78
668.00 2.88 29.75
669.00 2.88 29.68
670.00 2.87 29.62
671.00 2.86 29.66
672.00 2.89 29.60
673.00 2.93 29.66
674.00 2.97 29.64
675.00 2.99 29.66
676.00 3.00 29.68
677.00 3.02 29.75
678.00 3.06 29.72
679.00 3.08 29.71
680.00 3.09 29.67
681.00 3.08 29.61
682.00 3.06 29.47
683.00 3.07 29.49
684.00 3.07 29.50
685.00 3.06 29.51
686.00 3.06 29.51
687.00 3.06 29.52
688.00 3.03 29.48
689.00 3.04 29.55
690.00 3.03 29.49
691.00 3.01 29.53
692.00 2.98 29.54
693.00 2.99 29.59
694.00 2.99 29.60
695.00 2.98 29.62
696.00 2.96 29.68
697.00 2.95 29.71
698.00 2.94 29.63
699.00 2.93 29.66
700.00 2.93 29.68
701.00 2.91 29.71
702.00 2.88 29.67
703.00 2.87 29.68
704.00 2.88 29.57
705.00 2.88 29.64
706.00 2.88 29.68
707.00 2.86 29.67
708.00 2.83 29.60
709.00 2.81 29.60
710.00 2.79 29.63
711.00 2.77 29.63
712.00 2.75 29.63
713.00 2.74 29.58
714.00 2.72 29.63
715.00 2.71 29.58
716.00 2.70 29.63
717.00 2.68 29.67
718.00 2.68 29.73
719.00 2.65 29.66
720.00 2.65 29.59
721.00 2.64 29.53
722.00 2.65 29.46
723.00 2.65 29.46
724.00 2.66 29.52
725.00 2.66 29.51
726.00 2.67 29.51
727.00 2.71 29.48
728.00 2.73 29.45
729.00 2.74 29.44
730.00 2.73 29.51
731.00 2.75 29.53
732.00 2.76 29.61
733.00 2.78 29.54
734.00 2.78 29.55
735.00 2.78 29.61
736.00 2.79 29.57
737.00 2.78 29.57
738.00 2.75 29.64
739.00 2.75 29.54
740.00 2.73 29.47
741.00 2.70 29.41
742.00 2.71 29.41
743.00 2.72 29.32
744.00 2.70 29.27
745.00 2.68 29.12
746.00 2.67 29.02
747.00 2.68 28.97
748.00 2.70 28.99
749.00 2.71 28.94
750.00 2.71 28.90
751.00 2.71 28.89
752.00 2.72 28.90
753.00 2.75 28.87
754.00 2.76 28.86
755.00 2.76 28.91
756.00 2.75 28.92
757.00 2.78 28.92
758.00 2.80 28.87
759.00 2.83 28.89
760.00 2.86 28.86
761.00 2.92 28.87
762.00 2.95 28.86
763.00 2.95 28.89
764.00 2.95 28.92
765.00 2.94 28.94
766.00 2.94 28.88
767.00 2.91 28.83
768.00 2.88 28.78
769.00 2.87 28.69
770.00 2.87 28.72
771.00 2.86 28.73
772.00 2.85 28.79
773.00 2.85 28.85
774.00 2.83 28.89
775.00 2.83 28.81
776.00 2.85 28.75
777.00 2.86 28.69
778.00 2.87 28.71
779.00 2.85 28.65
780.00 2.83 28.64
781.00 2.81 28.58
782.00 2.80 28.57
783.00 2.80 28.58
784.00 2.79 28.63
785.00 2.78 28.74
786.00 2.80 28.72
787.00 2.81 28.75
788.00 2.82 28.78
789.00 2.82 28.81
790.00 2.82 28.81
791.00 2.80 28.77
792.00 2.79 28.72
793.00 2.79 28.73
794.00 2.79 28.67
795.00 2.81 28.66
796.00 2.83 28.65
797.00 2.83 28.60
798.00 2.83 28.55
799.00 2.82 28.54
800.00 2.82 28.54
801.00 2.80 28.65
802.00 2.78 28.62
803.00 2.76 28.61
804.00 2.74 28.64
805.00 2.74 28.72
806.00 2.74 28.76
807.00 2.76 28.79
808.00 2.75 28.81
809.00 2.75 28.79
810.00 2.75 28.80
811.00 2.77 28.88
812.00 2.81 28.99
813.00 2.81 29.11
814.00 2.85 29.16
815.00 2.86 29.22
816.00 2.88 29.19
817.00 2.90 29.24
818.00 2.89 29.21
819.00 2.90 29.20
820.00 2.88 29.09
821.00 2.88 29.01
822.00 2.88 28.91
823.00 2.87 28.86
824.00 2.84 28.71
825.00 2.83 28.65
826.00 2.81 28.70
827.00 2.80 28.64
828.00 2.78 28.60
829.00 2.77 28.57
830.00 2.75 28.50
831.00 2.75 28.47
832.00 2.75 28.48
833.00 2.76 28.53
834.00 2.78 28.60
835.00 2.80 28.69
836.00 2.80 28.69
837.00 2.78 28.65
838.00 2.76 28.63
839.00 2.73 28.52
840.00 2.72 28.43
841.00 2.73 28.38
842.00 2.74 28.41
843.00 2.73 28.34
844.00 2.72 28.26
845.00 2.69 28.22
846.00 2.69 28.17
847.00 2.67 28.10
848.00 2.67 28.05
849.00 2.66 28.01
850.00 2.65 28.01
851.00 2.63 28.01
852.00 2.61 28.01
853.00 2.58 27.97
854.00 2.58 27.95
855.00 2.57 27.91
856.00 2.56 27.84
857.00 2.55 27.80
858.00 2.54 27.80
859.00 2.54 27.93
860.00 2.53 27.95
861.00 2.54 27.93
862.00 2.52 28.06
863.00 2.52 28.07
864.00 2.51 28.07
865.00 2.50 28.10
866.00 2.49 27.96
867.00 2.47 27.87
868.00 2.46 27.79
869.00 2.45 27.79
870.00 2.45 27.82
871.00 2.43 27.82
872.00 2.43 27.79
873.00 2.42 27.77
874.00 2.43 27.70
875.00 2.42 27.69
876.00 2.42 27.66
877.00 2.42 27.62
878.00 2.42 27.50
879.00 2.40 27.38
880.00 2.35 27.23
881.00 2.26 27.05
882.00 2.19 26.87
883.00 2.15 26.69
884.00 2.12 26.58
885.00 2.10 26.54
886.00 2.08 26.44
887.00 2.07 26.36
888.00 2.07 26.40
889.00 2.08 26.27
890.00 2.07 26.18
891.00 2.04 26.12
892.00 2.02 26.08
893.00 2.01 25.99
894.00 2.00 25.92
895.00 1.99 25.84
896.00 1.97 25.88
897.00 1.98 25.88
898.00 2.00 25.81
899.00 2.01 25.77
900.00 1.98 25.81
901.00 1.96 25.71
902.00 1.96 25.67
903.00 1.96 25.66
904.00 1.94 25.63
905.00 1.93 25.58
906.00 1.90 25.54
907.00 1.88 25.44
908.00 1.87 25.39
909.00 1.85 25.29
910.00 1.83 25.25
911.00 1.80 25.16
912.00 1.80 25.17
913.00 1.80 25.10
914.00 1.80 25.02
915.00 1.80 25.01
916.00 1.81 24.95
917.00 1.80 24.99
918.00 1.81 25.01
919.00 1.81 25.01
920.00 1.81 25.01
921.00 1.83 24.93
922.00 1.84 24.87
923.00 1.87 24.82
924.00 1.87 24.82
925.00 1.87 24.87
926.00 1.87 24.89
927.00 1.88 24.93
928.00 1.88 24.95
929.00 1.87 24.92
930.00 1.87 24.93
931.00 1.87 24.92
932.00 1.87 24.89
933.00 1.88 24.81
934.00 1.87 24.67
935.00 1.85 24.65
936.00 1.82 24.57
937.00 1.80 24.56
938.00 1.79 24.48
939.00 1.76 24.46
940.00 1.76 24.50
941.00 1.74 24.53
942.00 1.73 24.48
943.00 1.73 24.38
944.00 1.72 24.35
945.00 1.68 24.34
946.00 1.65 24.37
947.00 1.64 24.31
948.00 1.63 24.25
949.00 1.65 24.20
950.00 1.66 24.16
951.00 1.65 24.19
952.00 1.65 24.18
953.00 1.63 24.09
954.00 1.63 24.04
955.00 1.64 24.03
956.00 1.65 24.06
957.00 1.66 23.96
958.00 1.67 24.03
959.00 1.68 24.02
960.00 1.68 24.05
961.00 1.67 24.03
962.00 1.67 23.96
963.00 1.66 23.97
964.00 1.65 23.93
965.00 1.63 23.90
966.00 1.63 23.87
967.00 1.60 23.89
968.00 1.61 23.94
969.00 1.60 23.93
970.00 1.60 23.94
971.00 1.60 23.89
972.00 1.60 23.84
973.00 1.59 23.86
974.00 1.59 23.83
975.00 1.60 23.82
976.00 1.61 23.81
977.00 1.62 23.82
978.00 1.63 23.84
979.00 1.64 23.79
980.00 1.64 23.78
981.00 1.63 23.74
982.00 1.65 23.74
983.00 1.64 23.65
984.00 1.64 23.63
985.00 1.65 23.58
986.00 1.65 23.57
987.00 1.64 23.50
988.00 1.63 23.53
989.00 1.63 23.51
990.00 1.62 23.56
991.00 1.64 23.54
992.00 1.62 23.52
993.00 1.62 23.48
994.00 1.61 23.51
995.00 1.62 23.45
996.00 1.63 23.40
997.00 1.62 23.44
998.00 1.62 23.44
999.00 1.60 23.42
1000.00 1.60 23.38
1001.00 1.60 23.31
1002.00 1.61 23.25
1003.00 1.60 23.23
1004.00 1.59 23.23
1005.00 1.60 23.27
1006.00 1.61 23.26
1007.00 1.59 23.27
1008.00 1.59 23.34
1009.00 1.60 23.36
1010.00 1.61 23.44
1011.00 1.60 23.38
1012.00 1.59 23.30
1013.00 1.59 23.29
1014.00 1.57 23.37
1015.00 1.57 23.31
1016.00 1.58 23.30
1017.00 1.60 23.24
1018.00 1.61 23.22
1019.00 1.61 23.25
1020.00 1.63 23.17
1021.00 1.65 23.18
1022.00 1.66 23.16
1023.00 1.67 23.20
1024.00 1.70 23.15
1025.00 1.71 23.17
1026.00 1.71 23.20
1027.00 1.72 23.21
1028.00 1.71 23.17
1029.00 1.73 23.17
1030.00 1.72 23.23
1031.00 1.71 23.17
1032.00 1.69 23.26
1033.00 1.68 23.29
1034.00 1.66 23.30
1035.00 1.67 23.30
1036.00 1.65 23.19
1037.00 1.62 23.13
1038.00 1.60 23.08
1039.00 1.62 23.03
1040.00 1.61 23.05
1041.00 1.61 23.02
1042.00 1.61 22.97
1043.00 1.62 22.89
1044.00 1.65 22.84
1045.00 1.65 22.80
1046.00 1.64 22.77
1047.00 1.67 22.75
1048.00 1.69 22.75
1049.00 1.72 22.75
1050.00 1.72 22.68
1051.00 1.72 22.65
1052.00 1.71 22.63
1053.00 1.71 22.64
1054.00 1.69 22.59
1055.00 1.68 22.65
1056.00 1.68 22.59
1057.00 1.66 22.56
1058.00 1.65 22.54
1059.00 1.63 22.57
1060.00 1.62 22.62
1061.00 1.62 22.69
1062.00 1.62 22.72
1063.00 1.61 22.71
1064.00 1.59 22.62
1065.00 1.58 22.55
1066.00 1.57 22.46
1067.00 1.59 22.47
1068.00 1.59 22.49
1069.00 1.59 22.46
1070.00 1.60 22.40
1071.00 1.60 22.38
1072.00 1.60 22.31
1073.00 1.61 22.37
1074.00 1.60 22.36
1075.00 1.61 22.24
1076.00 1.59 22.22
1077.00 1.61 22.25
1078.00 1.58 22.24
1079.00 1.60 22.21
1080.00 1.59 22.19
1081.00 1.57 22.20
1082.00 1.57 22.22
1083.00 1.60 22.24
1084.00 1.59 22.20
1085.00 1.59 22.15
1086.00 1.57 22.15
1087.00 1.57 22.16
1088.00 1.57 22.16
1089.00 1.59 22.14
1090.00 1.61 22.10
1091.00 1.62 22.03
1092.00 1.62 22.01
1093.00 1.60 22.03
1094.00 1.60 21.99
1095.00 1.60 21.98
1096.00 1.61 21.91
1097.00 1.60 21.99
1098.00 1.62 21.93
1099.00 1.60 21.89
1100.00 1.61 21.85
1101.00 1.62 21.79
1102.00 1.63 21.77
1103.00 1.63 21.68
1104.00 1.61 21.68
1105.00 1.62 21.62
1106.00 1.60 21.65
1107.00 1.61 21.61
1108.00 1.60 21.54
1109.00 1.62 21.54
1110.00 1.64 21.50
1111.00 1.65 21.46
1112.00 1.65 21.40
1113.00 1.65 21.35
1114.00 1.65 21.27
1115.00 1.64 21.31
1116.00 1.67 21.31
1117.00 1.67 21.43
1118.00 1.69 21.40
1119.00 1.68 21.36
1120.00 1.71 21.40
1121.00 1.71 21.42
1122.00 1.73 21.43
1123.00 1.72 21.46
1124.00 1.71 21.43
1125.00 1.71 21.39
1126.00 1.70 21.38
1127.00 1.69 21.39
1128.00 1.67 21.33
1129.00 1.66 21.29
1130.00 1.66 21.23
1131.00 1.65 21.30
1132.00 1.64 21.30
1133.00 1.64 21.24
1134.00 1.64 21.26
1135.00 1.62 21.25
1136.00 1.63 21.26
1137.00 1.62 21.17
1138.00 1.64 21.13
1139.00 1.66 21.09
1140.00 1.66 21.08
1141.00 1.67 21.16
1142.00 1.65 21.08
1143.00 1.65 21.07
1144.00 1.63 21.00
1145.00 1.65 21.01
1146.00 1.64 20.92
1147.00 1.64 20.86
1148.00 1.65 20.87
1149.00 1.67 20.79
1150.00 1.66 20.77
1151.00 1.64 20.74
1152.00 1.64 20.67
1153.00 1.64 20.57
1154.00 1.64 20.58
1155.00 1.63 20.64
1156.00 1.64 20.66
1157.00 1.63 20.65
1158.00 1.63 20.66
1159.00 1.63 20.65
1160.00 1.65 20.70
1161.00 1.65 20.68
1162.00 1.65 20.64
1163.00 1.65 20.67
1164.00 1.64 20.70
1165.00 1.63 20.71
1166.00 1.61 20.73
1167.00 1.63 20.70
1168.00 1.65 20.65
1169.00 1.66 20.74
1170.00 1.66 20.72
1171.00 1.67 20.69
1172.00 1.67 20.66
1173.00 1.65 20.65
1174.00 1.66 20.59
1175.00 1.68 20.58
1176.00 1.69 20.51
1177.00 1.68 20.54
1178.00 1.64 20.60
1179.00 1.63 20.61
1180.00 1.60 20.55
1181.00 1.59 20.64
1182.00 1.59 20.54
1183.00 1.58 20.47
1184.00 1.58 20.46
1185.00 1.59 20.47
1186.00 1.57 20.60
1187.00 1.59 20.55
1188.00 1.58 20.58
1189.00 1.57 20.54
1190.00 1.59 20.50
1191.00 1.59 20.51
1192.00 1.59 20.46
1193.00 1.59 20.47
1194.00 1.57 20.38
1195.00 1.58 20.41
1196.00 1.57 20.39
1197.00 1.57 20.41
1198.00 1.58 20.36
1199.00 1.59 20.31
1200.00 1.59 20.39
1201.00 1.59 20.28
1202.00 1.58 20.28
1203.00 1.58 20.30
1204.00 1.58 20.33
1205.00 1.57 20.33
1206.00 1.58 20.27
1207.00 1.58 20.18
1208.00 1.57 20.21
1209.00 1.60 20.20
1210.00 1.59 20.19
1211.00 1.59 20.21
1212.00 1.60 20.14
1213.00 1.57 20.18
1214.00 1.59 20.19
1215.00 1.63 20.12
1216.00 1.62 20.09
1217.00 1.62 20.09
1218.00 1.62 20.02
1219.00 1.63 20.00
1220.00 1.61 19.86
1221.00 1.61 19.84
1222.00 1.63 19.83
1223.00 1.66 19.86
1224.00 1.66 19.87
1225.00 1.66 19.86
1226.00 1.66 19.89
1227.00 1.66 19.85
1228.00 1.66 19.84
1229.00 1.67 19.81
1230.00 1.66 19.68
1231.00 1.64 19.71
1232.00 1.63 19.66
1233.00 1.59 19.66
1234.00 1.60 19.69
1235.00 1.58 19.61
1236.00 1.59 19.59
1237.00 1.58 19.60
1238.00 1.58 19.60
1239.00 1.59 19.53
1240.00 1.59 19.55
1241.00 1.57 19.52
1242.00 1.58 19.52
1243.00 1.58 19.55
1244.00 1.59 19.54
1245.00 1.58 19.52
1246.00 1.60 19.50
1247.00 1.60 19.52
1248.00 1.62 19.50
1249.00 1.62 19.46
1250.00 1.60 19.50
1251.00 1.58 19.54
1252.00 1.57 19.53
1253.00 1.57 19.59
1254.00 1.57 19.61
1255.00 1.59 19.57
1256.00 1.60 19.56
1257.00 1.62 19.52
1258.00 1.62 19.46
1259.00 1.62 19.44
1260.00 1.63 19.42
1261.00 1.65 19.37
1262.00 1.65 19.22
1263.00 1.64 19.24
1264.00 1.63 19.27
1265.00 1.60 19.35
1266.00 1.60 19.38
1267.00 1.61 19.41
1268.00 1.62 19.43
1269.00 1.62 19.38
1270.00 1.59 19.40
1271.00 1.59 19.38
1272.00 1.59 19.47
1273.00 1.60 19.47
1274.00 1.59 19.46
1275.00 1.58 19.47
1276.00 1.58 19.45
1277.00 1.60 19.46
1278.00 1.61 19.44
1279.00 1.62 19.42
1280.00 1.62 19.39
1281.00 1.61 19.44
1282.00 1.62 19.49
1283.00 1.63 19.50
1284.00 1.62 19.50
1285.00 1.62 19.51
1286.00 1.62 19.53
1287.00 1.63 19.57
1288.00 1.62 19.56
1289.00 1.61 19.56
1290.00 1.61 19.50
1291.00 1.62 19.52
1292.00 1.60 19.55
1293.00 1.59 19.53
1294.00 1.62 19.55
1295.00 1.62 19.49
1296.00 1.61 19.45
1297.00 1.61 19.35
1298.00 1.59 19.36
1299.00 1.60 19.40
1300.00 1.60 19.34
1301.00 1.61 19.31
1302.00 1.62 19.25
1303.00 1.61 19.28
1304.00 1.60 19.21
1305.00 1.62 19.24
1306.00 1.61 19.26
1307.00 1.64 19.28
1308.00 1.63 19.26
1309.00 1.65 19.34
1310.00 1.64 19.37
1311.00 1.62 19.37
1312.00 1.58 19.32
1313.00 1.58 19.30
1314.00 1.58 19.26
1315.00 1.58 19.34
1316.00 1.59 19.36
1317.00 1.59 19.40
1318.00 1.60 19.44
1319.00 1.58 19.44
1320.00 1.58 19.44
1321.00 1.61 19.34
1322.00 1.63 19.35
1323.00 1.61 19.32
1324.00 1.58 19.33
1325.00 1.60 19.30
1326.00 1.59 19.37
1327.00 1.60 19.38
1328.00 1.57 19.38
1329.00 1.58 19.40
1330.00 1.58 19.36
1331.00 1.58 19.45
1332.00 1.58 19.49
1333.00 1.58 19.53
1334.00 1.61 19.51
1335.00 1.61 19.46
1336.00 1.60 19.48
1337.00 1.59 19.49
1338.00 1.57 19.51
1339.00 1.57 19.51
1340.00 1.57 19.51
1341.00 1.57 19.49
1342.00 1.58 19.45
1343.00 1.57 19.51
1344.00 1.57 19.51
1345.00 1.58 19.50
1346.00 1.58 19.50
1347.00 1.59 19.50
1348.00 1.59 19.44
1349.00 1.58 19.42
1350.00 1.59 19.44
1351.00 1.59 19.45
1352.00 1.57 19.46
1353.00 1.58 19.43
1354.00 1.59 19.36
1355.00 1.59 19.34
1356.00 1.58 19.25
1357.00 1.60 19.20
1358.00 1.62 19.18
1359.00 1.62 19.15
1360.00 1.65 19.18
1361.00 1.64 19.16
1362.00 1.65 19.22
1363.00 1.63 19.21
1364.00 1.62 19.20
1365.00 1.60 19.20
1366.00 1.60 19.20
1367.00 1.61 19.32
1368.00 1.61 19.30
1369.00 1.62 19.23
1370.00 1.62 19.22
1371.00 1.63 19.20
1372.00 1.61 19.18
1373.00 1.61 19.17
1374.00 1.62 19.17
1375.00 1.59 19.11
1376.00 1.59 19.12
1377.00 1.59 19.08
1378.00 1.58 19.09
1379.00 1.59 19.05
1380.00 1.58 19.03
1381.00 1.58 19.01
1382.00 1.60 19.04
1383.00 1.59 18.96
1384.00 1.57 18.95
1385.00 1.59 18.94
1386.00 1.62 19.00
1387.00 1.64 18.92
1388.00 1.64 18.96
1389.00 1.66 18.95
1390.00 1.67 18.95
1391.00 1.67 18.88
1392.00 1.69 18.90
1393.00 1.67 18.85
1394.00 1.70 18.90
1395.00 1.70 18.94
1396.00 1.71 18.94
1397.00 1.69 18.93
1398.00 1.68 18.90
1399.00 1.67 18.89
1400.00 1.67 18.88
1401.00 1.68 18.93
1402.00 1.67 18.95
1403.00 1.67 19.02
1404.00 1.65 18.95
1405.00 1.67 18.96
1406.00 1.68 18.95
1407.00 1.67 18.97
1408.00 1.68 18.94
1409.00 1.69 19.01
1410.00 1.70 19.03
1411.00 1.70 18.99
1412.00 1.73 18.97
1413.00 1.73 18.91
1414.00 1.71 18.90
1415.00 1.71 18.86
1416.00 1.71 18.90
1417.00 1.72 18.83
1418.00 1.73 18.80
1419.00 1.74 18.74
1420.00 1.72 18.74
1421.00 1.74 18.78
1422.00 1.72 18.84
1423.00 1.74 18.80
1424.00 1.76 18.80
1425.00 1.76 18.72
1426.00 1.77 18.72
1427.00 1.77 18.68
1428.00 1.76 18.68
1429.00 1.75 18.60
1430.00 1.76 18.69
1431.00 1.77 18.66
1432.00 1.78 18.70
1433.00 1.78 18.68
1434.00 1.81 18.73
1435.00 1.81 18.76
1436.00 1.84 18.71
1437.00 1.86 18.68
1438.00 1.86 18.70
1439.00 1.86 18.76
1440.00 1.83 18.76
1441.00 1.80 18.75
1442.00 1.79 18.64
1443.00 1.78 18.68
1444.00 1.78 18.58
1445.00 1.78 18.62
1446.00 1.78 18.59
1447.00 1.78 18.50
1448.00 1.76 18.55
1449.00 1.78 18.58
1450.00 1.77 18.69
1451.00 1.77 18.61
1452.00 1.75 18.58
1453.00 1.76 18.59
1454.00 1.75 18.54
1455.00 1.74 18.53
1456.00 1.78 18.55
1457.00 1.77 18.54
1458.00 1.78 18.49
1459.00 1.77 18.53
1460.00 1.78 18.53
1461.00 1.80 18.53
1462.00 1.80 18.54
1463.00 1.82 18.52
1464.00 1.81 18.49
1465.00 1.82 18.46
1466.00 1.82 18.43
1467.00 1.83 18.50
1468.00 1.85 18.50
1469.00 1.86 18.50
1470.00 1.86 18.54
1471.00 1.87 18.48
1472.00 1.87 18.50
1473.00 1.86 18.56
1474.00 1.86 18.59
1475.00 1.87 18.67
1476.00 1.88 18.62
1477.00 1.90 18.60
1478.00 1.90 18.55
1479.00 1.92 18.54
1480.00 1.92 18.60
1481.00 1.93 18.55
1482.00 1.93 18.59
1483.00 1.93 18.61
1484.00 1.94 18.68
1485.00 1.93 18.65
1486.00 1.95 18.66
1487.00 1.96 18.63
1488.00 1.98 18.66
1489.00 1.98 18.68
1490.00 1.97 18.74
1491.00 1.95 18.72
1492.00 1.96 18.78
1493.00 1.98 18.74
1494.00 1.97 18.78
1495.00 1.96 18.75
1496.00 1.97 18.79
1497.00 1.97 18.75
1498.00 1.98 18.80
1499.00 1.99 18.79
1500.00 2.01 18.86
1501.00 2.01 18.87
1502.00 2.01 18.88
1503.00 2.00 18.84
1504.00 1.98 18.83
1505.00 1.98 18.91
1506.00 1.97 18.90
1507.00 1.97 18.84
1508.00 1.99 18.77
1509.00 1.99 18.71
1510.00 2.00 18.70
1511.00 2.00 18.71
1512.00 2.00 18.71
1513.00 1.99 18.64
1514.00 2.00 18.56
1515.00 1.97 18.50
1516.00 1.98 18.41
1517.00 1.99 18.43
1518.00 1.99 18.32
1519.00 1.98 18.37
1520.00 1.99 18.33
1521.00 1.99 18.40
1522.00 2.00 18.39
1523.00 1.99 18.46
1524.00 2.00 18.45
1525.00 2.00 18.49
1526.00 2.00 18.51
1527.00 1.97 18.48
1528.00 1.98 18.48
1529.00 2.01 18.46
1530.00 1.99 18.39
1531.00 1.99 18.38
1532.00 1.98 18.40
1533.00 1.99 18.38
1534.00 1.99 18.43
1535.00 2.00 18.40
1536.00 2.00 18.39
1537.00 1.98 18.27
1538.00 1.98 18.26
1539.00 1.97 18.18
1540.00 1.97 18.12
1541.00 1.98 18.15
1542.00 1.98 18.24
1543.00 1.99 18.28
1544.00 1.98 18.31
1545.00 2.00 18.32
1546.00 1.98 18.40
1547.00 1.97 18.36
1548.00 1.97 18.42
1549.00 1.99 18.38
1550.00 1.98 18.40
1551.00 2.00 18.37
1552.00 2.00 18.28
1553.00 1.99 18.26
1554.00 1.98 18.19
1555.00 1.97 18.21
1556.00 1.95 18.24
1557.00 1.94 18.26
1558.00 1.94 18.26
1559.00 1.97 18.23
1560.00 1.99 18.18
1561.00 1.97 18.17
1562.00 1.98 18.15
1563.00 1.99 18.22
1564.00 1.98 18.21
1565.00 2.00 18.21
1566.00 2.01 18.09
1567.00 2.02 18.08
1568.00 2.02 18.11
1569.00 2.02 18.17
1570.00 2.03 18.22
1571.00 2.03 18.16
1572.00 2.04 18.13
1573.00 2.04 18.10
1574.00 2.04 18.12
1575.00 2.03 18.15
1576.00 2.05 18.17
1577.00 2.08 18.16
1578.00 2.08 18.16
1579.00 2.07 18.14
1580.00 2.07 18.08
1581.00 2.07 18.06
1582.00 2.07 18.12
1583.00 2.08 18.07
1584.00 2.09 18.01
1585.00 2.08 17.95
1586.00 2.09 17.93
1587.00 2.08 17.90
1588.00 2.09 17.93
1589.00 2.08 17.97
1590.00 2.06 17.87
1591.00 2.08 17.89
1592.00 2.07 17.85
1593.00 2.09 17.83
1594.00 2.07 17.91
1595.00 2.06 17.89
1596.00 2.04 17.87
1597.00 2.05 17.80
1598.00 2.05 17.80
1599.00 2.05 17.72
1600.00 2.05 17.71
1601.00 2.05 17.62
1602.00 2.04 17.63
1603.00 2.02 17.74
1604.00 2.02 17.71
1605.00 2.02 17.68
1606.00 2.03 17.63
1607.00 2.03 17.71
1608.00 2.03 17.73
1609.00 2.02 17.72
1610.00 2.02 17.80
1611.00 2.01 17.77
1612.00 2.00 17.85
1613.00 2.01 17.80
1614.00 2.03 17.72
1615.00 2.06 17.60
1616.00 2.04 17.59
1617.00 2.03 17.58
1618.00 2.03 17.65
1619.00 2.04 17.77
1620.00 2.01 17.83
1621.00 2.00 17.80
1622.00 2.01 17.71
1623.00 2.02 17.65
1624.00 2.02 17.64
1625.00 2.02 17.60
1626.00 2.04 17.51
1627.00 2.04 17.47
1628.00 2.06 17.48
1629.00 2.06 17.51
1630.00 2.08 17.56
1631.00 2.09 17.61
1632.00 2.09 17.55
1633.00 2.08 17.54
1634.00 2.11 17.46
1635.00 2.11 17.43
1636.00 2.12 17.43
1637.00 2.13 17.43
1638.00 2.13 17.47
1639.00 2.14 17.48
1640.00 2.15 17.46
1641.00 2.15 17.36
1642.00 2.14 17.20
1643.00 2.14 17.12
1644.00 2.14 17.16
1645.00 2.17 17.17
1646.00 2.18 17.17
1647.00 2.20 17.18
1648.00 2.18 17.18
1649.00 2.18 17.17
1650.00 2.16 17.15
1651.00 2.16 17.07
1652.00 2.18 17.04
1653.00 2.18 17.06
1654.00 2.18 17.04
1655.00 2.19 17.08
1656.00 2.18 17.00
1657.00 2.16 17.01
1658.00 2.15 17.02
1659.00 2.14 16.99
1660.00 2.14 16.98
1661.00 2.13 16.97
1662.00 2.15 16.97
1663.00 2.16 17.02
1664.00 2.17 16.96
1665.00 2.17 16.95
1666.00 2.17 16.93
1667.00 2.16 16.98
1668.00 2.17 16.87
1669.00 2.18 16.93
1670.00 2.21 16.89
1671.00 2.21 16.93
1672.00 2.21 16.94
1673.00 2.22 16.94
1674.00 2.22 16.85
1675.00 2.23 16.74
1676.00 2.22 16.71
1677.00 2.21 16.71
1678.00 2.22 16.79
1679.00 2.22 16.81
1680.00 2.23 16.87
1681.00 2.26 16.89
1682.00 2.26 16.79
1683.00 2.26 16.88
1684.00 2.26 16.86
1685.00 2.30 16.85
1686.00 2.30 16.81
1687.00 2.29 16.81
1688.00 2.29 16.85
1689.00 2.29 16.82
1690.00 2.28 16.84
1691.00 2.28 16.85
1692.00 2.27 16.75
1693.00 2.28 16.73
1694.00 2.28 16.76
1695.00 2.29 16.76
1696.00 2.29 16.81
1697.00 2.30 16.78
1698.00 2.31 16.82
1699.00 2.30 16.74
1700.00 2.31 16.75
1701.00 2.32 16.68
1702.00 2.34 16.68
1703.00 2.36 16.66
1704.00 2.35 16.60
1705.00 2.36 16.62
1706.00 2.38 16.67
1707.00 2.37 16.71
1708.00 2.37 16.70
1709.00 2.34 16.70
1710.00 2.35 16.72
1711.00 2.34 16.80
1712.00 2.34 16.83
1713.00 2.34 16.77
1714.00 2.35 16.75
1715.00 2.36 16.70
1716.00 2.37 16.73
1717.00 2.38 16.75
1718.00 2.40 16.71
1719.00 2.40 16.64
1720.00 2.42 16.59
1721.00 2.44 16.58
1722.00 2.43 16.59
1723.00 2.44 16.53
1724.00 2.46 16.53
1725.00 2.47 16.51
1726.00 2.48 16.58
1727.00 2.49 16.61
1728.00 2.51 16.62
1729.00 2.54 16.64
1730.00 2.53 16.54
1731.00 2.54 16.53
1732.00 2.54 16.54
1733.00 2.54 16.52
1734.00 2.54 16.57
1735.00 2.53 16.57
1736.00 2.56 16.50
1737.00 2.58 16.40
1738.00 2.59 16.40
1739.00 2.60 16.46
1740.00 2.62 16.55
1741.00 2.61 16.52
1742.00 2.61 16.55
1743.00 2.61 16.46
1744.00 2.60 16.44
1745.00 2.60 16.37
1746.00 2.61 16.41
1747.00 2.62 16.44
1748.00 2.63 16.37
1749.00 2.63 16.39
1750.00 2.65 16.37
1751.00 2.66 16.38
1752.00 2.65 16.37
1753.00 2.67 16.36
1754.00 2.67 16.34
1755.00 2.68 16.34
1756.00 2.68 16.23
1757.00 2.69 16.28
1758.00 2.69 16.30
1759.00 2.68 16.41
1760.00 2.68 16.45
1761.00 2.68 16.39
1762.00 2.68 16.42
1763.00 2.69 16.41
1764.00 2.69 16.47
1765.00 2.69 16.46
1766.00 2.70 16.47
1767.00 2.67 16.46
1768.00 2.67 16.56
1769.00 2.68 16.46
1770.00 2.67 16.60
1771.00 2.65 16.65
1772.00 2.66 16.67
1773.00 2.66 16.69
1774.00 2.65 16.70
1775.00 2.64 16.64
1776.00 2.60 16.58
1777.00 2.60 16.59
1778.00 2.61 16.59
1779.00 2.61 16.56
1780.00 2.61 16.52
1781.00 2.60 16.48
1782.00 2.58 16.48
1783.00 2.60 16.42
1784.00 2.59 16.45
1785.00 2.58 16.42
1786.00 2.57 16.39
1787.00 2.56 16.34
1788.00 2.57 16.33
1789.00 2.57 16.32
1790.00 2.54 16.30
1791.00 2.55 16.29
1792.00 2.54 16.29
1793.00 2.54 16.40
1794.00 2.53 16.37
1795.00 2.53 16.43
1796.00 2.52 16.42
1797.00 2.52 16.41
1798.00 2.49 16.40
1799.00 2.48 16.36
1800.00 2.49 16.37
1801.00 2.48 16.42
1802.00 2.49 16.46
1803.00 2.49 16.51
1804.00 2.48 16.50
1805.00 2.49 16.46
1806.00 2.48 16.38
1807.00 2.49 16.33
1808.00 2.47 16.33
1809.00 2.46 16.29
1810.00 2.46 16.32
1811.00 2.46 16.32
1812.00 2.48 16.37
1813.00 2.48 16.33
1814.00 2.48 16.32
1815.00 2.50 16.40
1816.00 2.50 16.33
1817.00 2.50 16.34
1818.00 2.49 16.33
1819.00 2.49 16.37
1820.00 2.49 16.35
1821.00 2.50 16.46
1822.00 2.49 16.45
1823.00 2.50 16.53
1824.00 2.50 16.50
1825.00 2.51 16.51
1826.00 2.51 16.58
1827.00 2.51 16.64
1828.00 2.51 16.65
1829.00 2.49 16.56
1830.00 2.47 16.56
1831.00 2.46 16.50
1832.00 2.46 16.49
1833.00 2.45 16.54
1834.00 2.44 16.61
1835.00 2.44 16.62
1836.00 2.44 16.58
1837.00 2.46 16.55
1838.00 2.43 16.62
1839.00 2.42 16.66
1840.00 2.43 16.63
1841.00 2.42 16.63
1842.00 2.43 16.60
1843.00 2.41 16.66
1844.00 2.43 16.68
1845.00 2.42 16.69
1846.00 2.42 16.67
1847.00 2.41 16.71
1848.00 2.40 16.69
1849.00 2.39 16.64
1850.00 2.39 16.62
1851.00 2.38 16.59
1852.00 2.39 16.64
1853.00 2.37 16.67
1854.00 2.37 16.60
1855.00 2.38 16.64
1856.00 2.36 16.64
1857.00 2.39 16.70
1858.00 2.39 16.73
1859.00 2.40 16.72
1860.00 2.39 16.70
1861.00 2.35 16.68
1862.00 2.35 16.69
1863.00 2.36 16.65
1864.00 2.37 16.62
1865.00 2.36 16.61
1866.00 2.36 16.62
1867.00 2.37 16.69
1868.00 2.38 16.62
1869.00 2.38 16.62
1870.00 2.38 16.59
1871.00 2.39 16.56
1872.00 2.38 16.61
1873.00 2.39 16.65
1874.00 2.41 16.64
1875.00 2.40 16.62
1876.00 2.41 16.65
1877.00 2.41 16.68
1878.00 2.41 16.65
1879.00 2.39 16.60
1880.00 2.37 16.59
1881.00 2.36 16.59
1882.00 2.37 16.57
1883.00 2.37 16.59
1884.00 2.37 16.55
1885.00 2.38 16.52
1886.00 2.36 16.47
1887.00 2.35 16.43
1888.00 2.34 16.46
1889.00 2.34 16.52
1890.00 2.35 16.46
1891.00 2.35 16.46
1892.00 2.34 16.52
1893.00 2.32 16.40
1894.00 2.30 16.36
1895.00 2.27 16.35
1896.00 2.28 16.38
1897.00 2.30 16.40
1898.00 2.29 16.36
1899.00 2.30 16.40
1900.00 2.29 16.35
1901.00 2.31 16.39
1902.00 2.31 16.31
1903.00 2.33 16.37
1904.00 2.33 16.41
1905.00 2.32 16.46
1906.00 2.32 16.41
1907.00 2.33 16.39
1908.00 2.33 16.36
1909.00 2.33 16.36
1910.00 2.31 16.41
1911.00 2.30 16.49
1912.00 2.30 16.42
1913.00 2.32 16.46
1914.00 2.31 16.53
1915.00 2.31 16.47
1916.00 2.29 16.37
1917.00 2.30 16.38
1918.00 2.29 16.45
1919.00 2.31 16.63
1920.00 2.31 16.69
1921.00 2.33 16.69
1922.00 2.36 16.72
1923.00 2.35 16.71
1924.00 2.34 16.73
1925.00 2.35 16.74
1926.00 2.36 16.67
1927.00 2.36 16.62
1928.00 2.34 16.62
1929.00 2.32 16.58
1930.00 2.32 16.54
1931.00 2.32 16.47
1932.00 2.31 16.52
1933.00 2.32 16.47
1934.00 2.32 16.52
1935.00 2.33 16.43
1936.00 2.34 16.43
1937.00 2.34 16.35
1938.00 2.33 16.30
1939.00 2.33 16.32
1940.00 2.32 16.34
1941.00 2.31 16.34
1942.00 2.30 16.30
1943.00 2.30 16.26
1944.00 2.29 16.26
1945.00 2.29 16.27
1946.00 2.28 16.27
1947.00 2.29 16.27
1948.00 2.27 16.31
1949.00 2.27 16.29
1950.00 2.25 16.27
1951.00 2.24 16.24
1952.00 2.24 16.18
1953.00 2.24 16.10
1954.00 2.24 16.10
1955.00 2.25 16.12
1956.00 2.25 16.18
1957.00 2.27 16.23
1958.00 2.27 16.25
1959.00 2.26 16.19
1960.00 2.25 16.14
1961.00 2.24 16.10
1962.00 2.24 16.09
1963.00 2.23 15.98
1964.00 2.21 15.97
1965.00 2.22 15.92
1966.00 2.22 15.89
1967.00 2.23 15.89
1968.00 2.22 15.89
1969.00 2.21 15.90
1970.00 2.21 15.96
1971.00 2.21 15.97
1972.00 2.23 15.95
1973.00 2.22 15.94
1974.00 2.22 15.97
1975.00 2.23 15.97
1976.00 2.23 15.99
1977.00 2.23 16.00
1978.00 2.23 16.03
1979.00 2.23 16.09
1980.00 2.22 16.06
1981.00 2.23 16.10
1982.00 2.24 16.03
1983.00 2.24 16.05
1984.00 2.24 16.08
1985.00 2.28 16.17
1986.00 2.28 16.17
1987.00 2.28 16.17
1988.00 2.27 16.25
1989.00 2.27 16.25
1990.00 2.28 16.24
1991.00 2.27 16.23
1992.00 2.27 16.23
1993.00 2.26 16.20
1994.00 2.25 16.20
1995.00 2.27 16.15
1996.00 2.27 16.15
1997.00 2.27 16.12
1998.00 2.27 16.04
1999.00 2.27 16.07
2000.00 2.26 16.07
2001.00 2.27 16.12
2002.00 2.27 16.07
2003.00 2.25 16.02
2004.00 2.24 16.03
2005.00 2.23 16.00
2006.00 2.22 16.03
2007.00 2.23 16.12
2008.00 2.23 16.13
2009.00 2.22 16.18
2010.00 2.22 16.21
2011.00 2.21 16.32
2012.00 2.20 16.34
2013.00 2.19 16.33
2014.00 2.18 16.30
2015.00 2.17 16.32
2016.00 2.19 16.29
2017.00 2.19 16.29
2018.00 2.18 16.34
2019.00 2.17 16.25
2020.00 2.17 16.30
2021.00 2.15 16.28
2022.00 2.17 16.30
2023.00 2.17 16.33
2024.00 2.16 16.33
2025.00 2.17 16.39
2026.00 2.17 16.44
2027.00 2.15 16.44
2028.00 2.15 16.44
2029.00 2.14 16.32
2030.00 2.13 16.38
2031.00 2.14 16.35
2032.00 2.15 16.34
2033.00 2.14 16.32
2034.00 2.15 16.25
2035.00 2.14 16.24
2036.00 2.14 16.31
2037.00 2.14 16.29
2038.00 2.13 16.23
2039.00 2.12 16.26
2040.00 2.12 16.29
2041.00 2.11 16.27
2042.00 2.12 16.28
2043.00 2.14 16.26
2044.00 2.14 16.27
2045.00 2.13 16.34
2046.00 2.15 16.30
2047.00 2.15 16.33
2048.00 2.14 16.32
2049.00 2.13 16.20
2050.00 2.14 16.20
2051.00 2.15 16.17
2052.00 2.16 16.25
2053.00 2.18 16.29
2054.00 2.18 16.36
2055.00 2.18 16.35
2056.00 2.19 16.31
2057.00 2.18 16.26
2058.00 2.17 16.16
2059.00 2.16 16.19
2060.00 2.16 16.17
2061.00 2.16 16.14
2062.00 2.15 16.18
2063.00 2.13 16.10
2064.00 2.13 16.14
2065.00 2.14 16.11
2066.00 2.14 16.10
2067.00 2.14 16.15
2068.00 2.15 16.08
2069.00 2.13 16.07
2070.00 2.13 16.05
2071.00 2.12 16.11
2072.00 2.12 16.13
2073.00 2.12 16.04
2074.00 2.11 15.99
2075.00 2.11 16.03
2076.00 2.13 16.05
2077.00 2.14 16.12
2078.00 2.14 16.12
2079.00 2.14 16.12
2080.00 2.15 16.14
2081.00 2.16 16.13
2082.00 2.16 16.17
2083.00 2.17 16.21
2084.00 2.17 16.18
2085.00 2.17 16.19
2086.00 2.15 16.23
2087.00 2.17 16.31
2088.00 2.16 16.36
2089.00 2.17 16.26
2090.00 2.17 16.29
2091.00 2.17 16.28
2092.00 2.17 16.23
2093.00 2.15 16.27
2094.00 2.16 16.30
2095.00 2.17 16.37
2096.00 2.17 16.32
2097.00 2.18 16.35
2098.00 2.19 16.31
2099.00 2.19 16.40
2100.00 2.21 16.39
2101.00 2.23 16.42
2102.00 2.23 16.44
2103.00 2.24 16.45
2104.00 2.24 16.43
2105.00 2.23 16.40
2106.00 2.25 16.34
2107.00 2.25 16.28
2108.00 2.24 16.26
2109.00 2.24 16.27
2110.00 2.24 16.25
2111.00 2.23 16.25
2112.00 2.24 16.24
2113.00 2.23 16.23
2114.00 2.23 16.30
2115.00 2.23 16.34
2116.00 2.22 16.34
2117.00 2.23 16.31
2118.00 2.24 16.31
2119.00 2.21 16.37
2120.00 2.21 16.34
2121.00 2.22 16.28
2122.00 2.23 16.24
2123.00 2.24 16.21
2124.00 2.24 16.24
2125.00 2.23 16.22
2126.00 2.21 16.24
2127.00 2.21 16.21
2128.00 2.21 16.15
2129.00 2.21 16.24
2130.00 2.20 16.30
2131.00 2.19 16.31
2132.00 2.17 16.26
2133.00 2.17 16.24
2134.00 2.17 16.20
2135.00 2.17 16.15
2136.00 2.17 16.18
2137.00 2.16 16.15
2138.00 2.17 16.20
2139.00 2.17 16.23
2140.00 2.18 16.19
2141.00 2.18 16.21
2142.00 2.17 16.23
2143.00 2.19 16.24
2144.00 2.19 16.24
2145.00 2.21 16.25
2146.00 2.23 16.30
2147.00 2.21 16.32
2148.00 2.20 16.33
2149.00 2.21 16.32
2150.00 2.21 16.30
2151.00 2.21 16.33
2152.00 2.21 16.33
2153.00 2.19 16.35
2154.00 2.18 16.36
2155.00 2.19 16.31
2156.00 2.19 16.30
2157.00 2.18 16.27
2158.00 2.18 16.34
2159.00 2.18 16.32
2160.00 2.18 16.25
2161.00 2.19 16.29
2162.00 2.19 16.25
2163.00 2.18 16.29
2164.00 2.18 16.26
2165.00 2.17 16.26
2166.00 2.15 16.28
2167.00 2.15 16.28
2168.00 2.16 16.23
2169.00 2.15 16.25
2170.00 2.14 16.19
2171.00 2.13 16.19
2172.00 2.12 16.18
2173.00 2.13 16.23
2174.00 2.12 16.31
2175.00 2.12 16.31
2176.00 2.14 16.39
2177.00 2.15 16.40
2178.00 2.16 16.39
2179.00 2.16 16.41
2180.00 2.13 16.44
2181.00 2.15 16.45
2182.00 2.15 16.51
2183.00 2.16 16.54
2184.00 2.16 16.61
2185.00 2.15 16.65
2186.00 2.14 16.54
2187.00 2.14 16.48
2188.00 2.16 16.44
2189.00 2.15 16.46
2190.00 2.15 16.50
2191.00 2.13 16.50
2192.00 2.13 16.46
2193.00 2.11 16.47
2194.00 2.11 16.42
2195.00 2.11 16.45
2196.00 2.11 16.51
2197.00 2.13 16.49
2198.00 2.12 16.52
2199.00 2.12 16.58
2200.00 2.12 16.60
2201.00 2.13 16.63
2202.00 2.12 16.64
2203.00 2.11 16.60
2204.00 2.12 16.57
2205.00 2.13 16.59
2206.00 2.14 16.55
2207.00 2.15 16.57
2208.00 2.15 16.66
2209.00 2.14 16.69
2210.00 2.14 16.72
2211.00 2.13 16.71
2212.00 2.12 16.76
2213.00 2.12 16.80
2214.00 2.11 16.78
2215.00 2.13 16.80
2216.00 2.12 16.78
2217.00 2.13 16.83
2218.00 2.13 16.83
2219.00 2.14 16.86
2220.00 2.13 16.88
2221.00 2.13 16.89
2222.00 2.13 16.84
2223.00 2.13 16.88
2224.00 2.12 16.89
2225.00 2.10 16.91
2226.00 2.10 16.89
2227.00 2.10 16.93
2228.00 2.11 16.90
2229.00 2.11 16.98
2230.00 2.12 16.99
2231.00 2.10 16.87
2232.00 2.09 16.96
2233.00 2.10 16.98
2234.00 2.10 16.97
2235.00 2.10 17.00
2236.00 2.12 17.06
2237.00 2.13 17.07
2238.00 2.12 17.12
2239.00 2.11 17.12
2240.00 2.12 17.06
2241.00 2.11 17.09
2242.00 2.09 17.02
2243.00 2.09 17.04
2244.00 2.09 17.06
2245.00 2.09 17.03
2246.00 2.08 17.05
2247.00 2.09 17.12
2248.00 2.09 17.09
2249.00 2.09 17.08
2250.00 2.11 17.06
2251.00 2.12 17.01
2252.00 2.13 17.08
2253.00 2.12 16.98
2254.00 2.13 16.90
2255.00 2.12 16.91
2256.00 2.12 16.89
2257.00 2.12 16.89
2258.00 2.12 16.89
2259.00 2.11 16.91
2260.00 2.11 16.93
2261.00 2.12 17.00
2262.00 2.12 16.99
2263.00 2.12 17.08
2264.00 2.13 17.05
2265.00 2.13 17.10
2266.00 2.11 17.07
2267.00 2.11 16.97
2268.00 2.11 16.98
2269.00 2.11 16.89
2270.00 2.11 16.90
2271.00 2.12 16.85
2272.00 2.12 16.85
2273.00 2.13 16.85
2274.00 2.13 16.84
2275.00 2.12 16.91
2276.00 2.12 16.91
2277.00 2.12 16.92
2278.00 2.12 16.94
2279.00 2.13 16.93
2280.00 2.13 16.89
2281.00 2.13 16.97
2282.00 2.14 16.98
2283.00 2.14 16.94
2284.00 2.13 16.95
2285.00 2.12 16.97
2286.00 2.12 17.00
2287.00 2.13 16.98
2288.00 2.14 17.00
2289.00 2.14 16.90
2290.00 2.14 16.93
2291.00 2.13 16.92
2292.00 2.13 16.84
2293.00 2.14 16.81
2294.00 2.13 16.85
2295.00 2.15 16.84
2296.00 2.14 16.84
2297.00 2.15 16.85
2298.00 2.15 16.84
2299.00 2.14 16.91
2300.00 2.14 16.88
2301.00 2.13 16.86
2302.00 2.14 16.83
2303.00 2.15 16.76
2304.00 2.15 16.72
2305.00 2.15 16.72
2306.00 2.13 16.71
2307.00 2.15 16.77
2308.00 2.16 16.79
2309.00 2.17 16.74
2310.00 2.20 16.81
2311.00 2.19 16.79
2312.00 2.18 16.80
2313.00 2.19 16.82
2314.00 2.18 16.75
2315.00 2.18 16.82
2316.00 2.18 16.83
2317.00 2.18 16.86
2318.00 2.19 16.87
2319.00 2.18 16.86
2320.00 2.19 16.83
2321.00 2.19 16.86
2322.00 2.19 16.89
2323.00 2.21 16.92
2324.00 2.21 16.96
2325.00 2.21 16.98
2326.00 2.19 16.94
2327.00 2.19 16.94
2328.00 2.19 16.96
2329.00 2.19 16.91
2330.00 2.18 16.97
2331.00 2.16 16.98
2332.00 2.15 16.94
2333.00 2.14 16.94
2334.00 2.14 16.91
2335.00 2.15 16.94
2336.00 2.15 16.94
2337.00 2.15 16.97
2338.00 2.17 16.99
2339.00 2.17 16.99
2340.00 2.16 17.02
2341.00 2.15 16.99
2342.00 2.15 17.05
2343.00 2.17 17.06
2344.00 2.17 17.09
2345.00 2.16 17.10
2346.00 2.16 17.11
2347.00 2.14 17.11
2348.00 2.15 17.08
2349.00 2.14 17.07
2350.00 2.14 17.09
2351.00 2.16 17.14
2352.00 2.17 17.15
2353.00 2.16 17.22
2354.00 2.14 17.25
2355.00 2.15 17.31
2356.00 2.14 17.30
2357.00 2.11 17.28
2358.00 2.12 17.28
2359.00 2.13 17.26
2360.00 2.14 17.23
2361.00 2.13 17.31
2362.00 2.15 17.29
2363.00 2.14 17.31
2364.00 2.14 17.31
2365.00 2.14 17.35
2366.00 2.14 17.36
2367.00 2.14 17.33
2368.00 2.13 17.30
2369.00 2.12 17.31
2370.00 2.12 17.43
2371.00 2.11 17.37
2372.00 2.11 17.40
2373.00 2.10 17.29
2374.00 2.10 17.28
2375.00 2.10 17.36
2376.00 2.11 17.29
2377.00 2.11 17.30
2378.00 2.11 17.32
2379.00 2.11 17.34
2380.00 2.11 17.30
2381.00 2.13 17.30
2382.00 2.11 17.31
2383.00 2.12 17.37
2384.00 2.11 17.41
2385.00 2.11 17.37
2386.00 2.11 17.35
2387.00 2.14 17.37
2388.00 2.16 17.31
2389.00 2.15 17.31
2390.00 2.14 17.36
2391.00 2.14 17.37
2392.00 2.15 17.47
2393.00 2.14 17.37
2394.00 2.14 17.32
2395.00 2.14 17.36
2396.00 2.14 17.32
2397.00 2.13 17.39
2398.00 2.12 17.33
2399.00 2.12 17.24
2400.00 2.11 17.18
2401.00 2.11 17.17
2402.00 2.10 17.23
2403.00 2.10 17.18
2404.00 2.09 17.14
2405.00 2.08 17.21
2406.00 2.10 17.17
2407.00 2.10 17.20
2408.00 2.11 17.20
2409.00 2.10 17.25
2410.00 2.10 17.26
2411.00 2.10 17.28
2412.00 2.11 17.31
2413.00 2.10 17.33
2414.00 2.09 17.32
2415.00 2.12 17.33
2416.00 2.13 17.32
2417.00 2.14 17.32
2418.00 2.14 17.32
2419.00 2.10 17.31
2420.00 2.12 17.31
2421.00 2.12 17.33
2422.00 2.10 17.32
2423.00 2.11 17.34
2424.00 2.12 17.39
2425.00 2.11 17.33
2426.00 2.12 17.36
2427.00 2.11 17.34
2428.00 2.10 17.31
2429.00 2.11 17.37
2430.00 2.10 17.35
2431.00 2.08 17.37
2432.00 2.06 17.37
2433.00 2.08 17.39
2434.00 2.07 17.37
2435.00 2.07 17.47
2436.00 2.07 17.49
2437.00 2.07 17.50
2438.00 2.06 17.49
2439.00 2.07 17.43
2440.00 2.07 17.51
2441.00 2.06 17.52
2442.00 2.08 17.55
2443.00 2.08 17.60
2444.00 2.07 17.65
2445.00 2.08 17.68
2446.00 2.08 17.71
2447.00 2.08 17.64
2448.00 2.07 17.64
2449.00 2.08 17.65
2450.00 2.07 17.65
2451.00 2.06 17.69
2452.00 2.08 17.67
2453.00 2.07 17.71
2454.00 2.08 17.70
2455.00 2.06 17.65
2456.00 2.07 17.69
2457.00 2.07 17.70
2458.00 2.07 17.75
2459.00 2.07 17.75
2460.00 2.07 17.75
2461.00 2.07 17.76
2462.00 2.07 17.74
2463.00 2.08 17.68
2464.00 2.08 17.67
2465.00 2.07 17.64
2466.00 2.06 17.58
2467.00 2.08 17.58
2468.00 2.09 17.62
2469.00 2.08 17.61
2470.00 2.09 17.55
2471.00 2.08 17.46
2472.00 2.09 17.45
2473.00 2.09 17.48
2474.00 2.09 17.46
2475.00 2.10 17.50
2476.00 2.10 17.47
2477.00 2.09 17.45
2478.00 2.10 17.52
2479.00 2.10 17.54
2480.00 2.10 17.61
2481.00 2.10 17.63
2482.00 2.11 17.65
2483.00 2.11 17.58
2484.00 2.13 17.57
2485.00 2.13 17.58
2486.00 2.12 17.61
2487.00 2.13 17.55
2488.00 2.14 17.48
2489.00 2.14 17.47
2490.00 2.15 17.50
2491.00 2.16 17.53
2492.00 2.16 17.54
2493.00 2.15 17.56
2494.00 2.15 17.55
2495.00 2.15 17.59
2496.00 2.16 17.57
2497.00 2.15 17.49
2498.00 2.17 17.48
2499.00 2.15 17.47
2500.00 2.15 17.39
2501.00 2.15 17.39
2502.00 2.14 17.35
2503.00 2.14 17.45
2504.00 2.13 17.39
2505.00 2.14 17.41
2506.00 2.14 17.37
2507.00 2.14 17.34
2508.00 2.15 17.38
2509.00 2.13 17.45
2510.00 2.13 17.43
2511.00 2.12 17.45
2512.00 2.14 17.39
2513.00 2.14 17.46
2514.00 2.15 17.47
2515.00 2.13 17.46
2516.00 2.13 17.49
2517.00 2.13 17.48
2518.00 2.13 17.46
2519.00 2.12 17.46
2520.00 2.11 17.46
2521.00 2.11 17.49
2522.00 2.09 17.38
2523.00 2.08 17.33
2524.00 2.08 17.33
2525.00 2.06 17.35
2526.00 2.07 17.36
2527.00 2.05 17.42
2528.00 2.05 17.42
2529.00 2.04 17.43
2530.00 2.05 17.47
2531.00 2.05 17.51
2532.00 2.04 17.49
2533.00 2.04 17.53
2534.00 2.04 17.47
2535.00 2.04 17.50
2536.00 2.05 17.51
2537.00 2.05 17.48
2538.00 2.05 17.53
2539.00 2.07 17.49
2540.00 2.08 17.45
2541.00 2.08 17.41
2542.00 2.09 17.35
2543.00 2.10 17.41
2544.00 2.08 17.44
2545.00 2.11 17.42
2546.00 2.13 17.41
2547.00 2.12 17.40
2548.00 2.12 17.45
2549.00 2.13 17.43
2550.00 2.13 17.43
2551.00 2.12 17.45
2552.00 2.13 17.42
2553.00 2.12 17.41
2554.00 2.13 17.41
2555.00 2.14 17.39
2556.00 2.15 17.35
2557.00 2.16 17.35
2558.00 2.15 17.36
2559.00 2.14 17.31
2560.00 2.14 17.41
2561.00 2.13 17.32
2562.00 2.13 17.38
2563.00 2.12 17.43
2564.00 2.12 17.39
2565.00 2.13 17.44
2566.00 2.12 17.41
2567.00 2.12 17.49
2568.00 2.11 17.47
2569.00 2.11 17.51
2570.00 2.12 17.46
2571.00 2.11 17.46
2572.00 2.14 17.47
2573.00 2.13 17.37
2574.00 2.12 17.40
2575.00 2.12 17.40
2576.00 2.11 17.36
2577.00 2.11 17.34
2578.00 2.12 17.32
2579.00 2.11 17.35
2580.00 2.11 17.35
2581.00 2.10 17.40
2582.00 2.10 17.35
2583.00 2.10 17.44
2584.00 2.09 17.42
2585.00 2.07 17.48
2586.00 2.08 17.46
2587.00 2.08 17.44
2588.00 2.09 17.35
2589.00 2.10 17.39
2590.00 2.09 17.39
2591.00 2.10 17.44
2592.00 2.10 17.39
2593.00 2.10 17.42
2594.00 2.11 17.48
2595.00 2.10 17.54
2596.00 2.11 17.52
2597.00 2.13 17.58
2598.00 2.13 17.62
2599.00 2.13 17.63
2600.00 2.12 17.70
2601.00 2.11 17.69
2602.00 2.10 17.69
2603.00 2.10 17.66
2604.00 2.10 17.59
2605.00 2.08 17.63
2606.00 2.08 17.66
2607.00 2.07 17.70
2608.00 2.07 17.72
2609.00 2.08 17.74
2610.00 2.08 17.75
2611.00 2.06 17.85
2612.00 2.06 17.79
2613.00 2.05 17.72
2614.00 2.05 17.77
2615.00 2.06 17.80
2616.00 2.05 17.81
2617.00 2.06 17.77
2618.00 2.07 17.78
2619.00 2.08 17.78
2620.00 2.06 17.80
2621.00 2.05 17.74
2622.00 2.05 17.72
2623.00 2.05 17.81
2624.00 2.07 17.82
2625.00 2.07 17.86
2626.00 2.08 17.91
2627.00 2.07 17.90
2628.00 2.08 17.90
2629.00 2.06 17.95
2630.00 2.07 17.95
2631.00 2.08 17.95
2632.00 2.08 17.85
2633.00 2.11 17.82
2634.00 2.09 17.84
2635.00 2.09 17.88
2636.00 2.09 17.85
2637.00 2.09 17.91
2638.00 2.09 17.91
2639.00 2.10 18.00
2640.00 2.10 18.02
2641.00 2.10 18.01
2642.00 2.10 17.97
2643.00 2.09 17.95
2644.00 2.08 17.93
2645.00 2.08 17.94
2646.00 2.09 17.97
2647.00 2.08 18.01
2648.00 2.09 18.01
2649.00 2.08 17.98
2650.00 2.09 17.96
2651.00 2.10 17.96
2652.00 2.08 17.98
2653.00 2.08 17.96
2654.00 2.09 17.98
2655.00 2.09 17.98
2656.00 2.08 18.02
2657.00 2.10 18.00
2658.00 2.10 18.01
2659.00 2.10 18.05
2660.00 2.09 18.02
2661.00 2.08 18.02
2662.00 2.08 18.04
2663.00 2.08 18.08
2664.00 2.08 18.00
2665.00 2.07 17.97
2666.00 2.07 17.93
2667.00 2.06 17.90
2668.00 2.06 17.96
2669.00 2.05 17.94
2670.00 2.06 18.07
2671.00 2.04 18.08
2672.00 2.05 18.04
2673.00 2.05 18.03
2674.00 2.04 17.98
2675.00 2.05 17.97
2676.00 2.04 17.95
2677.00 2.02 18.01
2678.00 2.02 18.03
2679.00 2.00 18.03
2680.00 2.00 18.05
2681.00 2.02 18.11
2682.00 2.00 18.08
2683.00 2.01 18.13
2684.00 2.00 18.16
2685.00 2.00 18.18
2686.00 2.00 18.18
2687.00 1.99 18.15
2688.00 2.00 18.20
2689.00 2.02 18.17
2690.00 2.03 18.17
2691.00 2.03 18.23
2692.00 2.03 18.26
2693.00 2.03 18.27
2694.00 2.03 18.31
2695.00 2.03 18.24
2696.00 2.03 18.24
2697.00 2.04 18.25
2698.00 2.04 18.31
2699.00 2.05 18.32
2700.00 2.02 18.33
2701.00 2.03 18.30
2702.00 2.03 18.35
2703.00 2.04 18.35
2704.00 2.06 18.36
2705.00 2.05 18.41
2706.00 2.06 18.40
2707.00 2.04 18.41
2708.00 2.02 18.41
2709.00 2.03 18.32
2710.00 2.04 18.35
2711.00 2.03 18.35
2712.00 2.05 18.33
2713.00 2.06 18.34
2714.00 2.06 18.27
2715.00 2.05 18.26
2716.00 2.04 18.31
2717.00 2.04 18.34
2718.00 2.04 18.38
2719.00 2.05 18.39
2720.00 2.07 18.35
2721.00 2.07 18.39
2722.00 2.07 18.38
2723.00 2.08 18.33
2724.00 2.07 18.31
2725.00 2.07 18.32
2726.00 2.07 18.29
2727.00 2.06 18.36
2728.00 2.07 18.34
2729.00 2.06 18.28
2730.00 2.06 18.36
2731.00 2.06 18.30
2732.00 2.06 18.36
2733.00 2.07 18.27
2734.00 2.06 18.27
2735.00 2.05 18.30
2736.00 2.04 18.25
2737.00 2.02 18.28
2738.00 2.02 18.24
2739.00 2.02 18.30
2740.00 2.02 18.29
2741.00 2.03 18.31
2742.00 2.01 18.30
2743.00 2.02 18.37
2744.00 2.00 18.28
2745.00 2.00 18.28
2746.00 2.01 18.27
2747.00 2.00 18.27
2748.00 2.01 18.32
2749.00 2.01 18.38
2750.00 2.01 18.32
2751.00 2.01 18.27
2752.00 2.01 18.29
2753.00 2.01 18.34
2754.00 2.01 18.39
2755.00 2.01 18.44
2756.00 2.01 18.40
2757.00 2.02 18.35
2758.00 1.99 18.37
2759.00 1.99 18.38
2760.00 2.00 18.37
2761.00 2.01 18.42
2762.00 2.01 18.45
2763.00 2.02 18.38
2764.00 2.02 18.32
2765.00 2.03 18.34
2766.00 2.01 18.35
2767.00 2.01 18.34
2768.00 2.01 18.37
2769.00 2.01 18.45
2770.00 2.02 18.43
2771.00 2.03 18.45
2772.00 2.02 18.49
2773.00 2.02 18.56
2774.00 2.03 18.60
2775.00 2.03 18.56
2776.00 2.03 18.60
2777.00 2.05 18.56
2778.00 2.05 18.53
2779.00 2.05 18.65
2780.00 2.04 18.61
2781.00 2.03 18.61
2782.00 2.03 18.53
2783.00 2.04 18.57
2784.00 2.03 18.58
2785.00 2.03 18.57
2786.00 2.03 18.57
2787.00 2.03 18.64
2788.00 2.03 18.64
