0.00 3.14 33.58
1.00 3.14 33.58
2.00 3.14 33.58
3.00 3.14 33.58
4.00 3.14 33.58
5.00 3.14 33.58
6.00 3.14 33.58
7.00 3.14 33.58
8.00 3.14 33.58
9.00 3.14 33.58
10.00 3.14 33.58
11.00 3.14 33.58
12.00 3.14 33.58
13.00 3.14 33.58
14.00 3.14 33.58
15.00 3.14 33.58
16.00 3.14 33.58
17.00 3.14 33.58
18.00 3.14 33.58
19.00 3.14 33.58
20.00 3.14 33.58
21.00 3.14 33.58
22.00 3.14 33.58
23.00 3.14 33.58
24.00 3.14 33.58
25.00 3.14 33.58
26.00 3.14 33.58
27.00 3.14 33.58
28.00 3.14 33.58
29.00 3.14 33.58
30.00 3.14 33.58
31.00 3.14 33.58
32.00 3.14 33.58
33.00 3.14 33.58
34.00 3.14 33.58
35.00 3.14 33.58
36.00 3.14 33.58
37.00 3.14 33.58
38.00 3.14 33.58
39.00 3.14 33.58
40.00 3.14 33.58
41.00 3.14 33.58
42.00 3.14 33.58
43.00 3.14 33.58
44.00 3.14 33.58
45.00 3.14 33.58
46.00 3.14 33.58
47.00 3.14 33.58
48.00 3.14 33.58
49.00 3.14 33.58
50.00 3.14 33.58
51.00 3.14 33.58
52.00 3.14 33.58
53.00 3.14 33.58
54.00 3.14 33.58
55.00 3.14 33.58
56.00 3.14 33.58
57.00 3.14 33.58
58.00 3.14 33.58
59.00 3.14 33.58
60.00 3.14 33.58
61.00 3.14 33.58
62.00 3.14 33.58
63.00 3.14 33.58
64.00 3.14 33.58
65.00 3.14 33.58
66.00 3.14 33.58
67.00 3.14 33.58
68.00 3.14 33.58
69.00 3.14 33.58
70.00 3.14 33.58
71.00 3.14 33.58
72.00 3.14 33.58
73.00 3.14 33.58
74.00 3.14 33.58
75.00 3.14 33.58
76.00 3.14 33.58
77.00 3.14 33.58
78.00 3.14 33.58
79.00 3.14 33.58
80.00 3.14 33.58
81.00 3.14 33.58
82.00 3.14 33.58
83.00 3.14 33.58
84.00 3.14 33.58
85.00 3.14 33.58
86.00 3.14 33.58
87.00 3.14 33.58
88.00 3.14 33.58
89.00 3.14 33.58
90.00 3.14 33.58
91.00 3.14 33.58
92.00 3.14 33.58
93.00 3.14 33.58
94.00 3.14 33.58
95.00 3.14 33.58
96.00 3.14 33.58
97.00 3.14 33.58
98.00 3.14 33.58
99.00 3.14 33.58
100.00 3.14 33.58
101.00 3.14 33.58
102.00 3.14 33.58
103.00 3.14 33.58
104.00 3.14 33.58
105.00 3.14 33.58
106.00 3.14 33.58
107.00 3.14 33.58
108.00 3.14 33.58
109.00 3.14 33.58
110.00 3.14 33.58
111.00 3.14 33.58
112.00 3.14 33.58
113.00 3.14 33.58
114.00 3.14 33.58
115.00 3.14 33.58
116.00 3.14 33.58
117.00 3.14 33.58
118.00 3.14 33.58
119.00 3.14 33.58
120.00 3.14 33.58
121.00 3.14 33.58
122.00 3.14 33.58
123.00 3.14 33.58
124.00 3.14 33.58
125.00 3.14 33.58
126.00 3.14 33.58
127.00 3.14 33.58
128.00 3.14 33.58
129.00 3.14 33.58
130.00 3.14 33.58
131.00 3.14 33.58
132.00 3.14 33.58
133.00 3.14 33.58
134.00 3.14 33.58
135.00 3.14 33.58
136.00 3.14 33.58
137.00 3.14 33.58
138.00 3.14 33.58
139.00 3.14 33.58
140.00 3.14 33.58
141.00 3.14 33.58
142.00 3.14 33.58
143.00 3.14 33.58
144.00 3.14 33.58
145.00 3.14 33.58
146.00 3.14 33.58
147.00 3.14 33.58
148.00 3.14 33.58
149.00 3.14 33.58
150.00 3.14 33.58
151.00 3.14 33.58
152.00 3.14 33.58
153.00 3.14 33.58
154.00 3.14 33.58
155.00 3.14 33.58
156.00 3.14 33.58
157.00 3.14 33.58
158.00 3.14 33.58
159.00 3.14 33.58
160.00 3.14 33.58
161.00 3.14 33.58
162.00 3.14 33.58
163.00 3.14 33.58
164.00 3.14 33.58
165.00 3.14 33.58
166.00 3.14 33.58
167.00 3.14 33.58
168.00 3.14 33.58
169.00 3.14 33.58
170.00 3.14 33.58
171.00 3.14 33.58
172.00 3.14 33.58
173.00 3.14 33.58
174.00 3.14 33.58
175.00 3.14 33.58
176.00 3.14 33.58
177.00 3.14 33.58
178.00 3.14 33.58
179.00 3.14 33.58
180.00 3.14 33.58
181.00 3.14 33.58
182.00 3.14 33.58
183.00 3.14 33.58
184.00 3.14 33.58
185.00 3.14 33.58
186.00 3.14 33.58
187.00 3.14 33.58
188.00 3.14 33.58
189.00 3.14 33.58
190.00 3.14 33.58
191.00 3.14 33.58
192.00 3.14 33.58
193.00 3.14 33.58
194.00 3.14 33.58
195.00 3.14 33.58
196.00 3.14 33.58
197.00 3.14 33.58
198.00 3.14 33.58
199.00 3.14 33.58
200.00 3.14 33.58
201.00 3.14 33.58
202.00 3.14 33.58
203.00 3.14 33.58
204.00 3.14 33.58
205.00 3.14 33.58
206.00 3.14 33.58
207.00 3.14 33.58
208.00 3.14 33.58
209.00 3.14 33.58
210.00 3.14 33.58
211.00 3.14 33.58
212.00 3.14 33.58
213.00 3.14 33.58
214.00 3.14 33.58
215.00 3.14 33.58
216.00 3.14 33.58
217.00 3.14 33.58
218.00 3.14 33.58
219.00 3.14 33.58
220.00 3.14 33.58
221.00 3.14 33.58
222.00 3.14 33.58
223.00 3.14 33.58
224.00 3.14 33.58
225.00 3.14 33.58
226.00 3.14 33.58
227.00 3.14 33.58
228.00 3.14 33.58
229.00 3.14 33.58
230.00 3.14 33.58
231.00 3.14 33.58
232.00 3.14 33.58
233.00 3.14 33.58
234.00 3.14 33.58
235.00 3.14 33.58
236.00 3.14 33.58
237.00 3.14 33.58
238.00 3.14 33.58
239.00 3.14 33.58
240.00 3.14 33.58
241.00 3.14 33.58
242.00 3.14 33.58
243.00 3.14 33.58
244.00 3.14 33.58
245.00 3.14 33.58
246.00 3.14 33.58
247.00 3.14 33.58
248.00 3.14 33.58
249.00 3.14 33.58
250.00 3.14 33.58
251.00 3.14 33.58
252.00 3.14 33.58
253.00 3.14 33.58
254.00 3.14 33.58
255.00 3.14 33.58
256.00 3.14 33.58
257.00 3.14 33.58
258.00 3.14 33.58
259.00 3.14 33.58
260.00 3.14 33.58
261.00 3.14 33.58
262.00 3.14 33.58
263.00 3.14 33.58
264.00 3.14 33.58
265.00 3.14 33.58
266.00 3.14 33.58
267.00 3.14 33.58
268.00 3.14 33.58
269.00 3.14 33.58
270.00 3.14 33.58
271.00 3.14 33.58
272.00 3.14 33.58
273.00 3.14 33.58
274.00 3.14 33.58
275.00 3.14 33.58
276.00 3.14 33.58
277.00 3.14 33.58
278.00 3.14 33.58
279.00 3.14 33.58
280.00 3.14 33.58
281.00 3.14 33.58
282.00 3.14 33.58
283.00 3.14 33.58
284.00 3.14 33.58
285.00 3.14 33.58
286.00 3.14 33.58
287.00 3.14 33.58
288.00 3.14 33.58
289.00 3.14 33.58
290.00 3.14 33.58
291.00 3.14 33.58
292.00 3.14 33.58
293.00 3.14 33.58
294.00 3.14 33.58
295.00 3.14 33.58
296.00 3.14 33.58
297.00 3.14 33.58
298.00 3.14 33.58
299.00 3.14 33.58
300.00 3.14 33.58
301.00 3.14 33.58
302.00 3.14 33.58
303.00 3.14 33.58
304.00 3.14 33.58
305.00 3.14 33.58
306.00 3.14 33.58
307.00 3.14 33.58
308.00 3.14 33.58
309.00 3.14 33.58
310.00 3.14 33.58
311.00 3.14 33.58
312.00 3.14 33.58
313.00 3.14 33.58
314.00 3.14 33.58
315.00 3.14 33.58
316.00 3.14 33.58
317.00 3.14 33.58
318.00 3.14 33.58
319.00 3.14 33.58
320.00 3.14 33.58
321.00 3.14 33.58
322.00 3.14 33.58
323.00 3.14 33.58
324.00 3.14 33.58
325.00 3.14 33.58
326.00 3.14 33.58
327.00 3.14 33.58
328.00 3.14 33.58
329.00 3.14 33.58
330.00 3.14 33.58
331.00 3.14 33.58
332.00 3.14 33.58
333.00 3.14 33.58
334.00 3.14 33.58
335.00 3.14 33.58
336.00 3.14 33.58
337.00 3.14 33.58
338.00 3.14 33.58
339.00 3.14 33.58
340.00 3.14 33.58
341.00 3.14 33.58
342.00 3.14 33.58
343.00 3.14 33.58
344.00 3.14 33.58
345.00 3.14 33.58
346.00 3.14 33.58
347.00 3.14 33.58
348.00 3.14 33.58
349.00 3.14 33.58
350.00 3.14 33.58
351.00 3.14 33.58
352.00 3.14 33.58
353.00 3.14 33.58
354.00 3.14 33.58
355.00 3.14 33.58
356.00 3.14 33.58
357.00 3.14 33.58
358.00 3.14 33.58
359.00 3.14 33.58
360.00 3.14 33.58
361.00 3.14 33.58
362.00 3.14 33.58
363.00 3.14 33.58
364.00 3.14 33.58
365.00 3.14 33.58
366.00 3.14 33.58
367.00 3.14 33.58
368.00 3.14 33.58
369.00 3.14 33.58
370.00 3.14 33.58
371.00 3.14 33.58
372.00 3.14 33.58
373.00 3.14 33.58
374.00 3.14 33.58
375.00 3.14 33.58
376.00 3.14 33.58
377.00 3.14 33.58
378.00 3.14 33.58
379.00 3.14 33.58
380.00 3.14 33.58
381.00 3.14 33.58
382.00 3.14 33.58
383.00 3.14 33.58
384.00 3.14 33.58
385.00 3.14 33.58
386.00 3.14 33.58
387.00 3.14 33.58
388.00 3.14 33.58
389.00 3.14 33.58
390.00 3.14 33.58
391.00 3.14 33.58
392.00 3.14 33.58
393.00 3.14 33.58
394.00 3.14 33.58
395.00 3.14 33.58
396.00 3.14 33.58
397.00 3.14 33.58
398.00 3.14 33.58
399.00 3.14 33.58
400.00 3.14 33.58
401.00 3.13 33.53
402.00 3.09 33.55
403.00 3.07 33.58
404.00 3.04 33.63
405.00 3.05 33.65
406.00 3.06 33.61
407.00 3.06 33.59
408.00 3.06 33.56
409.00 3.06 33.46
410.00 3.05 33.41
411.00 3.05 33.38
412.00 3.05 33.45
413.00 3.05 33.43
414.00 3.06 33.45
415.00 3.07 33.44
416.00 3.07 33.49
417.00 3.06 33.49
418.00 3.04 33.50
419.00 3.05 33.48
420.00 3.02 33.48
421.00 3.00 33.43
422.00 2.98 33.39
423.00 2.96 33.41
424.00 2.97 33.46
425.00 2.98 33.49
426.00 2.99 33.53
427.00 2.98 33.55
428.00 2.97 33.48
429.00 2.94 33.52
430.00 2.92 33.47
431.00 2.90 33.47
432.00 2.88 33.43
433.00 2.86 33.40
434.00 2.86 33.33
435.00 2.86 33.20
436.00 2.86 33.20
437.00 2.87 33.21
438.00 2.88 33.17
439.00 2.85 33.20
440.00 2.82 33.20
441.00 2.81 33.24
442.00 2.82 33.27
443.00 2.85 33.35
444.00 2.86 33.44
445.00 2.84 33.47
446.00 2.82 33.43
447.00 2.82 33.38
448.00 2.84 33.28
449.00 2.82 33.25
450.00 2.80 33.16
451.00 2.79 33.07
452.00 2.78 32.92
453.00 2.77 32.93
454.00 2.79 33.00
455.00 2.81 33.06
456.00 2.82 33.13
457.00 2.83 33.14
458.00 2.84 33.14
459.00 2.84 33.19
460.00 2.83 33.13
461.00 2.81 33.12
462.00 2.80 33.04
463.00 2.78 33.04
464.00 2.77 33.00
465.00 2.76 32.99
466.00 2.76 32.93
467.00 2.76 32.90
468.00 2.77 32.89
469.00 2.77 32.90
470.00 2.77 32.91
471.00 2.78 32.92
472.00 2.79 32.90
473.00 2.78 32.93
474.00 2.77 32.95
475.00 2.75 32.93
476.00 2.72 33.02
477.00 2.73 32.89
478.00 2.74 32.86
479.00 2.79 32.86
480.00 2.82 32.91
481.00 2.84 32.85
482.00 2.86 32.80
483.00 2.87 32.71
484.00 2.89 32.67
485.00 2.89 32.65
486.00 2.91 32.61
487.00 2.90 32.57
488.00 2.89 32.48
489.00 2.89 32.40
490.00 2.89 32.32
491.00 2.90 32.29
492.00 2.88 32.31
493.00 2.87 32.40
494.00 2.85 32.45
495.00 2.85 32.43
496.00 2.85 32.40
497.00 2.85 32.37
498.00 2.86 32.43
499.00 2.86 32.46
500.00 2.86 32.36
501.00 2.88 32.29
502.00 2.90 32.33
503.00 2.92 32.32
504.00 2.94 32.34
505.00 2.96 32.33
506.00 2.98 32.35
507.00 3.00 32.27
508.00 3.01 32.16
509.00 3.01 32.08
510.00 3.03 32.08
511.00 3.02 32.10
512.00 3.02 32.22
513.00 3.02 32.27
514.00 3.01 32.27
515.00 3.02 32.20
516.00 3.00 32.18
517.00 2.99 32.19
518.00 2.96 32.28
519.00 2.94 32.33
520.00 2.93 32.29
521.00 2.92 32.33
522.00 2.90 32.37
523.00 2.88 32.35
524.00 2.88 32.38
525.00 2.89 32.46
526.00 2.89 32.40
527.00 2.89 32.44
528.00 2.88 32.45
529.00 2.88 32.38
530.00 2.88 32.36
531.00 2.89 32.29
532.00 2.89 32.27
533.00 2.88 32.20
534.00 2.88 32.27
535.00 2.87 32.40
536.00 2.87 32.45
537.00 2.86 32.48
538.00 2.85 32.48
539.00 2.85 32.48
540.00 2.84 32.51
541.00 2.83 32.55
542.00 2.81 32.54
543.00 2.81 32.48
544.00 2.82 32.44
545.00 2.82 32.40
546.00 2.83 32.29
547.00 2.81 32.33
548.00 2.82 32.25
549.00 2.83 32.28
550.00 2.84 32.28
551.00 2.82 32.24
552.00 2.79 32.18
553.00 2.75 32.15
554.00 2.72 32.08
555.00 2.69 31.98
556.00 2.69 31.87
557.00 2.69 31.80
558.00 2.70 31.74
559.00 2.70 31.75
560.00 2.69 31.76
561.00 2.67 31.65
562.00 2.64 31.67
563.00 2.63 31.65
564.00 2.62 31.72
565.00 2.61 31.66
566.00 2.60 31.59
567.00 2.62 31.55
568.00 2.66 31.60
569.00 2.68 31.67
570.00 2.69 31.66
571.00 2.71 31.70
572.00 2.72 31.69
573.00 2.72 31.63
574.00 2.72 31.65
575.00 2.72 31.64
576.00 2.72 31.53
577.00 2.70 31.52
578.00 2.69 31.48
579.00 2.68 31.42
580.00 2.66 31.35
581.00 2.67 31.32
582.00 2.67 31.34
583.00 2.68 31.33
584.00 2.68 31.36
585.00 2.70 31.36
586.00 2.71 31.46
587.00 2.70 31.47
588.00 2.68 31.51
589.00 2.68 31.46
590.00 2.67 31.44
591.00 2.68 31.37
592.00 2.68 31.29
593.00 2.66 31.17
594.00 2.63 31.06
595.00 2.61 30.97
596.00 2.58 30.96
597.00 2.56 30.97
598.00 2.54 30.95
599.00 2.55 30.89
600.00 2.56 30.94
601.00 2.57 30.93
602.00 2.57 30.96
603.00 2.56 30.85
604.00 2.58 30.76
605.00 2.58 30.80
606.00 2.59 30.83
607.00 2.61 30.89
608.00 2.62 30.90
609.00 2.62 30.93
610.00 2.63 30.88
611.00 2.65 30.88
612.00 2.66 30.92
613.00 2.67 30.94
614.00 2.68 30.96
615.00 2.69 30.97
616.00 2.70 31.05
617.00 2.72 31.07
618.00 2.75 31.15
619.00 2.77 31.13
620.00 2.78 31.14
621.00 2.82 31.15
622.00 2.84 31.14
623.00 2.85 31.16
624.00 2.85 31.16
625.00 2.84 31.21
626.00 2.86 31.21
627.00 2.84 31.20
628.00 2.84 31.11
629.00 2.87 31.10
630.00 2.88 31.13
631.00 2.85 31.10
632.00 2.84 31.04
633.00 2.85 31.00
634.00 2.85 31.00
635.00 2.83 31.01
636.00 2.81 31.05
637.00 2.80 31.01
638.00 2.79 31.05
639.00 2.80 31.07
640.00 2.81 31.03
641.00 2.80 30.99
642.00 2.80 30.91
643.00 2.79 30.87
644.00 2.81 30.82
645.00 2.81 30.87
646.00 2.83 30.91
647.00 2.81 31.03
648.00 2.79 30.99
649.00 2.75 31.04
650.00 2.72 31.05
651.00 2.70 31.04
652.00 2.69 31.01
653.00 2.68 31.05
654.00 2.67 31.02
655.00 2.68 31.04
656.00 2.70 31.02
657.00 2.72 31.01
658.00 2.74 30.98
659.00 2.74 30.98
660.00 2.75 30.87
661.00 2.75 30.80
662.00 2.75 30.75
663.00 2.76 30.72
664.00 2.76 30.70
665.00 2.73 30.65
666.00 2.73 30.59
667.00 2.71 30.65
668.00 2.71 30.71
669.00 2.71 30.78
670.00 2.72 30.80
671.00 2.73 30.84
672.00 2.71 30.83
673.00 2.68 30.82
674.00 2.66 30.82
675.00 2.66 30.81
676.00 2.64 30.89
677.00 2.66 30.94
678.00 2.67 30.95
679.00 2.67 30.84
680.00 2.66 30.83
681.00 2.65 30.87
682.00 2.65 30.84
683.00 2.64 30.82
684.00 2.63 30.71
685.00 2.63 30.68
686.00 2.65 30.66
687.00 2.64 30.74
688.00 2.68 30.72
689.00 2.67 30.76
690.00 2.66 30.69
691.00 2.65 30.69
692.00 2.63 30.69
693.00 2.61 30.63
694.00 2.58 30.63
695.00 2.57 30.61
696.00 2.57 30.62
697.00 2.58 30.67
698.00 2.58 30.66
699.00 2.59 30.66
700.00 2.58 30.61
701.00 2.59 30.55
702.00 2.58 30.53
703.00 2.58 30.56
704.00 2.61 30.55
705.00 2.62 30.51
706.00 2.63 30.51
707.00 2.63 30.44
708.00 2.63 30.45
709.00 2.62 30.46
710.00 2.63 30.48
711.00 2.60 30.50
712.00 2.57 30.36
713.00 2.55 30.22
714.00 2.55 30.14
715.00 2.55 30.11
716.00 2.52 30.08
717.00 2.50 29.98
718.00 2.50 29.88
719.00 2.52 29.82
720.00 2.51 29.83
721.00 2.48 29.80
722.00 2.46 29.77
723.00 2.45 29.70
724.00 2.45 29.63
725.00 2.44 29.64
726.00 2.48 29.65
727.00 2.49 29.70
728.00 2.50 29.75
729.00 2.53 29.66
730.00 2.53 29.66
731.00 2.53 29.72
732.00 2.54 29.79
733.00 2.55 29.79
734.00 2.58 29.81
735.00 2.60 29.85
736.00 2.61 29.84
737.00 2.61 29.74
738.00 2.60 29.77
739.00 2.58 29.81
740.00 2.57 29.84
741.00 2.57 29.79
742.00 2.56 29.80
743.00 2.58 29.76
744.00 2.59 29.76
745.00 2.58 29.71
746.00 2.57 29.65
747.00 2.56 29.57
748.00 2.55 29.47
749.00 2.55 29.41
750.00 2.54 29.36
751.00 2.53 29.37
752.00 2.55 29.36
753.00 2.56 29.43
754.00 2.57 29.40
755.00 2.56 29.44
756.00 2.56 29.42
757.00 2.58 29.41
758.00 2.60 29.37
759.00 2.62 29.33
760.00 2.63 29.28
761.00 2.60 29.13
762.00 2.59 29.02
763.00 2.57 29.01
764.00 2.56 28.88
765.00 2.58 28.87
766.00 2.60 28.83
767.00 2.57 28.91
768.00 2.58 28.98
769.00 2.58 29.06
770.00 2.59 29.06
771.00 2.58 29.08
772.00 2.59 29.09
773.00 2.58 29.23
774.00 2.59 29.26
775.00 2.62 29.25
776.00 2.64 29.33
777.00 2.64 29.37
778.00 2.63 29.38
779.00 2.60 29.35
780.00 2.58 29.43
781.00 2.57 29.41
782.00 2.56 29.37
783.00 2.56 29.28
784.00 2.55 29.24
785.00 2.56 29.25
786.00 2.57 29.30
787.00 2.59 29.30
788.00 2.60 29.29
789.00 2.62 29.28
790.00 2.62 29.36
791.00 2.62 29.32
792.00 2.63 29.34
793.00 2.68 29.37
794.00 2.71 29.40
795.00 2.72 29.40
796.00 2.72 29.36
797.00 2.73 29.28
798.00 2.73 29.30
799.00 2.70 29.26
800.00 2.69 29.21
801.00 2.69 29.29
802.00 2.71 29.23
803.00 2.70 29.18
804.00 2.70 29.18
805.00 2.70 29.30
806.00 2.71 29.36
807.00 2.71 29.43
808.00 2.71 29.46
809.00 2.71 29.42
810.00 2.73 29.38
811.00 2.74 29.41
812.00 2.77 29.46
813.00 2.76 29.57
814.00 2.76 29.64
815.00 2.76 29.60
816.00 2.75 29.64
817.00 2.73 29.61
818.00 2.71 29.57
819.00 2.70 29.50
820.00 2.68 29.47
821.00 2.65 29.40
822.00 2.62 29.30
823.00 2.61 29.29
824.00 2.61 29.27
825.00 2.61 29.24
826.00 2.59 29.22
827.00 2.56 29.18
828.00 2.56 29.22
829.00 2.56 29.20
830.00 2.54 29.21
831.00 2.53 29.20
832.00 2.51 29.21
833.00 2.52 29.16
834.00 2.53 29.15
835.00 2.53 29.11
836.00 2.53 29.06
837.00 2.54 29.08
838.00 2.54 29.07
839.00 2.54 29.11
840.00 2.56 29.14
841.00 2.57 29.20
842.00 2.57 29.20
843.00 2.58 29.18
844.00 2.60 29.18
845.00 2.61 29.14
846.00 2.60 29.16
847.00 2.59 29.12
848.00 2.56 29.12
849.00 2.54 29.02
850.00 2.55 29.04
851.00 2.55 29.07
852.00 2.53 29.04
853.00 2.52 29.05
854.00 2.51 28.99
855.00 2.51 28.91
856.00 2.50 28.85
857.00 2.49 28.78
858.00 2.50 28.72
859.00 2.51 28.71
860.00 2.54 28.74
861.00 2.56 28.80
862.00 2.56 28.79
863.00 2.54 28.76
864.00 2.55 28.71
865.00 2.53 28.70
866.00 2.53 28.76
867.00 2.55 28.81
868.00 2.57 28.90
869.00 2.60 28.97
870.00 2.61 28.96
871.00 2.62 28.95
872.00 2.61 28.97
873.00 2.60 29.00
874.00 2.61 28.94
875.00 2.60 28.96
876.00 2.61 28.95
877.00 2.60 29.01
878.00 2.62 28.98
879.00 2.64 28.96
880.00 2.65 28.95
881.00 2.67 28.97
882.00 2.67 28.99
883.00 2.69 28.97
884.00 2.69 28.91
885.00 2.69 28.92
886.00 2.70 28.88
887.00 2.69 28.87
888.00 2.71 28.89
889.00 2.70 28.89
890.00 2.71 28.94
891.00 2.71 29.02
892.00 2.71 28.98
893.00 2.72 28.98
894.00 2.74 28.94
895.00 2.76 28.97
896.00 2.76 29.02
897.00 2.77 29.13
898.00 2.78 29.19
899.00 2.80 29.19
900.00 2.78 29.20
901.00 2.78 29.21
902.00 2.75 29.18
903.00 2.73 29.13
904.00 2.71 29.12
905.00 2.67 29.09
906.00 2.65 29.08
907.00 2.61 28.98
908.00 2.60 28.95
909.00 2.58 28.90
910.00 2.57 28.85
911.00 2.59 28.78
912.00 2.59 28.78
913.00 2.61 28.78
914.00 2.62 28.74
915.00 2.64 28.80
916.00 2.66 28.86
917.00 2.65 28.85
918.00 2.67 28.83
919.00 2.66 28.83
920.00 2.66 28.75
921.00 2.66 28.74
922.00 2.67 28.84
923.00 2.68 28.88
924.00 2.68 28.89
925.00 2.68 28.91
926.00 2.68 28.98
927.00 2.66 28.99
928.00 2.65 28.98
929.00 2.65 29.00
930.00 2.63 29.03
931.00 2.62 29.01
932.00 2.61 28.98
933.00 2.61 28.84
934.00 2.60 28.74
935.00 2.57 28.66
936.00 2.56 28.69
937.00 2.58 28.66
938.00 2.58 28.67
939.00 2.57 28.66
940.00 2.56 28.66
941.00 2.58 28.72
942.00 2.60 28.72
943.00 2.59 28.76
944.00 2.59 28.69
945.00 2.59 28.58
946.00 2.59 28.60
947.00 2.60 28.57
948.00 2.60 28.54
949.00 2.62 28.55
950.00 2.61 28.48
951.00 2.62 28.42
952.00 2.62 28.37
953.00 2.63 28.37
954.00 2.62 28.41
955.00 2.62 28.38
956.00 2.64 28.47
957.00 2.64 28.42
958.00 2.64 28.42
959.00 2.65 28.40
960.00 2.63 28.27
961.00 2.63 28.22
962.00 2.63 28.19
963.00 2.63 28.16
964.00 2.64 28.13
965.00 2.64 28.17
966.00 2.63 28.14
967.00 2.63 28.12
968.00 2.63 28.08
969.00 2.63 28.07
970.00 2.62 28.02
971.00 2.58 28.08
972.00 2.57 28.11
973.00 2.58 28.11
974.00 2.58 28.14
975.00 2.60 28.06
976.00 2.61 27.98
977.00 2.62 27.97
978.00 2.63 27.92
979.00 2.62 27.93
980.00 2.60 27.94
981.00 2.61 27.96
982.00 2.61 27.96
983.00 2.63 27.89
984.00 2.63 27.92
985.00 2.66 27.93
986.00 2.65 28.02
987.00 2.64 28.02
988.00 2.63 27.97
989.00 2.64 27.83
990.00 2.65 27.82
991.00 2.64 27.71
992.00 2.63 27.71
993.00 2.62 27.65
994.00 2.62 27.66
995.00 2.62 27.63
996.00 2.62 27.62
997.00 2.62 27.60
998.00 2.62 27.63
999.00 2.62 27.63
1000.00 2.60 27.63
1001.00 2.59 27.65
1002.00 2.58 27.56
1003.00 2.57 27.59
1004.00 2.58 27.64
1005.00 2.58 27.66
1006.00 2.57 27.74
1007.00 2.58 27.73
1008.00 2.60 27.76
1009.00 2.64 27.76
1010.00 2.64 27.85
1011.00 2.62 27.87
1012.00 2.62 27.93
1013.00 2.64 27.90
1014.00 2.65 27.96
1015.00 2.67 27.97
1016.00 2.66 28.01
1017.00 2.67 27.96
1018.00 2.66 27.86
1019.00 2.66 27.78
1020.00 2.67 27.65
1021.00 2.68 27.56
1022.00 2.68 27.45
1023.00 2.67 27.41
1024.00 2.67 27.41
1025.00 2.69 27.40
1026.00 2.69 27.40
1027.00 2.70 27.32
1028.00 2.70 27.31
1029.00 2.69 27.20
1030.00 2.69 27.20
1031.00 2.70 27.18
1032.00 2.71 27.18
1033.00 2.72 27.14
1034.00 2.71 27.07
1035.00 2.70 27.14
1036.00 2.70 27.03
1037.00 2.68 26.97
1038.00 2.69 27.00
1039.00 2.70 27.12
1040.00 2.73 27.22
1041.00 2.76 27.20
1042.00 2.77 27.18
1043.00 2.81 27.21
1044.00 2.84 27.19
1045.00 2.84 27.09
1046.00 2.84 27.04
1047.00 2.85 27.03
1048.00 2.86 26.97
1049.00 2.87 27.02
1050.00 2.90 27.03
1051.00 2.91 27.10
1052.00 2.90 27.14
1053.00 2.89 27.12
1054.00 2.87 27.03
1055.00 2.87 27.08
1056.00 2.87 27.08
1057.00 2.88 27.11
1058.00 2.88 27.14
1059.00 2.86 27.10
1060.00 2.85 27.06
1061.00 2.85 27.13
1062.00 2.86 27.11
1063.00 2.87 27.14
1064.00 2.89 27.04
1065.00 2.92 26.98
1066.00 2.93 26.85
1067.00 2.93 26.86
1068.00 2.93 26.92
1069.00 2.92 26.92
1070.00 2.93 27.01
1071.00 2.93 27.03
1072.00 2.93 27.07
1073.00 2.92 27.09
1074.00 2.90 27.09
1075.00 2.88 27.05
1076.00 2.89 27.11
1077.00 2.86 27.15
1078.00 2.85 27.11
1079.00 2.82 26.99
1080.00 2.81 26.90
1081.00 2.79 26.91
1082.00 2.78 26.89
1083.00 2.77 26.89
1084.00 2.79 26.94
1085.00 2.79 27.01
1086.00 2.80 27.02
1087.00 2.81 27.05
1088.00 2.82 27.04
1089.00 2.81 27.03
1090.00 2.83 27.05
1091.00 2.82 27.05
1092.00 2.82 27.05
1093.00 2.81 27.01
1094.00 2.81 27.03
1095.00 2.80 27.01
1096.00 2.80 27.09
1097.00 2.79 27.15
1098.00 2.79 27.11
1099.00 2.78 27.18
1100.00 2.77 27.12
1101.00 2.76 27.13
1102.00 2.78 27.16
1103.00 2.79 27.20
1104.00 2.82 27.21
1105.00 2.84 27.20
1106.00 2.86 27.10
1107.00 2.84 27.14
1108.00 2.82 27.12
1109.00 2.80 27.14
1110.00 2.81 27.23
1111.00 2.84 27.31
1112.00 2.84 27.29
1113.00 2.84 27.27
1114.00 2.86 27.26
1115.00 2.86 27.27
1116.00 2.88 27.30
1117.00 2.90 27.43
1118.00 2.91 27.46
1119.00 2.91 27.45
1120.00 2.92 27.50
1121.00 2.94 27.57
1122.00 2.94 27.53
1123.00 2.96 27.45
1124.00 2.96 27.42
1125.00 2.95 27.42
1126.00 2.94 27.41
1127.00 2.94 27.39
1128.00 2.93 27.47
1129.00 2.93 27.55
1130.00 2.91 27.59
1131.00 2.92 27.53
1132.00 2.94 27.63
1133.00 2.94 27.66
1134.00 2.95 27.65
1135.00 2.96 27.63
1136.00 2.98 27.56
1137.00 2.98 27.56
1138.00 2.97 27.49
1139.00 3.00 27.54
1140.00 3.00 27.53
1141.00 3.00 27.51
1142.00 3.00 27.51
1143.00 3.00 27.54
1144.00 2.99 27.56
1145.00 3.00 27.53
1146.00 3.01 27.54
1147.00 3.01 27.47
1148.00 2.99 27.44
1149.00 2.99 27.34
1150.00 2.98 27.30
1151.00 2.97 27.25
1152.00 2.96 27.24
1153.00 2.99 27.31
1154.00 2.99 27.33
1155.00 2.96 27.34
1156.00 2.96 27.38
1157.00 2.96 27.41
1158.00 2.98 27.42
1159.00 2.98 27.38
1160.00 3.00 27.35
1161.00 3.01 27.36
1162.00 3.04 27.42
1163.00 3.03 27.44
1164.00 3.02 27.39
1165.00 3.02 27.29
1166.00 3.03 27.32
1167.00 3.03 27.36
1168.00 3.04 27.32
1169.00 3.05 27.32
1170.00 3.05 27.21
1171.00 3.05 27.21
1172.00 3.07 27.17
1173.00 3.09 27.21
1174.00 3.09 27.19
1175.00 3.11 27.20
1176.00 3.11 27.23
1177.00 3.12 27.25
1178.00 3.09 27.22
1179.00 3.07 27.21
1180.00 3.06 27.21
1181.00 3.05 27.18
1182.00 3.04 27.21
1183.00 3.04 27.34
1184.00 3.04 27.40
1185.00 3.02 27.33
1186.00 3.02 27.32
1187.00 3.02 27.32
1188.00 3.01 27.24
1189.00 3.01 27.19
1190.00 2.99 27.16
1191.00 2.99 27.08
1192.00 3.00 27.08
1193.00 3.01 27.06
1194.00 3.02 27.17
1195.00 3.03 27.14
1196.00 3.01 27.19
1197.00 3.02 27.11
1198.00 3.01 27.11
1199.00 3.00 27.04
1200.00 2.98 27.07
1201.00 2.98 27.09
1202.00 2.97 26.98
1203.00 2.96 26.96
1204.00 2.97 26.92
1205.00 2.97 26.91
1206.00 2.98 26.89
1207.00 2.96 26.92
1208.00 2.97 26.95
1209.00 2.98 26.98
1210.00 3.00 26.98
1211.00 2.99 27.03
1212.00 3.00 27.10
1213.00 2.98 27.02
1214.00 2.99 26.98
1215.00 2.99 26.93
1216.00 2.99 26.93
1217.00 2.99 26.89
1218.00 2.98 26.90
1219.00 2.98 26.92
1220.00 2.99 26.97
1221.00 3.01 27.05
1222.00 3.02 27.06
1223.00 3.03 27.05
1224.00 3.04 27.03
1225.00 3.05 27.01
1226.00 3.06 27.05
1227.00 3.05 27.03
1228.00 3.05 27.06
1229.00 3.04 27.11
1230.00 3.05 26.99
1231.00 3.07 27.00
1232.00 3.08 26.96
1233.00 3.10 27.02
1234.00 3.07 27.02
1235.00 3.06 27.00
1236.00 3.04 27.04
1237.00 3.03 27.05
1238.00 3.02 27.07
1239.00 3.02 27.10
1240.00 3.03 27.11
1241.00 3.05 27.10
1242.00 3.05 27.09
1243.00 3.05 26.96
1244.00 3.05 27.04
1245.00 3.05 27.02
1246.00 3.03 27.04
1247.00 3.02 26.99
1248.00 3.01 27.05
1249.00 3.00 27.00
1250.00 3.00 26.98
1251.00 3.01 27.00
1252.00 3.02 26.93
1253.00 3.02 27.01
1254.00 3.03 27.03
1255.00 3.03 27.09
1256.00 3.04 27.02
1257.00 3.06 27.00
1258.00 3.05 27.05
1259.00 3.04 27.08
1260.00 3.05 27.05
1261.00 3.03 27.08
1262.00 3.01 27.22
1263.00 2.99 27.38
1264.00 2.99 27.42
1265.00 2.98 27.57
1266.00 2.98 27.62
1267.00 2.97 27.68
1268.00 2.98 27.72
1269.00 2.96 27.68
1270.00 2.96 27.61
1271.00 2.96 27.56
1272.00 2.96 27.62
1273.00 2.99 27.62
1274.00 3.00 27.58
1275.00 3.01 27.51
1276.00 3.02 27.50
1277.00 3.01 27.47
1278.00 3.03 27.43
1279.00 3.03 27.39
1280.00 3.03 27.35
1281.00 3.01 27.34
1282.00 3.01 27.25
1283.00 2.99 27.33
1284.00 2.97 27.37
1285.00 2.96 27.37
1286.00 2.96 27.35
1287.00 2.96 27.38
1288.00 2.95 27.38
1289.00 2.94 27.47
1290.00 2.92 27.52
1291.00 2.87 27.57
1292.00 2.83 27.51
1293.00 2.82 27.46
1294.00 2.80 27.43
1295.00 2.79 27.45
1296.00 2.79 27.47
1297.00 2.79 27.49
1298.00 2.79 27.38
1299.00 2.80 27.34
1300.00 2.82 27.32
1301.00 2.82 27.36
1302.00 2.83 27.36
1303.00 2.82 27.35
1304.00 2.81 27.29
1305.00 2.80 27.31
1306.00 2.81 27.24
1307.00 2.81 27.27
1308.00 2.81 27.31
1309.00 2.82 27.30
1310.00 2.80 27.28
1311.00 2.78 27.26
1312.00 2.79 27.23
1313.00 2.81 27.15
1314.00 2.81 27.13
1315.00 2.82 27.09
1316.00 2.81 27.15
1317.00 2.81 27.15
1318.00 2.80 27.11
1319.00 2.81 27.05
1320.00 2.82 26.97
1321.00 2.83 27.01
1322.00 2.84 27.02
1323.00 2.84 26.97
1324.00 2.87 26.95
1325.00 2.88 26.91
1326.00 2.87 26.92
1327.00 2.86 26.89
1328.00 2.85 26.88
1329.00 2.86 26.86
1330.00 2.87 26.82
1331.00 2.87 26.77
1332.00 2.85 26.73
1333.00 2.84 26.67
1334.00 2.83 26.69
1335.00 2.85 26.76
1336.00 2.88 26.81
1337.00 2.89 26.84
1338.00 2.89 26.80
1339.00 2.87 26.74
1340.00 2.88 26.74
1341.00 2.87 26.80
1342.00 2.88 26.75
1343.00 2.85 26.82
1344.00 2.86 26.79
1345.00 2.86 26.78
1346.00 2.87 26.72
1347.00 2.87 26.70
1348.00 2.88 26.55
1349.00 2.89 26.59
1350.00 2.90 26.53
1351.00 2.90 26.50
1352.00 2.90 26.46
1353.00 2.89 26.47
1354.00 2.89 26.35
1355.00 2.89 26.35
1356.00 2.87 26.31
1357.00 2.87 26.20
1358.00 2.86 26.10
1359.00 2.86 26.06
1360.00 2.85 26.04
1361.00 2.86 26.05
1362.00 2.87 26.09
1363.00 2.88 26.10
1364.00 2.89 26.11
1365.00 2.89 25.99
1366.00 2.90 25.89
1367.00 2.91 25.88
1368.00 2.92 25.95
1369.00 2.93 26.09
1370.00 2.96 26.09
1371.00 2.93 26.15
1372.00 2.92 26.14
1373.00 2.91 26.18
1374.00 2.92 26.14
1375.00 2.92 26.13
1376.00 2.94 26.19
1377.00 2.96 26.21
1378.00 2.97 26.28
1379.00 2.99 26.35
1380.00 2.99 26.38
1381.00 2.99 26.40
1382.00 2.98 26.37
1383.00 2.97 26.36
1384.00 2.96 26.29
1385.00 2.96 26.25
1386.00 2.93 26.26
1387.00 2.89 26.21
1388.00 2.86 26.21
1389.00 2.85 26.13
1390.00 2.83 26.12
1391.00 2.80 26.10
1392.00 2.79 26.10
1393.00 2.76 26.06
1394.00 2.77 26.02
1395.00 2.78 26.01
1396.00 2.79 25.93
1397.00 2.78 25.99
1398.00 2.78 25.99
1399.00 2.78 25.98
1400.00 2.77 25.91
1401.00 2.75 25.90
1402.00 2.74 25.91
1403.00 2.71 25.98
1404.00 2.71 26.05
1405.00 2.70 26.11
1406.00 2.69 26.08
1407.00 2.67 26.08
1408.00 2.66 26.01
1409.00 2.68 25.99
1410.00 2.71 25.98
1411.00 2.75 25.99
1412.00 2.76 26.02
1413.00 2.77 26.08
1414.00 2.79 26.07
1415.00 2.78 26.10
1416.00 2.79 26.11
1417.00 2.76 26.16
1418.00 2.77 26.13
1419.00 2.78 26.14
1420.00 2.78 26.13
1421.00 2.79 26.21
1422.00 2.79 26.25
1423.00 2.79 26.31
1424.00 2.80 26.35
1425.00 2.80 26.44
1426.00 2.81 26.46
1427.00 2.82 26.42
1428.00 2.83 26.46
1429.00 2.83 26.43
1430.00 2.84 26.44
1431.00 2.85 26.32
1432.00 2.88 26.35
1433.00 2.90 26.38
1434.00 2.94 26.37
1435.00 2.96 26.34
1436.00 2.97 26.30
1437.00 2.97 26.33
1438.00 2.96 26.27
1439.00 2.98 26.24
1440.00 2.98 26.27
1441.00 2.99 26.34
1442.00 2.99 26.31
1443.00 2.99 26.33
1444.00 3.00 26.29
1445.00 2.98 26.28
1446.00 2.98 26.36
1447.00 2.97 26.42
1448.00 2.99 26.44
1449.00 2.99 26.39
1450.00 2.98 26.40
1451.00 2.99 26.29
1452.00 2.98 26.26
1453.00 2.98 26.22
1454.00 2.98 26.17
1455.00 2.98 26.12
1456.00 2.98 26.14
1457.00 2.97 26.16
1458.00 2.97 26.15
1459.00 2.96 26.14
1460.00 2.96 26.19
1461.00 2.95 26.31
1462.00 2.95 26.36
1463.00 2.93 26.25
1464.00 2.93 26.12
1465.00 2.94 26.00
1466.00 2.94 25.95
1467.00 2.96 25.85
1468.00 2.94 25.84
1469.00 2.95 25.84
1470.00 2.96 25.90
1471.00 2.96 25.84
1472.00 2.95 25.84
1473.00 2.96 25.86
1474.00 2.95 25.97
1475.00 2.96 26.01
1476.00 2.94 26.02
1477.00 2.93 26.04
1478.00 2.90 26.04
1479.00 2.91 26.03
1480.00 2.90 26.02
1481.00 2.90 26.05
1482.00 2.90 26.05
1483.00 2.91 26.16
1484.00 2.91 26.22
1485.00 2.90 26.21
1486.00 2.89 26.22
1487.00 2.87 26.22
1488.00 2.84 26.18
1489.00 2.83 26.14
1490.00 2.80 26.18
1491.00 2.81 26.17
1492.00 2.79 26.31
1493.00 2.80 26.30
1494.00 2.79 26.28
1495.00 2.82 26.26
1496.00 2.82 26.28
1497.00 2.83 26.24
1498.00 2.86 26.19
1499.00 2.85 26.21
1500.00 2.85 26.14
1501.00 2.84 26.19
1502.00 2.83 26.18
1503.00 2.84 26.17
1504.00 2.83 26.12
1505.00 2.83 26.06
1506.00 2.83 26.02
1507.00 2.84 26.01
1508.00 2.83 25.96
1509.00 2.83 25.98
1510.00 2.84 26.01
1511.00 2.85 26.05
1512.00 2.86 26.12
1513.00 2.89 26.12
1514.00 2.86 26.13
1515.00 2.88 26.16
1516.00 2.89 26.14
1517.00 2.88 26.13
1518.00 2.88 26.15
1519.00 2.84 26.16
1520.00 2.85 26.15
1521.00 2.85 26.16
1522.00 2.84 26.07
1523.00 2.83 26.09
1524.00 2.86 26.10
1525.00 2.87 26.14
1526.00 2.88 26.06
1527.00 2.88 26.04
1528.00 2.90 25.95
1529.00 2.89 25.91
1530.00 2.87 26.02
1531.00 2.84 26.06
1532.00 2.81 26.00
1533.00 2.77 25.98
1534.00 2.76 25.91
1535.00 2.76 25.85
1536.00 2.75 25.85
1537.00 2.76 25.84
1538.00 2.75 25.87
1539.00 2.73 25.79
1540.00 2.73 25.85
1541.00 2.74 25.86
1542.00 2.73 25.88
1543.00 2.72 25.88
1544.00 2.72 25.93
1545.00 2.71 25.87
1546.00 2.70 25.82
1547.00 2.69 25.77
1548.00 2.69 25.72
1549.00 2.69 25.74
1550.00 2.70 25.78
1551.00 2.71 25.77
1552.00 2.69 25.70
1553.00 2.68 25.66
1554.00 2.68 25.62
1555.00 2.66 25.66
1556.00 2.67 25.61
1557.00 2.66 25.63
1558.00 2.66 25.63
1559.00 2.67 25.71
1560.00 2.68 25.68
1561.00 2.69 25.61
1562.00 2.71 25.62
1563.00 2.71 25.70
1564.00 2.72 25.75
1565.00 2.74 25.83
1566.00 2.76 25.82
1567.00 2.74 25.80
1568.00 2.73 25.80
1569.00 2.74 25.76
1570.00 2.75 25.84
1571.00 2.75 25.85
1572.00 2.73 25.92
1573.00 2.73 25.86
1574.00 2.72 25.90
1575.00 2.71 25.97
1576.00 2.69 26.07
1577.00 2.68 26.09
1578.00 2.66 26.03
1579.00 2.63 26.04
1580.00 2.64 26.11
1581.00 2.63 26.07
1582.00 2.63 26.04
1583.00 2.66 25.98
1584.00 2.65 25.96
1585.00 2.65 25.93
1586.00 2.65 25.92
1587.00 2.65 25.95
1588.00 2.65 25.96
1589.00 2.68 25.95
1590.00 2.69 26.00
1591.00 2.71 25.99
1592.00 2.71 25.95
1593.00 2.72 25.93
1594.00 2.70 25.97
1595.00 2.72 25.93
1596.00 2.72 25.88
1597.00 2.70 25.84
1598.00 2.70 25.77
1599.00 2.70 25.77
1600.00 2.68 25.74
1601.00 2.65 25.75
1602.00 2.65 25.72
1603.00 2.64 25.72
1604.00 2.64 25.70
1605.00 2.63 25.78
1606.00 2.64 25.79
1607.00 2.64 25.84
1608.00 2.63 25.87
1609.00 2.64 25.87
1610.00 2.65 25.79
1611.00 2.64 25.90
1612.00 2.64 25.86
1613.00 2.62 25.81
1614.00 2.64 25.77
1615.00 2.63 25.82
1616.00 2.65 25.85
1617.00 2.67 25.94
1618.00 2.70 25.97
1619.00 2.71 26.02
1620.00 2.71 26.10
1621.00 2.70 26.19
1622.00 2.69 26.23
1623.00 2.69 26.22
1624.00 2.70 26.22
1625.00 2.72 26.13
1626.00 2.71 26.17
1627.00 2.71 26.16
1628.00 2.70 26.18
1629.00 2.71 26.08
1630.00 2.73 26.01
1631.00 2.74 25.97
1632.00 2.74 25.96
1633.00 2.72 25.91
1634.00 2.71 25.83
1635.00 2.71 25.83
1636.00 2.72 25.83
1637.00 2.71 25.81
1638.00 2.70 25.84
1639.00 2.69 25.81
1640.00 2.70 25.77
1641.00 2.70 25.71
1642.00 2.70 25.69
1643.00 2.72 25.70
1644.00 2.73 25.64
1645.00 2.73 25.66
1646.00 2.72 25.53
1647.00 2.71 25.41
1648.00 2.73 25.41
1649.00 2.73 25.36
1650.00 2.74 25.28
1651.00 2.74 25.33
1652.00 2.78 25.27
1653.00 2.78 25.33
1654.00 2.79 25.27
1655.00 2.79 25.26
1656.00 2.79 25.16
1657.00 2.81 25.17
1658.00 2.80 25.17
1659.00 2.80 25.09
1660.00 2.79 25.09
1661.00 2.79 24.99
1662.00 2.79 24.92
1663.00 2.78 24.83
1664.00 2.77 24.87
1665.00 2.78 24.88
1666.00 2.77 24.94
1667.00 2.77 25.01
1668.00 2.77 24.95
1669.00 2.80 24.95
1670.00 2.79 24.94
1671.00 2.79 24.94
1672.00 2.78 24.96
1673.00 2.78 24.98
1674.00 2.78 25.03
1675.00 2.78 25.07
1676.00 2.77 25.06
1677.00 2.77 25.00
1678.00 2.77 24.94
1679.00 2.77 24.96
1680.00 2.79 24.97
1681.00 2.80 25.01
1682.00 2.83 25.01
1683.00 2.84 24.98
1684.00 2.85 24.98
1685.00 2.83 25.06
1686.00 2.81 25.07
1687.00 2.79 25.00
1688.00 2.76 24.93
1689.00 2.75 24.87
1690.00 2.75 24.83
1691.00 2.72 24.79
1692.00 2.73 24.71
1693.00 2.73 24.69
1694.00 2.75 24.64
1695.00 2.73 24.64
1696.00 2.73 24.58
1697.00 2.73 24.66
1698.00 2.76 24.65
1699.00 2.76 24.71
1700.00 2.77 24.67
1701.00 2.77 24.68
1702.00 2.80 24.63
1703.00 2.79 24.58
1704.00 2.81 24.58
1705.00 2.82 24.58
1706.00 2.84 24.53
1707.00 2.85 24.59
1708.00 2.85 24.53
1709.00 2.86 24.54
1710.00 2.87 24.59
1711.00 2.87 24.65
1712.00 2.88 24.62
1713.00 2.89 24.63
1714.00 2.91 24.57
1715.00 2.91 24.60
1716.00 2.90 24.58
1717.00 2.90 24.54
1718.00 2.91 24.51
1719.00 2.92 24.47
1720.00 2.92 24.40
1721.00 2.91 24.46
1722.00 2.92 24.51
1723.00 2.91 24.58
1724.00 2.89 24.60
1725.00 2.88 24.51
1726.00 2.87 24.54
1727.00 2.87 24.60
1728.00 2.87 24.60
1729.00 2.87 24.59
1730.00 2.86 24.58
1731.00 2.87 24.49
1732.00 2.86 24.41
1733.00 2.87 24.46
1734.00 2.87 24.44
1735.00 2.87 24.38
1736.00 2.85 24.37
1737.00 2.83 24.34
1738.00 2.83 24.36
1739.00 2.82 24.30
1740.00 2.82 24.23
1741.00 2.80 24.18
1742.00 2.78 24.10
1743.00 2.74 24.14
1744.00 2.73 24.16
1745.00 2.71 24.18
1746.00 2.70 24.12
1747.00 2.70 24.18
1748.00 2.69 24.11
1749.00 2.66 24.07
1750.00 2.66 24.06
1751.00 2.65 24.09
1752.00 2.67 24.17
1753.00 2.68 24.14
1754.00 2.68 24.09
1755.00 2.68 24.16
1756.00 2.70 24.14
1757.00 2.71 24.21
1758.00 2.73 24.17
1759.00 2.70 24.22
1760.00 2.69 24.25
1761.00 2.70 24.26
1762.00 2.68 24.32
1763.00 2.67 24.27
1764.00 2.66 24.24
1765.00 2.66 24.20
1766.00 2.66 24.16
1767.00 2.68 24.13
1768.00 2.69 24.04
1769.00 2.71 24.01
1770.00 2.73 24.03
1771.00 2.73 24.15
1772.00 2.72 24.19
1773.00 2.71 24.26
1774.00 2.72 24.26
1775.00 2.72 24.31
1776.00 2.71 24.22
1777.00 2.71 24.14
1778.00 2.72 24.08
1779.00 2.73 24.11
1780.00 2.72 23.97
1781.00 2.70 23.91
1782.00 2.69 23.83
1783.00 2.68 23.89
1784.00 2.67 23.88
1785.00 2.66 23.97
1786.00 2.63 23.91
1787.00 2.62 23.86
1788.00 2.62 23.79
1789.00 2.61 23.75
1790.00 2.60 23.75
1791.00 2.62 23.79
1792.00 2.61 23.80
1793.00 2.61 23.86
1794.00 2.61 23.89
1795.00 2.62 23.92
1796.00 2.60 23.86
1797.00 2.58 23.85
1798.00 2.57 23.82
1799.00 2.58 23.78
1800.00 2.58 23.82
1801.00 2.59 23.78
1802.00 2.60 23.77
1803.00 2.61 23.75
1804.00 2.62 23.80
1805.00 2.65 23.82
1806.00 2.66 23.84
1807.00 2.66 23.89
1808.00 2.65 24.00
1809.00 2.65 24.05
1810.00 2.66 24.01
1811.00 2.67 24.03
1812.00 2.69 23.97
1813.00 2.68 23.94
1814.00 2.69 23.91
1815.00 2.67 23.82
1816.00 2.66 23.85
1817.00 2.64 23.91
1818.00 2.65 23.89
1819.00 2.65 23.97
1820.00 2.64 23.95
1821.00 2.64 23.94
1822.00 2.65 23.94
1823.00 2.65 23.88
1824.00 2.65 23.85
1825.00 2.65 23.86
1826.00 2.65 23.82
1827.00 2.67 23.83
1828.00 2.67 23.84
1829.00 2.67 23.75
1830.00 2.70 23.73
1831.00 2.71 23.81
1832.00 2.73 23.77
1833.00 2.74 23.77
1834.00 2.76 23.72
1835.00 2.76 23.65
1836.00 2.75 23.60
1837.00 2.74 23.53
1838.00 2.73 23.46
1839.00 2.72 23.52
1840.00 2.73 23.51
1841.00 2.74 23.53
1842.00 2.74 23.60
1843.00 2.75 23.67
1844.00 2.75 23.73
1845.00 2.75 23.70
1846.00 2.75 23.64
1847.00 2.74 23.51
1848.00 2.73 23.48
1849.00 2.73 23.38
1850.00 2.71 23.35
1851.00 2.72 23.26
1852.00 2.70 23.20
1853.00 2.70 23.15
1854.00 2.69 23.14
1855.00 2.69 23.16
1856.00 2.67 23.14
1857.00 2.66 23.17
1858.00 2.64 23.12
1859.00 2.61 23.13
1860.00 2.60 22.96
1861.00 2.58 22.87
1862.00 2.57 22.77
1863.00 2.52 22.71
1864.00 2.49 22.66
1865.00 2.46 22.63
1866.00 2.42 22.54
1867.00 2.39 22.38
1868.00 2.37 22.25
1869.00 2.36 22.28
1870.00 2.34 22.27
1871.00 2.32 22.27
1872.00 2.33 22.26
1873.00 2.31 22.31
1874.00 2.30 22.22
1875.00 2.30 22.22
1876.00 2.29 22.24
1877.00 2.26 22.23
1878.00 2.27 22.24
1879.00 2.25 22.22
1880.00 2.26 22.21
1881.00 2.25 22.17
1882.00 2.27 22.06
1883.00 2.27 22.08
1884.00 2.27 22.05
1885.00 2.27 22.13
1886.00 2.26 22.06
1887.00 2.24 22.00
1888.00 2.21 21.97
1889.00 2.22 22.00
1890.00 2.21 22.01
1891.00 2.22 21.98
1892.00 2.23 21.94
1893.00 2.18 21.86
1894.00 2.17 21.74
1895.00 2.14 21.70
1896.00 2.12 21.63
1897.00 2.08 21.64
1898.00 2.08 21.58
1899.00 2.07 21.54
1900.00 2.05 21.59
1901.00 2.03 21.55
1902.00 2.03 21.58
1903.00 2.03 21.62
1904.00 2.03 21.61
1905.00 2.03 21.60
1906.00 2.01 21.54
1907.00 2.02 21.49
1908.00 2.01 21.51
1909.00 2.03 21.50
1910.00 2.02 21.44
1911.00 2.04 21.38
1912.00 2.03 21.31
1913.00 2.04 21.26
1914.00 2.05 21.19
1915.00 2.02 21.15
1916.00 2.00 21.08
1917.00 2.00 21.07
1918.00 2.00 21.08
1919.00 2.00 21.01
1920.00 2.01 21.03
1921.00 2.00 21.01
1922.00 2.01 21.00
1923.00 2.00 21.00
1924.00 1.99 21.03
1925.00 1.98 21.08
1926.00 1.99 21.01
1927.00 1.99 21.02
1928.00 1.99 20.92
1929.00 1.97 20.91
1930.00 1.97 20.93
1931.00 1.98 21.00
1932.00 1.99 21.02
1933.00 1.99 21.03
1934.00 1.99 21.03
1935.00 1.98 20.94
1936.00 2.01 20.96
1937.00 1.99 20.94
1938.00 2.01 20.91
1939.00 2.00 20.92
1940.00 1.99 20.86
1941.00 1.98 20.86
1942.00 2.00 20.77
1943.00 2.00 20.75
1944.00 1.99 20.68
1945.00 2.00 20.66
1946.00 2.01 20.67
1947.00 2.00 20.70
1948.00 1.99 20.54
1949.00 2.01 20.47
1950.00 2.01 20.45
1951.00 2.02 20.50
1952.00 2.01 20.44
1953.00 2.02 20.43
1954.00 2.04 20.42
1955.00 2.06 20.42
1956.00 2.06 20.36
1957.00 2.04 20.36
1958.00 2.02 20.43
1959.00 2.02 20.38
1960.00 2.02 20.36
1961.00 2.02 20.36
1962.00 2.03 20.35
1963.00 2.02 20.41
1964.00 2.00 20.41
1965.00 1.98 20.40
1966.00 1.98 20.36
1967.00 1.97 20.31
1968.00 1.98 20.26
1969.00 1.96 20.25
1970.00 1.98 20.33
1971.00 1.98 20.43
1972.00 1.97 20.37
1973.00 1.97 20.32
1974.00 1.95 20.29
1975.00 1.96 20.25
1976.00 1.96 20.30
1977.00 1.93 20.25
1978.00 1.93 20.23
1979.00 1.93 20.21
1980.00 1.97 20.18
1981.00 1.97 20.21
1982.00 1.97 20.17
1983.00 1.98 20.24
1984.00 1.99 20.32
1985.00 1.98 20.31
1986.00 1.99 20.26
1987.00 1.96 20.27
1988.00 1.97 20.19
1989.00 1.95 20.20
1990.00 1.98 20.23
1991.00 1.96 20.22
1992.00 1.97 20.13
1993.00 1.94 20.06
1994.00 1.97 20.19
1995.00 1.96 20.14
1996.00 1.98 20.22
1997.00 1.97 20.22
1998.00 1.97 20.21
1999.00 1.96 20.16
2000.00 1.96 20.11
2001.00 1.95 20.09
2002.00 1.93 20.01
2003.00 1.94 20.01
2004.00 1.94 19.95
2005.00 1.92 19.89
2006.00 1.93 19.88
2007.00 1.93 19.85
2008.00 1.95 19.80
2009.00 1.94 19.83
2010.00 1.95 19.82
2011.00 1.97 19.87
2012.00 1.97 19.82
2013.00 1.96 19.75
2014.00 1.95 19.71
2015.00 1.93 19.76
2016.00 1.93 19.82
2017.00 1.93 19.90
2018.00 1.95 19.86
2019.00 1.96 19.86
2020.00 1.97 19.84
2021.00 1.97 19.82
2022.00 1.96 19.70
2023.00 1.95 19.66
2024.00 1.96 19.54
2025.00 1.96 19.54
2026.00 1.95 19.57
2027.00 1.95 19.57
2028.00 1.96 19.57
2029.00 1.97 19.53
2030.00 1.97 19.46
2031.00 1.96 19.48
2032.00 1.96 19.53
2033.00 1.97 19.61
2034.00 1.98 19.61
2035.00 1.97 19.68
2036.00 1.96 19.65
2037.00 1.97 19.72
2038.00 1.98 19.60
2039.00 1.97 19.54
2040.00 1.97 19.55
2041.00 1.98 19.41
2042.00 1.97 19.38
2043.00 1.98 19.37
2044.00 1.97 19.40
2045.00 1.98 19.35
2046.00 1.98 19.29
2047.00 1.98 19.18
2048.00 1.99 19.24
2049.00 2.00 19.28
2050.00 1.99 19.32
2051.00 2.00 19.27
2052.00 1.99 19.30
2053.00 1.97 19.28
2054.00 1.96 19.28
2055.00 1.94 19.19
2056.00 1.94 19.30
2057.00 1.93 19.23
2058.00 1.94 19.21
2059.00 1.93 19.14
2060.00 1.93 19.13
2061.00 1.91 19.05
2062.00 1.91 19.04
2063.00 1.93 19.05
2064.00 1.93 19.09
2065.00 1.93 19.05
2066.00 1.93 19.07
2067.00 1.95 19.05
2068.00 1.97 19.14
2069.00 1.96 19.12
2070.00 1.99 19.16
2071.00 1.99 19.07
2072.00 2.00 19.05
2073.00 1.99 18.94
2074.00 1.99 18.92
2075.00 1.99 18.95
2076.00 2.00 18.94
2077.00 2.01 18.89
2078.00 2.00 18.88
2079.00 2.01 18.85
2080.00 2.01 18.77
2081.00 1.98 18.78
2082.00 1.98 18.76
2083.00 1.96 18.81
2084.00 1.97 18.76
2085.00 1.94 18.74
2086.00 1.93 18.70
2087.00 1.92 18.69
2088.00 1.92 18.65
2089.00 1.92 18.61
2090.00 1.92 18.51
2091.00 1.93 18.45
2092.00 1.92 18.45
2093.00 1.92 18.42
2094.00 1.91 18.33
2095.00 1.92 18.36
2096.00 1.93 18.30
2097.00 1.93 18.31
2098.00 1.94 18.29
2099.00 1.97 18.42
2100.00 1.98 18.36
2101.00 1.98 18.37
2102.00 1.99 18.40
2103.00 1.99 18.39
2104.00 1.99 18.36
2105.00 1.98 18.32
2106.00 1.99 18.32
2107.00 1.99 18.38
2108.00 1.99 18.43
2109.00 1.98 18.44
2110.00 1.99 18.44
2111.00 1.97 18.46
2112.00 1.99 18.47
2113.00 2.00 18.42
2114.00 1.97 18.44
2115.00 1.97 18.48
2116.00 1.99 18.45
2117.00 1.97 18.48
2118.00 1.97 18.60
2119.00 1.96 18.61
2120.00 1.96 18.61
2121.00 1.94 18.61
2122.00 1.94 18.54
2123.00 1.96 18.52
2124.00 1.97 18.47
2125.00 1.99 18.50
2126.00 1.99 18.54
2127.00 2.00 18.52
2128.00 2.01 18.57
2129.00 2.00 18.57
2130.00 2.00 18.61
2131.00 2.00 18.55
2132.00 1.99 18.49
2133.00 2.00 18.50
2134.00 2.00 18.52
2135.00 2.00 18.53
2136.00 1.99 18.55
2137.00 1.98 18.46
2138.00 1.97 18.45
2139.00 1.98 18.41
2140.00 2.00 18.32
2141.00 2.00 18.31
2142.00 1.99 18.30
2143.00 1.98 18.28
2144.00 1.99 18.26
2145.00 2.00 18.28
2146.00 2.00 18.27
2147.00 2.00 18.19
2148.00 2.00 18.17
2149.00 1.99 18.10
2150.00 1.99 18.10
2151.00 1.99 18.06
2152.00 1.99 18.05
2153.00 2.00 17.96
2154.00 2.00 17.96
2155.00 2.03 18.02
2156.00 2.03 18.04
2157.00 2.06 18.06
2158.00 2.04 18.01
2159.00 2.05 17.89
2160.00 2.05 17.84
2161.00 2.08 17.88
2162.00 2.08 17.92
2163.00 2.08 17.89
2164.00 2.10 17.86
2165.00 2.10 17.77
2166.00 2.10 17.70
2167.00 2.09 17.62
2168.00 2.10 17.63
2169.00 2.10 17.65
2170.00 2.13 17.56
2171.00 2.14 17.59
2172.00 2.13 17.50
2173.00 2.13 17.46
2174.00 2.13 17.39
2175.00 2.12 17.36
2176.00 2.12 17.37
2177.00 2.12 17.34
2178.00 2.12 17.33
2179.00 2.15 17.30
2180.00 2.15 17.28
2181.00 2.16 17.21
2182.00 2.16 17.26
2183.00 2.16 17.27
2184.00 2.16 17.28
2185.00 2.15 17.24
2186.00 2.14 17.24
2187.00 2.12 17.25
2188.00 2.13 17.25
2189.00 2.14 17.26
2190.00 2.16 17.30
2191.00 2.18 17.30
2192.00 2.18 17.32
2193.00 2.18 17.26
2194.00 2.21 17.30
2195.00 2.20 17.29
2196.00 2.19 17.34
2197.00 2.21 17.34
2198.00 2.22 17.32
2199.00 2.22 17.32
2200.00 2.24 17.30
2201.00 2.23 17.25
2202.00 2.26 17.20
2203.00 2.25 17.23
2204.00 2.26 17.15
2205.00 2.26 17.25
2206.00 2.24 17.23
2207.00 2.25 17.25
2208.00 2.27 17.30
2209.00 2.25 17.33
2210.00 2.25 17.34
2211.00 2.22 17.33
2212.00 2.21 17.36
2213.00 2.21 17.28
2214.00 2.20 17.29
2215.00 2.19 17.23
2216.00 2.21 17.20
2217.00 2.21 17.16
2218.00 2.20 17.09
2219.00 2.21 17.08
2220.00 2.21 17.14
2221.00 2.22 17.17
2222.00 2.22 17.18
2223.00 2.21 17.13
2224.00 2.21 17.11
2225.00 2.22 17.12
2226.00 2.24 17.15
2227.00 2.23 17.12
2228.00 2.24 17.12
2229.00 2.24 17.11
2230.00 2.24 17.15
2231.00 2.25 17.20
2232.00 2.24 17.18
2233.00 2.27 17.16
2234.00 2.26 17.16
2235.00 2.25 17.17
2236.00 2.28 17.11
2237.00 2.26 17.12
2238.00 2.28 17.14
2239.00 2.29 17.13
2240.00 2.32 17.20
2241.00 2.34 17.21
2242.00 2.36 17.24
2243.00 2.37 17.22
2244.00 2.38 17.24
2245.00 2.38 17.29
2246.00 2.38 17.23
2247.00 2.38 17.27
2248.00 2.39 17.32
2249.00 2.37 17.34
2250.00 2.36 17.32
2251.00 2.35 17.34
2252.00 2.34 17.26
2253.00 2.36 17.33
2254.00 2.34 17.36
2255.00 2.34 17.47
2256.00 2.34 17.44
2257.00 2.34 17.51
2258.00 2.34 17.57
2259.00 2.35 17.64
2260.00 2.35 17.67
2261.00 2.37 17.67
2262.00 2.35 17.68
2263.00 2.33 17.66
2264.00 2.33 17.61
2265.00 2.32 17.60
2266.00 2.32 17.58
2267.00 2.32 17.64
2268.00 2.31 17.67
2269.00 2.30 17.66
2270.00 2.30 17.64
2271.00 2.29 17.61
2272.00 2.28 17.64
2273.00 2.31 17.63
2274.00 2.31 17.62
2275.00 2.30 17.62
2276.00 2.30 17.59
2277.00 2.30 17.55
2278.00 2.32 17.58
2279.00 2.34 17.67
2280.00 2.34 17.69
2281.00 2.36 17.63
2282.00 2.33 17.60
2283.00 2.32 17.61
2284.00 2.31 17.63
2285.00 2.30 17.63
2286.00 2.28 17.58
2287.00 2.28 17.57
2288.00 2.28 17.57
2289.00 2.28 17.56
2290.00 2.29 17.59
2291.00 2.29 17.62
2292.00 2.28 17.61
2293.00 2.29 17.65
2294.00 2.29 17.59
2295.00 2.30 17.54
2296.00 2.30 17.55
2297.00 2.32 17.56
2298.00 2.32 17.51
2299.00 2.30 17.46
2300.00 2.29 17.51
2301.00 2.29 17.53
2302.00 2.29 17.53
2303.00 2.27 17.49
2304.00 2.25 17.49
2305.00 2.26 17.49
2306.00 2.27 17.45
2307.00 2.28 17.48
2308.00 2.28 17.48
2309.00 2.29 17.49
2310.00 2.29 17.48
2311.00 2.29 17.58
2312.00 2.29 17.55
2313.00 2.31 17.61
2314.00 2.30 17.60
2315.00 2.30 17.62
2316.00 2.29 17.63
2317.00 2.30 17.71
2318.00 2.30 17.70
2319.00 2.30 17.68
2320.00 2.29 17.71
2321.00 2.29 17.61
2322.00 2.28 17.61
2323.00 2.26 17.62
2324.00 2.26 17.55
2325.00 2.26 17.53
2326.00 2.26 17.49
2327.00 2.25 17.41
2328.00 2.24 17.34
2329.00 2.23 17.34
2330.00 2.23 17.40
2331.00 2.24 17.36
2332.00 2.24 17.40
2333.00 2.22 17.36
2334.00 2.23 17.43
2335.00 2.20 17.37
2336.00 2.20 17.31
2337.00 2.21 17.28
2338.00 2.21 17.34
2339.00 2.20 17.32
2340.00 2.19 17.35
2341.00 2.17 17.32
2342.00 2.20 17.39
2343.00 2.20 17.44
2344.00 2.20 17.55
2345.00 2.19 17.56
2346.00 2.19 17.61
2347.00 2.17 17.60
2348.00 2.18 17.55
2349.00 2.18 17.57
2350.00 2.17 17.52
2351.00 2.17 17.53
2352.00 2.18 17.45
2353.00 2.16 17.41
2354.00 2.16 17.42
2355.00 2.15 17.39
2356.00 2.17 17.45
2357.00 2.18 17.40
2358.00 2.19 17.42
2359.00 2.19 17.43
2360.00 2.20 17.41
2361.00 2.19 17.42
2362.00 2.19 17.38
2363.00 2.20 17.33
2364.00 2.20 17.34
2365.00 2.19 17.26
2366.00 2.20 17.22
2367.00 2.20 17.25
2368.00 2.21 17.16
2369.00 2.19 17.16
2370.00 2.19 17.18
2371.00 2.22 17.23
2372.00 2.22 17.28
2373.00 2.23 17.36
2374.00 2.25 17.33
2375.00 2.26 17.32
2376.00 2.26 17.29
2377.00 2.27 17.24
2378.00 2.25 17.23
2379.00 2.26 17.23
2380.00 2.23 17.20
2381.00 2.22 17.23
2382.00 2.23 17.25
2383.00 2.23 17.34
2384.00 2.21 17.29
2385.00 2.21 17.21
2386.00 2.19 17.18
2387.00 2.21 17.18
2388.00 2.20 17.24
2389.00 2.20 17.11
2390.00 2.20 17.11
2391.00 2.20 17.01
2392.00 2.21 17.01
2393.00 2.20 16.99
2394.00 2.21 17.01
2395.00 2.21 17.00
2396.00 2.24 17.03
2397.00 2.26 17.02
2398.00 2.25 17.08
2399.00 2.24 16.99
2400.00 2.25 17.03
2401.00 2.25 16.96
2402.00 2.26 16.91
2403.00 2.25 16.96
2404.00 2.23 16.87
2405.00 2.23 16.86
2406.00 2.23 16.86
2407.00 2.22 16.86
2408.00 2.21 16.84
2409.00 2.23 16.89
2410.00 2.24 16.87
2411.00 2.25 16.84
2412.00 2.25 16.94
2413.00 2.24 16.98
2414.00 2.23 16.99
2415.00 2.23 17.04
2416.00 2.23 17.04
2417.00 2.21 17.01
2418.00 2.20 16.93
2419.00 2.21 16.86
2420.00 2.21 16.90
2421.00 2.21 16.96
2422.00 2.21 16.96
2423.00 2.21 16.98
2424.00 2.23 17.00
2425.00 2.26 16.97
2426.00 2.26 17.01
2427.00 2.24 17.03
2428.00 2.24 17.03
2429.00 2.25 17.10
2430.00 2.24 17.04
2431.00 2.25 17.07
2432.00 2.23 17.01
2433.00 2.24 16.95
2434.00 2.24 16.93
2435.00 2.22 16.93
2436.00 2.22 16.95
2437.00 2.23 17.01
2438.00 2.22 16.99
2439.00 2.25 17.03
2440.00 2.26 17.05
2441.00 2.26 17.05
2442.00 2.28 16.98
2443.00 2.28 16.96
2444.00 2.28 17.03
2445.00 2.29 17.07
2446.00 2.30 17.10
2447.00 2.30 17.07
2448.00 2.30 17.05
2449.00 2.31 17.03
2450.00 2.32 17.07
2451.00 2.30 16.99
2452.00 2.29 16.89
2453.00 2.29 16.86
2454.00 2.29 16.86
2455.00 2.29 16.89
2456.00 2.30 16.91
2457.00 2.30 16.87
2458.00 2.31 16.95
2459.00 2.32 16.94
2460.00 2.31 16.92
2461.00 2.33 16.95
2462.00 2.33 16.98
2463.00 2.34 16.95
2464.00 2.35 16.93
2465.00 2.35 16.86
2466.00 2.35 16.84
2467.00 2.34 16.84
2468.00 2.33 16.82
2469.00 2.32 16.85
2470.00 2.32 16.91
2471.00 2.32 16.91
2472.00 2.30 16.99
2473.00 2.31 17.05
2474.00 2.30 17.01
2475.00 2.29 17.08
2476.00 2.26 17.10
2477.00 2.26 17.11
2478.00 2.24 17.14
2479.00 2.24 17.13
2480.00 2.24 17.20
2481.00 2.25 17.23
2482.00 2.26 17.24
2483.00 2.26 17.29
2484.00 2.25 17.33
2485.00 2.25 17.33
2486.00 2.27 17.35
2487.00 2.28 17.30
2488.00 2.29 17.32
2489.00 2.30 17.29
2490.00 2.28 17.32
2491.00 2.30 17.30
2492.00 2.31 17.34
2493.00 2.29 17.35
2494.00 2.32 17.30
2495.00 2.32 17.30
2496.00 2.32 17.26
2497.00 2.31 17.22
2498.00 2.30 17.28
2499.00 2.31 17.24
2500.00 2.32 17.23
2501.00 2.33 17.24
2502.00 2.32 17.16
2503.00 2.32 17.18
2504.00 2.34 17.18
2505.00 2.33 17.22
2506.00 2.34 17.29
2507.00 2.34 17.27
2508.00 2.34 17.26
2509.00 2.33 17.18
2510.00 2.33 17.15
2511.00 2.32 17.16
2512.00 2.33 17.11
2513.00 2.32 17.06
2514.00 2.34 17.05
2515.00 2.34 17.05
2516.00 2.35 17.06
2517.00 2.35 17.07
2518.00 2.34 17.14
2519.00 2.34 17.09
2520.00 2.34 17.01
2521.00 2.35 16.94
2522.00 2.36 16.94
2523.00 2.36 16.99
2524.00 2.36 16.98
2525.00 2.35 16.93
2526.00 2.35 16.99
2527.00 2.37 16.95
2528.00 2.37 16.96
2529.00 2.37 16.95
2530.00 2.38 16.89
2531.00 2.36 16.86
2532.00 2.37 16.80
2533.00 2.36 16.73
2534.00 2.35 16.82
2535.00 2.36 16.84
2536.00 2.37 16.88
2537.00 2.37 16.84
2538.00 2.37 16.82
2539.00 2.37 16.79
2540.00 2.35 16.86
2541.00 2.35 16.87
2542.00 2.34 16.89
2543.00 2.32 16.87
2544.00 2.31 16.88
2545.00 2.31 16.92
2546.00 2.32 16.91
2547.00 2.32 17.00
2548.00 2.33 17.00
2549.00 2.33 16.99
2550.00 2.34 17.05
2551.00 2.32 17.04
2552.00 2.32 17.06
2553.00 2.32 17.12
2554.00 2.32 17.17
2555.00 2.33 17.19
2556.00 2.33 17.23
2557.00 2.34 17.26
2558.00 2.36 17.33
2559.00 2.36 17.41
2560.00 2.37 17.40
2561.00 2.35 17.43
2562.00 2.36 17.41
2563.00 2.36 17.41
2564.00 2.35 17.31
2565.00 2.34 17.31
2566.00 2.33 17.33
2567.00 2.33 17.38
2568.00 2.31 17.40
2569.00 2.30 17.41
2570.00 2.31 17.41
2571.00 2.30 17.48
2572.00 2.30 17.44
2573.00 2.27 17.42
2574.00 2.26 17.42
2575.00 2.27 17.47
2576.00 2.27 17.52
2577.00 2.27 17.51
2578.00 2.28 17.54
2579.00 2.29 17.56
2580.00 2.28 17.58
2581.00 2.26 17.54
2582.00 2.26 17.53
2583.00 2.26 17.56
2584.00 2.26 17.57
2585.00 2.27 17.52
2586.00 2.26 17.47
2587.00 2.27 17.47
2588.00 2.27 17.50
2589.00 2.28 17.50
2590.00 2.28 17.50
2591.00 2.29 17.49
2592.00 2.29 17.55
2593.00 2.31 17.60
2594.00 2.30 17.59
2595.00 2.31 17.65
2596.00 2.32 17.58
2597.00 2.30 17.58
2598.00 2.32 17.61
2599.00 2.32 17.58
2600.00 2.32 17.64
2601.00 2.32 17.60
2602.00 2.33 17.65
2603.00 2.32 17.68
2604.00 2.32 17.72
2605.00 2.33 17.68
2606.00 2.33 17.70
2607.00 2.32 17.67
2608.00 2.33 17.73
2609.00 2.33 17.74
2610.00 2.34 17.76
2611.00 2.32 17.83
2612.00 2.30 17.81
2613.00 2.29 17.80
2614.00 2.31 17.77
2615.00 2.32 17.65
2616.00 2.31 17.76
2617.00 2.31 17.75
2618.00 2.29 17.81
2619.00 2.29 17.81
2620.00 2.29 17.80
2621.00 2.28 17.75
2622.00 2.29 17.82
2623.00 2.27 17.84
2624.00 2.27 17.87
2625.00 2.29 17.87
2626.00 2.28 17.94
2627.00 2.29 17.95
2628.00 2.28 17.97
2629.00 2.28 17.95
2630.00 2.28 17.97
2631.00 2.28 17.97
2632.00 2.26 17.91
2633.00 2.27 17.96
2634.00 2.26 17.91
2635.00 2.26 17.89
2636.00 2.24 17.87
2637.00 2.24 17.91
2638.00 2.26 17.86
2639.00 2.22 17.93
2640.00 2.21 17.92
2641.00 2.21 17.93
2642.00 2.21 17.93
2643.00 2.22 17.87
2644.00 2.22 17.86
2645.00 2.21 17.89
2646.00 2.20 17.90
2647.00 2.19 17.91
2648.00 2.20 17.89
2649.00 2.22 17.94
2650.00 2.20 17.93
2651.00 2.22 17.93
2652.00 2.22 17.93
2653.00 2.20 17.99
2654.00 2.20 17.96
2655.00 2.21 17.92
2656.00 2.22 17.93
2657.00 2.23 17.95
2658.00 2.24 17.96
2659.00 2.25 17.98
2660.00 2.25 17.94
2661.00 2.25 17.95
2662.00 2.24 17.91
2663.00 2.25 17.88
2664.00 2.24 17.85
2665.00 2.23 17.90
2666.00 2.24 17.91
2667.00 2.24 17.92
2668.00 2.22 17.93
2669.00 2.24 17.95
2670.00 2.23 17.98
2671.00 2.23 17.93
2672.00 2.24 17.98
2673.00 2.23 17.95
2674.00 2.24 17.97
2675.00 2.24 17.97
2676.00 2.25 17.98
2677.00 2.25 17.96
2678.00 2.24 17.97
2679.00 2.24 17.97
2680.00 2.26 18.00
2681.00 2.25 17.99
2682.00 2.26 18.00
2683.00 2.25 17.97
2684.00 2.25 17.94
2685.00 2.24 17.94
2686.00 2.23 17.93
2687.00 2.23 17.89
2688.00 2.24 17.89
2689.00 2.24 17.88
2690.00 2.24 17.92
2691.00 2.22 17.88
2692.00 2.23 17.92
2693.00 2.24 17.93
2694.00 2.24 17.93
2695.00 2.25 17.93
2696.00 2.25 17.96
2697.00 2.25 18.03
2698.00 2.26 18.02
2699.00 2.25 17.94
2700.00 2.24 17.96
2701.00 2.26 17.93
2702.00 2.25 18.01
2703.00 2.23 17.93
2704.00 2.23 17.95
2705.00 2.20 17.96
2706.00 2.21 17.92
2707.00 2.21 17.96
2708.00 2.21 17.99
2709.00 2.22 17.95
2710.00 2.22 17.94
2711.00 2.22 17.92
2712.00 2.21 17.94
2713.00 2.23 17.90
2714.00 2.22 17.98
2715.00 2.22 18.04
2716.00 2.22 18.04
2717.00 2.21 18.04
2718.00 2.20 18.16
2719.00 2.20 18.13
2720.00 2.20 18.16
2721.00 2.20 18.21
2722.00 2.21 18.22
2723.00 2.22 18.19
2724.00 2.20 18.24
2725.00 2.19 18.24
2726.00 2.20 18.18
2727.00 2.20 18.20
2728.00 2.19 18.16
2729.00 2.20 18.18
2730.00 2.19 18.16
2731.00 2.20 18.12
2732.00 2.21 18.12
2733.00 2.19 18.08
2734.00 2.18 18.10
2735.00 2.21 18.12
2736.00 2.23 18.15
2737.00 2.22 18.12
2738.00 2.23 18.12
2739.00 2.22 18.14
2740.00 2.23 18.14
2741.00 2.24 18.19
2742.00 2.24 18.11
2743.00 2.24 18.16
2744.00 2.24 18.23
2745.00 2.24 18.22
2746.00 2.24 18.25
2747.00 2.25 18.23
2748.00 2.24 18.24
2749.00 2.23 18.28
2750.00 2.24 18.29
2751.00 2.24 18.28
2752.00 2.24 18.33
2753.00 2.24 18.37
2754.00 2.24 18.38
2755.00 2.23 18.42
2756.00 2.23 18.35
2757.00 2.23 18.45
2758.00 2.23 18.49
2759.00 2.22 18.43
2760.00 2.23 18.41
2761.00 2.23 18.39
2762.00 2.22 18.32
2763.00 2.23 18.35
2764.00 2.23 18.36
2765.00 2.22 18.31
2766.00 2.23 18.32
2767.00 2.25 18.33
2768.00 2.24 18.33
2769.00 2.24 18.34
2770.00 2.23 18.34
2771.00 2.23 18.41
2772.00 2.24 18.39
2773.00 2.24 18.37
2774.00 2.24 18.37
2775.00 2.24 18.36
2776.00 2.24 18.39
2777.00 2.26 18.36
2778.00 2.27 18.30
2779.00 2.26 18.36
2780.00 2.25 18.33
2781.00 2.26 18.45
2782.00 2.27 18.41
2783.00 2.27 18.38
2784.00 2.27 18.44
2785.00 2.29 18.39
2786.00 2.29 18.35
2787.00 2.28 18.33
2788.00 2.28 18.36
2789.00 2.28 18.34
2790.00 2.26 18.34
2791.00 2.25 18.25
2792.00 2.24 18.28
2793.00 2.23 18.29
2794.00 2.25 18.27
2795.00 2.25 18.27
2796.00 2.26 18.29
2797.00 2.26 18.24
2798.00 2.27 18.26
2799.00 2.28 18.24
2800.00 2.27 18.24
2801.00 2.25 18.24
2802.00 2.24 18.25
2803.00 2.25 18.23
2804.00 2.24 18.21
2805.00 2.27 18.22
2806.00 2.27 18.25
2807.00 2.27 18.28
2808.00 2.26 18.29
2809.00 2.25 18.26
