0.00 3.14 33.58
1.00 3.14 33.58
2.00 3.14 33.58
3.00 3.14 33.58
4.00 3.14 33.58
5.00 3.14 33.58
6.00 3.14 33.58
7.00 3.14 33.58
8.00 3.14 33.58
9.00 3.14 33.58
10.00 3.14 33.58
11.00 3.14 33.58
12.00 3.14 33.58
13.00 3.14 33.58
14.00 3.14 33.58
15.00 3.14 33.58
16.00 3.14 33.58
17.00 3.14 33.58
18.00 3.14 33.58
19.00 3.14 33.58
20.00 3.14 33.58
21.00 3.14 33.58
22.00 3.14 33.58
23.00 3.14 33.58
24.00 3.14 33.58
25.00 3.14 33.58
26.00 3.14 33.58
27.00 3.14 33.58
28.00 3.14 33.58
29.00 3.14 33.58
30.00 3.14 33.58
31.00 3.14 33.58
32.00 3.14 33.58
33.00 3.14 33.58
34.00 3.14 33.58
35.00 3.14 33.58
36.00 3.14 33.58
37.00 3.14 33.58
38.00 3.14 33.58
39.00 3.14 33.58
40.00 3.14 33.58
41.00 3.14 33.58
42.00 3.14 33.58
43.00 3.14 33.58
44.00 3.14 33.58
45.00 3.14 33.58
46.00 3.14 33.58
47.00 3.14 33.58
48.00 3.14 33.58
49.00 3.14 33.58
50.00 3.14 33.58
51.00 3.14 33.58
52.00 3.14 33.58
53.00 3.14 33.58
54.00 3.14 33.58
55.00 3.14 33.58
56.00 3.14 33.58
57.00 3.14 33.58
58.00 3.14 33.58
59.00 3.14 33.58
60.00 3.14 33.58
61.00 3.14 33.58
62.00 3.14 33.58
63.00 3.14 33.58
64.00 3.14 33.58
65.00 3.14 33.58
66.00 3.14 33.58
67.00 3.14 33.58
68.00 3.14 33.58
69.00 3.14 33.58
70.00 3.14 33.58
71.00 3.14 33.58
72.00 3.14 33.58
73.00 3.14 33.58
74.00 3.14 33.58
75.00 3.14 33.58
76.00 3.14 33.58
77.00 3.14 33.58
78.00 3.14 33.58
79.00 3.14 33.58
80.00 3.14 33.58
81.00 3.14 33.58
82.00 3.14 33.58
83.00 3.14 33.58
84.00 3.14 33.58
85.00 3.14 33.58
86.00 3.14 33.58
87.00 3.14 33.58
88.00 3.14 33.58
89.00 3.14 33.58
90.00 3.14 33.58
91.00 3.14 33.58
92.00 3.14 33.58
93.00 3.14 33.58
94.00 3.14 33.58
95.00 3.14 33.58
96.00 3.14 33.58
97.00 3.14 33.58
98.00 3.14 33.58
99.00 3.14 33.58
100.00 3.14 33.58
101.00 3.14 33.58
102.00 3.14 33.58
103.00 3.14 33.58
104.00 3.14 33.58
105.00 3.14 33.58
106.00 3.14 33.58
107.00 3.14 33.58
108.00 3.14 33.58
109.00 3.14 33.58
110.00 3.14 33.58
111.00 3.14 33.58
112.00 3.14 33.58
113.00 3.14 33.58
114.00 3.14 33.58
115.00 3.14 33.58
116.00 3.14 33.58
117.00 3.14 33.58
118.00 3.14 33.58
119.00 3.14 33.58
120.00 3.14 33.58
121.00 3.14 33.58
122.00 3.14 33.58
123.00 3.14 33.58
124.00 3.14 33.58
125.00 3.14 33.58
126.00 3.14 33.58
127.00 3.14 33.58
128.00 3.14 33.58
129.00 3.14 33.58
130.00 3.14 33.58
131.00 3.14 33.58
132.00 3.14 33.58
133.00 3.14 33.58
134.00 3.14 33.58
135.00 3.14 33.58
136.00 3.14 33.58
137.00 3.14 33.58
138.00 3.14 33.58
139.00 3.14 33.58
140.00 3.14 33.58
141.00 3.14 33.58
142.00 3.14 33.58
143.00 3.14 33.58
144.00 3.14 33.58
145.00 3.14 33.58
146.00 3.14 33.58
147.00 3.14 33.58
148.00 3.14 33.58
149.00 3.14 33.58
150.00 3.14 33.58
151.00 3.14 33.58
152.00 3.14 33.58
153.00 3.14 33.58
154.00 3.14 33.58
155.00 3.14 33.58
156.00 3.14 33.58
157.00 3.14 33.58
158.00 3.14 33.58
159.00 3.14 33.58
160.00 3.14 33.58
161.00 3.14 33.58
162.00 3.14 33.58
163.00 3.14 33.58
164.00 3.14 33.58
165.00 3.14 33.58
166.00 3.14 33.58
167.00 3.14 33.58
168.00 3.14 33.58
169.00 3.14 33.58
170.00 3.14 33.58
171.00 3.14 33.58
172.00 3.14 33.58
173.00 3.14 33.58
174.00 3.14 33.58
175.00 3.14 33.58
176.00 3.14 33.58
177.00 3.14 33.58
178.00 3.14 33.58
179.00 3.14 33.58
180.00 3.14 33.58
181.00 3.14 33.58
182.00 3.14 33.58
183.00 3.14 33.58
184.00 3.14 33.58
185.00 3.14 33.58
186.00 3.14 33.58
187.00 3.14 33.58
188.00 3.14 33.58
189.00 3.14 33.58
190.00 3.14 33.58
191.00 3.14 33.58
192.00 3.14 33.58
193.00 3.14 33.58
194.00 3.14 33.58
195.00 3.14 33.58
196.00 3.14 33.58
197.00 3.14 33.58
198.00 3.14 33.58
199.00 3.14 33.58
200.00 3.14 33.58
201.00 3.14 33.58
202.00 3.14 33.58
203.00 3.14 33.58
204.00 3.14 33.58
205.00 3.14 33.58
206.00 3.14 33.58
207.00 3.14 33.58
208.00 3.14 33.58
209.00 3.14 33.58
210.00 3.14 33.58
211.00 3.14 33.58
212.00 3.14 33.58
213.00 3.14 33.58
214.00 3.14 33.58
215.00 3.14 33.58
216.00 3.14 33.58
217.00 3.14 33.58
218.00 3.14 33.58
219.00 3.14 33.58
220.00 3.14 33.58
221.00 3.14 33.58
222.00 3.14 33.58
223.00 3.14 33.58
224.00 3.14 33.58
225.00 3.14 33.58
226.00 3.14 33.58
227.00 3.14 33.58
228.00 3.14 33.58
229.00 3.14 33.58
230.00 3.14 33.58
231.00 3.14 33.58
232.00 3.14 33.58
233.00 3.14 33.58
234.00 3.14 33.58
235.00 3.14 33.58
236.00 3.14 33.58
237.00 3.14 33.58
238.00 3.14 33.58
239.00 3.14 33.58
240.00 3.14 33.58
241.00 3.14 33.58
242.00 3.14 33.58
243.00 3.14 33.58
244.00 3.14 33.58
245.00 3.14 33.58
246.00 3.14 33.58
247.00 3.14 33.58
248.00 3.14 33.58
249.00 3.14 33.58
250.00 3.14 33.58
251.00 3.14 33.58
252.00 3.14 33.58
253.00 3.14 33.58
254.00 3.14 33.58
255.00 3.14 33.58
256.00 3.14 33.58
257.00 3.14 33.58
258.00 3.14 33.58
259.00 3.14 33.58
260.00 3.14 33.58
261.00 3.14 33.58
262.00 3.14 33.58
263.00 3.14 33.58
264.00 3.14 33.58
265.00 3.14 33.58
266.00 3.14 33.58
267.00 3.14 33.58
268.00 3.14 33.58
269.00 3.14 33.58
270.00 3.14 33.58
271.00 3.14 33.58
272.00 3.14 33.58
273.00 3.14 33.58
274.00 3.14 33.58
275.00 3.14 33.58
276.00 3.14 33.58
277.00 3.14 33.58
278.00 3.14 33.58
279.00 3.14 33.58
280.00 3.14 33.58
281.00 3.14 33.58
282.00 3.14 33.58
283.00 3.14 33.58
284.00 3.14 33.58
285.00 3.14 33.58
286.00 3.14 33.58
287.00 3.14 33.58
288.00 3.14 33.58
289.00 3.14 33.58
290.00 3.14 33.58
291.00 3.14 33.58
292.00 3.14 33.58
293.00 3.14 33.58
294.00 3.14 33.58
295.00 3.14 33.58
296.00 3.14 33.58
297.00 3.14 33.58
298.00 3.14 33.58
299.00 3.14 33.58
300.00 3.14 33.58
301.00 3.14 33.58
302.00 3.14 33.58
303.00 3.14 33.58
304.00 3.14 33.58
305.00 3.14 33.58
306.00 3.14 33.58
307.00 3.14 33.58
308.00 3.14 33.58
309.00 3.14 33.58
310.00 3.14 33.58
311.00 3.14 33.58
312.00 3.14 33.58
313.00 3.14 33.58
314.00 3.14 33.58
315.00 3.14 33.58
316.00 3.14 33.58
317.00 3.14 33.58
318.00 3.14 33.58
319.00 3.14 33.58
320.00 3.14 33.58
321.00 3.14 33.58
322.00 3.14 33.58
323.00 3.14 33.58
324.00 3.14 33.58
325.00 3.14 33.58
326.00 3.14 33.58
327.00 3.14 33.58
328.00 3.14 33.58
329.00 3.14 33.58
330.00 3.14 33.58
331.00 3.14 33.58
332.00 3.14 33.58
333.00 3.14 33.58
334.00 3.14 33.58
335.00 3.14 33.58
336.00 3.14 33.58
337.00 3.14 33.58
338.00 3.14 33.58
339.00 3.14 33.58
340.00 3.14 33.58
341.00 3.14 33.58
342.00 3.14 33.58
343.00 3.14 33.58
344.00 3.14 33.58
345.00 3.14 33.58
346.00 3.14 33.58
347.00 3.14 33.58
348.00 3.14 33.58
349.00 3.14 33.58
350.00 3.14 33.58
351.00 3.14 33.58
352.00 3.14 33.58
353.00 3.14 33.58
354.00 3.14 33.58
355.00 3.14 33.58
356.00 3.14 33.58
357.00 3.14 33.58
358.00 3.14 33.58
359.00 3.14 33.58
360.00 3.14 33.58
361.00 3.14 33.58
362.00 3.14 33.58
363.00 3.14 33.58
364.00 3.14 33.58
365.00 3.14 33.58
366.00 3.14 33.58
367.00 3.14 33.58
368.00 3.14 33.58
369.00 3.14 33.58
370.00 3.14 33.58
371.00 3.14 33.58
372.00 3.14 33.58
373.00 3.14 33.58
374.00 3.14 33.58
375.00 3.14 33.58
376.00 3.14 33.58
377.00 3.14 33.58
378.00 3.14 33.58
379.00 3.14 33.58
380.00 3.14 33.58
381.00 3.14 33.58
382.00 3.14 33.58
383.00 3.14 33.58
384.00 3.14 33.58
385.00 3.14 33.58
386.00 3.14 33.58
387.00 3.14 33.58
388.00 3.14 33.58
389.00 3.14 33.58
390.00 3.14 33.58
391.00 3.14 33.58
392.00 3.14 33.58
393.00 3.14 33.58
394.00 3.14 33.58
395.00 3.14 33.58
396.00 3.14 33.58
397.00 3.14 33.58
398.00 3.14 33.58
399.00 3.14 33.58
400.00 3.14 33.58
401.00 3.13 33.52
402.00 3.10 33.40
403.00 3.04 33.40
404.00 2.99 33.36
405.00 2.96 33.36
406.00 2.95 33.26
407.00 2.92 33.21
408.00 2.88 33.14
409.00 2.86 33.04
410.00 2.84 32.94
411.00 2.85 32.92
412.00 2.87 32.89
413.00 2.91 32.94
414.00 2.92 32.98
415.00 2.92 32.99
416.00 2.93 32.95
417.00 2.93 32.92
418.00 2.93 32.80
419.00 2.91 32.77
420.00 2.87 32.73
421.00 2.86 32.69
422.00 2.85 32.72
423.00 2.86 32.78
424.00 2.87 32.79
425.00 2.86 32.70
426.00 2.85 32.75
427.00 2.85 32.70
428.00 2.86 32.69
429.00 2.87 32.59
430.00 2.87 32.56
431.00 2.88 32.59
432.00 2.92 32.66
433.00 2.99 32.64
434.00 3.01 32.67
435.00 3.02 32.68
436.00 3.05 32.73
437.00 3.07 32.62
438.00 3.09 32.56
439.00 3.08 32.57
440.00 3.09 32.63
441.00 3.07 32.57
442.00 3.10 32.51
443.00 3.12 32.37
444.00 3.10 32.28
445.00 3.07 32.26
446.00 3.05 32.21
447.00 3.03 32.25
448.00 3.02 32.23
449.00 3.00 32.19
450.00 2.99 32.18
451.00 3.01 32.33
452.00 3.03 32.35
453.00 3.06 32.36
454.00 3.08 32.34
455.00 3.10 32.34
456.00 3.10 32.30
457.00 3.08 32.26
458.00 3.06 32.32
459.00 3.04 32.28
460.00 3.01 32.29
461.00 3.02 32.30
462.00 3.02 32.35
463.00 3.00 32.31
464.00 2.99 32.33
465.00 2.98 32.30
466.00 2.96 32.21
467.00 2.96 32.19
468.00 2.95 32.15
469.00 2.94 32.14
470.00 2.93 32.14
471.00 2.93 32.05
472.00 2.94 32.02
473.00 2.96 31.98
474.00 2.96 31.95
475.00 2.95 31.97
476.00 2.95 31.99
477.00 2.95 32.03
478.00 2.96 32.03
479.00 2.96 32.07
480.00 2.95 31.97
481.00 2.93 31.87
482.00 2.91 31.80
483.00 2.90 31.70
484.00 2.86 31.68
485.00 2.84 31.58
486.00 2.82 31.52
487.00 2.81 31.47
488.00 2.78 31.46
489.00 2.77 31.44
490.00 2.74 31.37
491.00 2.74 31.31
492.00 2.75 31.27
493.00 2.76 31.27
494.00 2.79 31.31
495.00 2.82 31.30
496.00 2.85 31.28
497.00 2.87 31.34
498.00 2.87 31.35
499.00 2.89 31.36
500.00 2.90 31.38
501.00 2.90 31.38
502.00 2.91 31.29
503.00 2.88 31.31
504.00 2.87 31.32
505.00 2.86 31.32
506.00 2.86 31.31
507.00 2.85 31.37
508.00 2.86 31.49
509.00 2.85 31.62
510.00 2.85 31.64
511.00 2.84 31.69
512.00 2.84 31.74
513.00 2.83 31.80
514.00 2.80 31.82
515.00 2.80 31.82
516.00 2.82 31.84
517.00 2.83 31.85
518.00 2.84 31.84
519.00 2.84 31.86
520.00 2.83 31.87
521.00 2.79 31.84
522.00 2.75 31.76
523.00 2.74 31.74
524.00 2.73 31.77
525.00 2.71 31.79
526.00 2.72 31.74
527.00 2.73 31.69
528.00 2.73 31.67
529.00 2.74 31.63
530.00 2.75 31.69
531.00 2.75 31.62
532.00 2.74 31.67
533.00 2.75 31.74
534.00 2.72 31.78
535.00 2.69 31.82
536.00 2.69 31.82
537.00 2.68 31.79
538.00 2.66 31.72
539.00 2.65 31.72
540.00 2.68 31.58
541.00 2.67 31.50
542.00 2.68 31.43
543.00 2.66 31.37
544.00 2.67 31.33
545.00 2.69 31.26
546.00 2.70 31.26
547.00 2.70 31.27
548.00 2.70 31.25
549.00 2.70 31.26
550.00 2.70 31.16
551.00 2.71 31.18
552.00 2.71 31.07
553.00 2.71 31.10
554.00 2.73 31.10
555.00 2.74 31.21
556.00 2.74 31.15
557.00 2.74 31.15
558.00 2.73 31.13
559.00 2.72 31.16
560.00 2.72 31.14
561.00 2.71 31.09
562.00 2.72 31.11
563.00 2.72 31.17
564.00 2.75 31.20
565.00 2.77 31.31
566.00 2.77 31.37
567.00 2.78 31.41
568.00 2.81 31.46
569.00 2.82 31.36
570.00 2.81 31.37
571.00 2.80 31.37
572.00 2.80 31.38
573.00 2.80 31.41
574.00 2.78 31.47
575.00 2.77 31.53
576.00 2.76 31.49
577.00 2.75 31.41
578.00 2.77 31.36
579.00 2.77 31.35
580.00 2.77 31.20
581.00 2.79 31.14
582.00 2.82 31.03
583.00 2.84 31.05
584.00 2.84 31.08
585.00 2.86 30.98
586.00 2.86 30.98
587.00 2.88 30.93
588.00 2.89 30.90
589.00 2.91 30.85
590.00 2.90 30.83
591.00 2.89 30.77
592.00 2.88 30.67
593.00 2.88 30.55
594.00 2.89 30.51
595.00 2.87 30.44
596.00 2.87 30.46
597.00 2.89 30.36
598.00 2.88 30.30
599.00 2.86 30.34
600.00 2.86 30.29
601.00 2.88 30.23
602.00 2.90 30.11
603.00 2.91 30.04
604.00 2.91 29.94
605.00 2.95 29.86
606.00 2.95 29.86
607.00 2.97 29.86
608.00 2.97 29.84
609.00 2.96 29.77
610.00 2.95 29.72
611.00 2.92 29.72
612.00 2.89 29.70
613.00 2.85 29.65
614.00 2.81 29.56
615.00 2.80 29.57
616.00 2.79 29.53
617.00 2.80 29.46
618.00 2.78 29.46
619.00 2.77 29.48
620.00 2.75 29.49
621.00 2.77 29.48
622.00 2.79 29.53
623.00 2.79 29.52
624.00 2.81 29.51
625.00 2.85 29.49
626.00 2.86 29.54
627.00 2.86 29.46
628.00 2.86 29.40
629.00 2.85 29.38
630.00 2.86 29.35
631.00 2.86 29.33
632.00 2.86 29.29
633.00 2.88 29.27
634.00 2.87 29.28
635.00 2.85 29.32
636.00 2.82 29.31
637.00 2.81 29.36
638.00 2.81 29.46
639.00 2.81 29.45
640.00 2.80 29.34
641.00 2.81 29.33
642.00 2.83 29.27
643.00 2.85 29.31
644.00 2.84 29.33
645.00 2.86 29.28
646.00 2.87 29.24
647.00 2.86 29.27
648.00 2.88 29.23
649.00 2.88 29.24
650.00 2.88 29.21
651.00 2.86 29.12
652.00 2.85 29.02
653.00 2.85 28.98
654.00 2.85 29.00
655.00 2.84 28.93
656.00 2.83 28.92
657.00 2.84 28.83
658.00 2.84 28.86
659.00 2.84 28.82
660.00 2.87 28.86
661.00 2.86 28.76
662.00 2.86 28.72
663.00 2.86 28.66
664.00 2.85 28.66
665.00 2.85 28.64
666.00 2.85 28.63
667.00 2.84 28.63
668.00 2.82 28.60
669.00 2.80 28.64
670.00 2.81 28.64
671.00 2.79 28.53
672.00 2.80 28.49
673.00 2.79 28.54
674.00 2.81 28.67
675.00 2.80 28.78
676.00 2.79 28.84
677.00 2.81 28.85
678.00 2.82 28.83
679.00 2.83 28.70
680.00 2.82 28.75
681.00 2.83 28.74
682.00 2.81 28.82
683.00 2.81 28.76
684.00 2.79 28.81
685.00 2.78 28.87
686.00 2.78 28.74
687.00 2.79 28.75
688.00 2.81 28.74
689.00 2.82 28.79
690.00 2.83 28.85
691.00 2.82 28.90
692.00 2.81 28.85
693.00 2.80 28.78
694.00 2.80 28.76
695.00 2.79 28.71
696.00 2.78 28.77
697.00 2.77 28.73
698.00 2.75 28.68
699.00 2.72 28.62
700.00 2.69 28.62
701.00 2.68 28.63
702.00 2.66 28.60
703.00 2.65 28.52
704.00 2.64 28.44
705.00 2.64 28.36
706.00 2.64 28.35
707.00 2.63 28.39
708.00 2.64 28.28
709.00 2.61 28.33
710.00 2.60 28.20
711.00 2.57 28.18
712.00 2.55 28.14
713.00 2.53 28.05
714.00 2.55 27.93
715.00 2.53 27.91
716.00 2.52 27.92
717.00 2.51 27.98
718.00 2.53 27.92
719.00 2.51 27.96
720.00 2.51 27.88
721.00 2.49 27.84
722.00 2.50 27.83
723.00 2.50 27.88
724.00 2.50 27.89
725.00 2.50 27.94
726.00 2.48 27.96
727.00 2.48 27.93
728.00 2.46 27.97
729.00 2.46 27.93
730.00 2.42 27.97
731.00 2.42 27.97
732.00 2.42 28.06
733.00 2.45 28.14
734.00 2.46 28.19
735.00 2.48 28.26
736.00 2.47 28.30
737.00 2.45 28.32
738.00 2.46 28.40
739.00 2.49 28.44
740.00 2.51 28.50
741.00 2.52 28.52
742.00 2.54 28.55
743.00 2.54 28.61
744.00 2.55 28.51
745.00 2.57 28.49
746.00 2.57 28.56
747.00 2.57 28.58
748.00 2.58 28.53
749.00 2.55 28.47
750.00 2.54 28.32
751.00 2.53 28.23
752.00 2.52 28.26
753.00 2.53 28.34
754.00 2.53 28.40
755.00 2.52 28.40
756.00 2.53 28.40
757.00 2.52 28.38
758.00 2.53 28.34
759.00 2.53 28.37
760.00 2.55 28.31
761.00 2.56 28.27
762.00 2.56 28.25
763.00 2.55 28.26
764.00 2.56 28.34
765.00 2.58 28.34
766.00 2.58 28.39
767.00 2.60 28.34
768.00 2.59 28.27
769.00 2.59 28.17
770.00 2.59 28.06
771.00 2.56 28.01
772.00 2.55 27.86
773.00 2.52 27.77
774.00 2.52 27.67
775.00 2.51 27.57
776.00 2.49 27.47
777.00 2.47 27.46
778.00 2.46 27.49
779.00 2.47 27.44
780.00 2.46 27.45
781.00 2.47 27.44
782.00 2.48 27.46
783.00 2.49 27.39
784.00 2.49 27.39
785.00 2.52 27.43
786.00 2.53 27.45
787.00 2.56 27.51
788.00 2.60 27.55
789.00 2.62 27.51
790.00 2.61 27.47
791.00 2.59 27.44
792.00 2.57 27.39
793.00 2.56 27.30
794.00 2.55 27.24
795.00 2.56 27.20
796.00 2.57 27.18
797.00 2.58 27.21
798.00 2.57 27.16
799.00 2.57 27.06
800.00 2.59 27.13
801.00 2.60 27.15
802.00 2.60 27.20
803.00 2.60 27.24
804.00 2.61 27.15
805.00 2.63 27.10
806.00 2.65 27.09
807.00 2.65 27.10
808.00 2.62 27.05
809.00 2.63 27.06
810.00 2.65 27.09
811.00 2.66 27.23
812.00 2.66 27.24
813.00 2.66 27.21
814.00 2.66 27.15
815.00 2.66 27.16
816.00 2.66 27.12
817.00 2.66 27.07
818.00 2.66 27.05
819.00 2.65 27.08
820.00 2.64 27.13
821.00 2.63 27.06
822.00 2.64 27.07
823.00 2.65 27.04
824.00 2.65 27.02
825.00 2.66 27.00
826.00 2.69 27.02
827.00 2.70 27.00
828.00 2.73 27.02
829.00 2.72 27.13
830.00 2.73 27.12
831.00 2.73 27.17
832.00 2.75 27.20
833.00 2.77 27.25
834.00 2.78 27.30
835.00 2.80 27.26
836.00 2.83 27.19
837.00 2.86 27.10
838.00 2.86 27.16
839.00 2.87 27.20
840.00 2.89 27.27
841.00 2.90 27.30
842.00 2.90 27.18
843.00 2.90 27.13
844.00 2.87 27.19
845.00 2.86 27.20
846.00 2.84 27.22
847.00 2.84 27.31
848.00 2.84 27.41
849.00 2.84 27.44
850.00 2.84 27.46
851.00 2.85 27.39
852.00 2.84 27.36
853.00 2.83 27.29
854.00 2.88 27.25
855.00 2.88 27.16
856.00 2.90 27.13
857.00 2.89 27.07
858.00 2.90 27.06
859.00 2.90 27.19
860.00 2.91 27.16
861.00 2.90 27.22
862.00 2.91 27.19
863.00 2.91 27.21
864.00 2.92 27.21
865.00 2.94 27.13
866.00 2.93 27.09
867.00 2.94 27.07
868.00 2.93 27.07
869.00 2.92 27.06
870.00 2.91 27.03
871.00 2.92 27.02
872.00 2.93 27.00
873.00 2.95 26.94
874.00 2.95 26.86
875.00 2.94 26.89
876.00 2.94 26.92
877.00 2.96 26.92
878.00 2.99 26.85
879.00 3.01 26.91
880.00 3.02 26.97
881.00 3.04 27.06
882.00 3.03 27.03
883.00 3.02 26.99
884.00 2.99 27.03
885.00 2.99 27.06
886.00 3.02 27.22
887.00 3.01 27.36
888.00 3.02 27.44
889.00 3.01 27.43
890.00 3.02 27.33
891.00 3.04 27.40
892.00 3.03 27.44
893.00 3.03 27.56
894.00 3.06 27.64
895.00 3.06 27.67
896.00 3.07 27.73
897.00 3.07 27.68
898.00 3.07 27.80
899.00 3.07 27.76
900.00 3.07 27.79
901.00 3.05 27.75
902.00 3.03 27.70
903.00 3.01 27.62
904.00 3.00 27.65
905.00 2.98 27.63
906.00 2.98 27.58
907.00 2.99 27.55
908.00 2.96 27.50
909.00 2.95 27.40
910.00 2.98 27.42
911.00 3.01 27.33
912.00 3.03 27.28
913.00 3.06 27.29
914.00 3.06 27.36
915.00 3.08 27.36
916.00 3.06 27.43
917.00 3.08 27.46
918.00 3.07 27.48
919.00 3.07 27.38
920.00 3.06 27.37
921.00 3.04 27.32
922.00 3.03 27.31
923.00 3.02 27.35
924.00 3.02 27.40
925.00 3.03 27.45
926.00 3.03 27.48
927.00 3.02 27.49
928.00 3.00 27.54
929.00 3.03 27.55
930.00 3.04 27.49
931.00 3.06 27.53
932.00 3.08 27.54
933.00 3.08 27.46
934.00 3.08 27.50
935.00 3.08 27.55
936.00 3.10 27.54
937.00 3.10 27.61
938.00 3.10 27.64
939.00 3.10 27.68
940.00 3.08 27.80
941.00 3.06 27.76
942.00 3.03 27.77
943.00 3.02 27.77
944.00 3.01 27.77
945.00 3.00 27.80
946.00 3.01 27.84
947.00 3.04 27.97
948.00 3.04 28.05
949.00 3.05 28.04
950.00 3.03 28.06
951.00 3.05 27.95
952.00 3.04 27.89
953.00 3.04 27.93
954.00 3.02 27.91
955.00 2.97 27.83
956.00 2.94 27.71
957.00 2.89 27.65
958.00 2.86 27.53
959.00 2.80 27.38
960.00 2.78 27.38
961.00 2.79 27.32
962.00 2.80 27.36
963.00 2.80 27.42
964.00 2.79 27.37
965.00 2.79 27.34
966.00 2.80 27.35
967.00 2.82 27.39
968.00 2.83 27.42
969.00 2.82 27.46
970.00 2.80 27.47
971.00 2.80 27.42
972.00 2.82 27.38
973.00 2.82 27.33
974.00 2.81 27.29
975.00 2.81 27.34
976.00 2.81 27.34
977.00 2.80 27.32
978.00 2.78 27.29
979.00 2.76 27.12
980.00 2.72 27.03
981.00 2.69 27.00
982.00 2.70 26.92
983.00 2.70 26.89
984.00 2.70 26.83
985.00 2.69 26.85
986.00 2.69 26.80
987.00 2.71 26.88
988.00 2.72 26.91
989.00 2.70 26.92
990.00 2.72 26.91
991.00 2.72 26.93
992.00 2.73 26.87
993.00 2.72 26.90
994.00 2.74 26.86
995.00 2.73 26.88
996.00 2.72 26.84
997.00 2.71 26.88
998.00 2.70 26.86
999.00 2.69 26.84
1000.00 2.71 26.83
1001.00 2.74 26.82
1002.00 2.75 26.82
1003.00 2.75 26.85
1004.00 2.73 26.89
1005.00 2.71 26.93
1006.00 2.70 26.84
1007.00 2.69 26.82
1008.00 2.67 26.77
1009.00 2.63 26.78
1010.00 2.63 26.78
1011.00 2.63 26.79
1012.00 2.62 26.84
1013.00 2.63 26.82
1014.00 2.64 26.91
1015.00 2.63 26.91
1016.00 2.64 26.89
1017.00 2.65 26.85
1018.00 2.64 26.89
1019.00 2.65 26.91
1020.00 2.64 26.82
1021.00 2.65 26.83
1022.00 2.63 26.88
1023.00 2.64 26.90
1024.00 2.63 26.92
1025.00 2.64 26.99
1026.00 2.65 27.05
1027.00 2.65 27.07
1028.00 2.67 27.07
1029.00 2.67 27.14
1030.00 2.68 27.14
1031.00 2.69 27.15
1032.00 2.71 27.13
1033.00 2.72 27.18
1034.00 2.74 27.16
1035.00 2.75 27.17
1036.00 2.76 27.13
1037.00 2.77 27.07
1038.00 2.79 27.04
1039.00 2.80 27.01
1040.00 2.78 26.94
1041.00 2.78 26.85
1042.00 2.79 26.77
1043.00 2.79 26.75
1044.00 2.80 26.73
1045.00 2.81 26.73
1046.00 2.78 26.69
1047.00 2.77 26.68
1048.00 2.76 26.69
1049.00 2.77 26.63
1050.00 2.79 26.64
1051.00 2.79 26.68
1052.00 2.79 26.80
1053.00 2.78 26.83
1054.00 2.79 26.84
1055.00 2.75 26.87
1056.00 2.76 26.82
1057.00 2.75 26.77
1058.00 2.77 26.75
1059.00 2.76 26.77
1060.00 2.75 26.74
1061.00 2.73 26.76
1062.00 2.72 26.66
1063.00 2.71 26.62
1064.00 2.72 26.47
1065.00 2.71 26.42
1066.00 2.68 26.48
1067.00 2.66 26.49
1068.00 2.63 26.50
1069.00 2.61 26.48
1070.00 2.59 26.37
1071.00 2.57 26.28
1072.00 2.57 26.18
1073.00 2.54 26.19
1074.00 2.54 26.15
1075.00 2.51 26.18
1076.00 2.51 26.10
1077.00 2.53 26.16
1078.00 2.54 26.13
1079.00 2.54 26.05
1080.00 2.51 26.03
1081.00 2.50 26.01
1082.00 2.50 26.14
1083.00 2.51 26.12
1084.00 2.50 26.10
1085.00 2.52 26.03
1086.00 2.51 26.03
1087.00 2.50 26.00
1088.00 2.52 25.98
1089.00 2.53 25.98
1090.00 2.55 25.94
1091.00 2.55 25.93
1092.00 2.56 25.91
1093.00 2.55 25.91
1094.00 2.56 25.85
1095.00 2.57 25.82
1096.00 2.59 25.84
1097.00 2.63 25.85
1098.00 2.65 25.91
1099.00 2.69 25.86
1100.00 2.69 25.87
1101.00 2.73 25.93
1102.00 2.73 26.03
1103.00 2.73 26.03
1104.00 2.75 25.99
1105.00 2.75 25.89
1106.00 2.76 25.89
1107.00 2.78 25.89
1108.00 2.79 25.92
1109.00 2.82 26.01
1110.00 2.83 26.02
1111.00 2.83 26.10
1112.00 2.85 26.03
1113.00 2.85 25.96
1114.00 2.85 25.87
1115.00 2.85 25.83
1116.00 2.86 25.82
1117.00 2.86 25.84
1118.00 2.87 25.80
1119.00 2.87 25.66
1120.00 2.86 25.63
1121.00 2.85 25.51
1122.00 2.83 25.49
1123.00 2.80 25.40
1124.00 2.79 25.33
1125.00 2.77 25.30
1126.00 2.76 25.24
1127.00 2.76 25.28
1128.00 2.74 25.24
1129.00 2.72 25.15
1130.00 2.71 25.10
1131.00 2.72 25.15
1132.00 2.73 25.09
1133.00 2.74 25.09
1134.00 2.78 25.17
1135.00 2.79 25.20
1136.00 2.80 25.18
1137.00 2.81 25.13
1138.00 2.81 25.12
1139.00 2.82 25.17
1140.00 2.83 25.18
1141.00 2.83 25.20
1142.00 2.84 25.39
1143.00 2.84 25.44
1144.00 2.83 25.42
1145.00 2.84 25.42
1146.00 2.84 25.42
1147.00 2.86 25.43
1148.00 2.86 25.39
1149.00 2.85 25.37
1150.00 2.85 25.35
1151.00 2.83 25.36
1152.00 2.82 25.37
1153.00 2.81 25.33
1154.00 2.82 25.37
1155.00 2.84 25.37
1156.00 2.83 25.29
1157.00 2.81 25.37
1158.00 2.81 25.34
1159.00 2.79 25.40
1160.00 2.79 25.29
1161.00 2.80 25.26
1162.00 2.81 25.21
1163.00 2.81 25.27
1164.00 2.82 25.27
1165.00 2.82 25.23
1166.00 2.83 25.23
1167.00 2.82 25.25
1168.00 2.82 25.20
1169.00 2.82 25.15
1170.00 2.82 25.15
1171.00 2.81 25.16
1172.00 2.81 25.23
1173.00 2.81 25.18
1174.00 2.81 25.23
1175.00 2.82 25.21
1176.00 2.84 25.22
1177.00 2.84 25.27
1178.00 2.85 25.31
1179.00 2.87 25.42
1180.00 2.89 25.49
1181.00 2.90 25.61
1182.00 2.91 25.58
1183.00 2.89 25.49
1184.00 2.89 25.45
1185.00 2.88 25.44
1186.00 2.89 25.43
1187.00 2.88 25.44
1188.00 2.87 25.48
1189.00 2.87 25.61
1190.00 2.87 25.69
1191.00 2.87 25.71
1192.00 2.90 25.71
1193.00 2.91 25.70
1194.00 2.92 25.63
1195.00 2.93 25.62
1196.00 2.91 25.66
1197.00 2.92 25.68
1198.00 2.90 25.62
1199.00 2.90 25.60
1200.00 2.90 25.61
1201.00 2.91 25.66
1202.00 2.94 25.71
1203.00 2.95 25.69
1204.00 2.95 25.62
1205.00 2.95 25.71
1206.00 2.92 25.80
1207.00 2.93 25.83
1208.00 2.92 25.74
1209.00 2.91 25.67
1210.00 2.92 25.67
1211.00 2.92 25.71
1212.00 2.93 25.72
1213.00 2.91 25.74
1214.00 2.89 25.67
1215.00 2.89 25.74
1216.00 2.90 25.77
1217.00 2.91 25.76
1218.00 2.93 25.76
1219.00 2.94 25.72
1220.00 2.93 25.79
1221.00 2.95 25.81
1222.00 2.94 25.79
1223.00 2.93 25.70
1224.00 2.90 25.78
1225.00 2.92 25.80
1226.00 2.90 25.94
1227.00 2.88 25.85
1228.00 2.88 25.86
1229.00 2.89 25.79
1230.00 2.89 25.79
1231.00 2.92 25.77
1232.00 2.93 25.79
1233.00 2.96 25.78
1234.00 2.96 25.83
1235.00 2.97 25.80
1236.00 2.98 25.91
1237.00 2.98 25.92
1238.00 2.98 25.93
1239.00 2.98 25.98
1240.00 2.98 25.91
1241.00 2.97 26.00
1242.00 2.96 26.01
1243.00 2.95 26.01
1244.00 2.95 25.95
1245.00 2.96 25.93
1246.00 2.96 25.90
1247.00 2.97 25.87
1248.00 2.99 25.90
1249.00 2.99 25.85
1250.00 2.97 25.84
1251.00 2.99 25.72
1252.00 2.99 25.67
1253.00 2.97 25.64
1254.00 2.97 25.69
1255.00 2.97 25.71
1256.00 2.98 25.75
1257.00 2.96 25.70
1258.00 2.98 25.63
1259.00 2.96 25.63
1260.00 2.98 25.64
1261.00 3.01 25.61
1262.00 3.03 25.53
1263.00 3.05 25.50
1264.00 3.05 25.53
1265.00 3.05 25.60
1266.00 3.06 25.62
1267.00 3.06 25.62
1268.00 3.07 25.58
1269.00 3.09 25.52
1270.00 3.09 25.47
1271.00 3.10 25.47
1272.00 3.10 25.46
1273.00 3.11 25.49
1274.00 3.09 25.59
1275.00 3.05 25.64
1276.00 3.03 25.69
1277.00 3.01 25.63
1278.00 2.98 25.64
1279.00 2.96 25.67
1280.00 2.93 25.76
1281.00 2.95 25.77
1282.00 2.96 25.82
1283.00 2.95 25.79
1284.00 2.96 25.77
1285.00 2.96 25.79
1286.00 2.95 25.78
1287.00 2.93 25.82
1288.00 2.93 25.83
1289.00 2.94 25.75
1290.00 2.93 25.70
1291.00 2.92 25.63
1292.00 2.92 25.63
1293.00 2.93 25.69
1294.00 2.94 25.64
1295.00 2.93 25.59
1296.00 2.95 25.50
1297.00 2.95 25.46
1298.00 2.97 25.44
1299.00 2.97 25.42
1300.00 2.98 25.43
1301.00 2.97 25.40
1302.00 2.99 25.28
1303.00 3.01 25.20
1304.00 3.02 25.21
1305.00 3.02 25.16
1306.00 3.04 25.11
1307.00 3.05 24.99
1308.00 3.05 25.03
1309.00 3.03 24.99
1310.00 3.05 25.05
1311.00 3.04 25.07
1312.00 3.04 24.97
1313.00 3.03 24.97
1314.00 3.02 24.88
1315.00 3.04 24.87
1316.00 3.05 24.85
1317.00 3.07 24.83
1318.00 3.06 24.88
1319.00 3.05 24.96
1320.00 3.05 24.91
1321.00 3.07 24.86
1322.00 3.08 24.81
1323.00 3.06 24.82
1324.00 3.05 24.81
1325.00 3.04 24.73
1326.00 3.02 24.65
1327.00 3.04 24.57
1328.00 3.05 24.57
1329.00 3.07 24.58
1330.00 3.08 24.57
1331.00 3.08 24.63
1332.00 3.08 24.60
1333.00 3.07 24.54
1334.00 3.07 24.56
1335.00 3.07 24.52
1336.00 3.07 24.62
1337.00 3.09 24.61
1338.00 3.08 24.66
1339.00 3.09 24.64
1340.00 3.09 24.62
1341.00 3.09 24.59
1342.00 3.09 24.66
1343.00 3.08 24.72
1344.00 3.10 24.71
1345.00 3.11 24.69
1346.00 3.08 24.62
1347.00 3.08 24.57
1348.00 3.05 24.64
1349.00 3.06 24.73
1350.00 3.04 24.76
1351.00 3.03 24.68
1352.00 3.01 24.63
1353.00 3.00 24.62
1354.00 3.00 24.66
1355.00 2.98 24.65
1356.00 2.98 24.67
1357.00 2.97 24.69
1358.00 2.96 24.70
1359.00 2.97 24.71
1360.00 2.98 24.72
1361.00 2.99 24.66
1362.00 3.01 24.66
1363.00 3.02 24.56
1364.00 3.01 24.55
1365.00 3.00 24.53
1366.00 3.01 24.54
1367.00 3.01 24.49
1368.00 3.01 24.49
1369.00 3.02 24.51
1370.00 3.01 24.58
1371.00 3.00 24.60
1372.00 3.00 24.59
1373.00 2.99 24.50
1374.00 2.96 24.52
1375.00 2.97 24.51
1376.00 2.97 24.48
1377.00 2.99 24.51
1378.00 2.98 24.51
1379.00 2.97 24.49
1380.00 2.97 24.55
1381.00 2.94 24.50
1382.00 2.90 24.48
1383.00 2.87 24.38
1384.00 2.88 24.33
1385.00 2.89 24.34
1386.00 2.89 24.36
1387.00 2.88 24.39
1388.00 2.87 24.35
1389.00 2.86 24.29
1390.00 2.85 24.26
1391.00 2.83 24.25
1392.00 2.82 24.26
1393.00 2.83 24.19
1394.00 2.82 24.11
1395.00 2.82 24.10
1396.00 2.81 24.07
1397.00 2.80 24.03
1398.00 2.79 23.99
1399.00 2.78 23.98
1400.00 2.78 23.98
1401.00 2.79 23.94
1402.00 2.77 23.91
1403.00 2.78 23.89
1404.00 2.78 23.85
1405.00 2.80 23.78
1406.00 2.80 23.79
1407.00 2.80 23.73
1408.00 2.80 23.81
1409.00 2.79 23.96
1410.00 2.78 24.03
1411.00 2.81 24.05
1412.00 2.81 23.96
1413.00 2.80 23.92
1414.00 2.80 23.95
1415.00 2.81 23.92
1416.00 2.82 23.87
1417.00 2.83 23.89
1418.00 2.80 23.84
1419.00 2.80 23.80
1420.00 2.79 23.82
1421.00 2.79 23.77
1422.00 2.80 23.82
1423.00 2.81 23.78
1424.00 2.81 23.72
1425.00 2.80 23.58
1426.00 2.74 23.49
1427.00 2.70 23.38
1428.00 2.64 23.34
1429.00 2.61 23.18
1430.00 2.58 23.19
1431.00 2.56 23.11
1432.00 2.55 23.09
1433.00 2.53 23.02
1434.00 2.55 22.99
1435.00 2.54 22.97
1436.00 2.52 22.97
1437.00 2.52 22.97
1438.00 2.51 22.93
1439.00 2.50 22.85
1440.00 2.49 22.77
1441.00 2.48 22.76
1442.00 2.49 22.78
1443.00 2.48 22.74
1444.00 2.48 22.73
1445.00 2.48 22.72
1446.00 2.48 22.67
1447.00 2.47 22.70
1448.00 2.48 22.63
1449.00 2.47 22.68
1450.00 2.49 22.63
1451.00 2.47 22.64
1452.00 2.47 22.61
1453.00 2.45 22.71
1454.00 2.45 22.79
1455.00 2.43 22.76
1456.00 2.42 22.71
1457.00 2.40 22.72
1458.00 2.40 22.73
1459.00 2.39 22.74
1460.00 2.40 22.74
1461.00 2.38 22.69
1462.00 2.36 22.59
1463.00 2.36 22.63
1464.00 2.34 22.66
1465.00 2.33 22.68
1466.00 2.34 22.64
1467.00 2.33 22.57
1468.00 2.32 22.49
1469.00 2.30 22.51
1470.00 2.30 22.52
1471.00 2.30 22.55
1472.00 2.33 22.48
1473.00 2.32 22.49
1474.00 2.32 22.48
1475.00 2.30 22.41
1476.00 2.28 22.39
1477.00 2.28 22.31
1478.00 2.27 22.30
1479.00 2.27 22.27
1480.00 2.27 22.30
1481.00 2.28 22.24
1482.00 2.27 22.17
1483.00 2.29 22.04
1484.00 2.28 21.96
1485.00 2.27 21.88
1486.00 2.25 21.89
1487.00 2.27 21.92
1488.00 2.26 21.98
1489.00 2.28 21.98
1490.00 2.27 22.06
1491.00 2.26 22.06
1492.00 2.26 22.05
1493.00 2.22 22.05
1494.00 2.22 21.98
1495.00 2.23 21.90
1496.00 2.24 21.91
1497.00 2.23 21.85
1498.00 2.20 21.79
1499.00 2.21 21.77
1500.00 2.21 21.76
1501.00 2.20 21.76
1502.00 2.20 21.74
1503.00 2.21 21.75
1504.00 2.20 21.76
1505.00 2.20 21.73
1506.00 2.20 21.68
1507.00 2.21 21.64
1508.00 2.19 21.54
1509.00 2.18 21.59
1510.00 2.16 21.57
1511.00 2.13 21.65
1512.00 2.12 21.60
1513.00 2.13 21.59
1514.00 2.12 21.62
1515.00 2.13 21.61
1516.00 2.12 21.69
1517.00 2.12 21.67
1518.00 2.11 21.63
1519.00 2.11 21.62
1520.00 2.11 21.61
1521.00 2.11 21.64
1522.00 2.13 21.59
1523.00 2.13 21.54
1524.00 2.15 21.49
1525.00 2.14 21.50
1526.00 2.15 21.49
1527.00 2.14 21.59
1528.00 2.14 21.59
1529.00 2.13 21.64
1530.00 2.13 21.62
1531.00 2.10 21.69
1532.00 2.12 21.63
1533.00 2.10 21.53
1534.00 2.10 21.51
1535.00 2.09 21.38
1536.00 2.10 21.40
1537.00 2.10 21.37
1538.00 2.11 21.31
1539.00 2.10 21.28
1540.00 2.10 21.31
1541.00 2.10 21.38
1542.00 2.11 21.32
1543.00 2.10 21.33
1544.00 2.11 21.33
1545.00 2.12 21.36
1546.00 2.11 21.43
1547.00 2.12 21.43
1548.00 2.11 21.45
1549.00 2.10 21.45
1550.00 2.10 21.52
1551.00 2.10 21.55
1552.00 2.12 21.59
1553.00 2.14 21.53
1554.00 2.13 21.44
1555.00 2.13 21.50
1556.00 2.12 21.49
1557.00 2.11 21.50
1558.00 2.12 21.46
1559.00 2.10 21.37
1560.00 2.08 21.34
1561.00 2.07 21.29
1562.00 2.06 21.25
1563.00 2.06 21.23
1564.00 2.06 21.21
1565.00 2.07 21.15
1566.00 2.08 21.20
1567.00 2.09 21.21
1568.00 2.08 21.32
1569.00 2.07 21.27
1570.00 2.06 21.26
1571.00 2.06 21.21
1572.00 2.08 21.23
1573.00 2.08 21.27
1574.00 2.09 21.35
1575.00 2.10 21.36
1576.00 2.08 21.35
1577.00 2.07 21.31
1578.00 2.05 21.39
1579.00 2.05 21.43
1580.00 2.04 21.44
1581.00 2.03 21.48
1582.00 2.02 21.39
1583.00 2.01 21.33
1584.00 2.00 21.33
1585.00 2.02 21.37
1586.00 2.03 21.31
1587.00 2.04 21.24
1588.00 2.04 21.19
1589.00 2.01 21.22
1590.00 2.00 21.20
1591.00 1.98 21.15
1592.00 1.98 21.07
1593.00 1.97 21.15
1594.00 1.95 21.17
1595.00 1.96 21.16
1596.00 1.96 21.17
1597.00 1.96 21.16
1598.00 1.97 21.17
1599.00 1.97 21.08
1600.00 1.96 21.08
1601.00 1.96 21.01
1602.00 1.95 20.96
1603.00 1.95 20.85
1604.00 1.95 20.85
1605.00 1.95 20.82
1606.00 1.97 20.89
1607.00 1.99 20.94
1608.00 1.99 21.00
1609.00 2.01 21.05
1610.00 2.01 21.03
1611.00 2.00 21.02
1612.00 2.01 21.00
1613.00 2.04 20.98
1614.00 2.04 21.01
1615.00 2.04 20.95
1616.00 2.02 20.88
1617.00 2.02 20.76
1618.00 2.02 20.80
1619.00 2.02 20.78
1620.00 2.03 20.78
1621.00 2.02 20.77
1622.00 2.02 20.64
1623.00 2.01 20.59
1624.00 2.01 20.53
1625.00 2.01 20.63
1626.00 2.00 20.64
1627.00 1.97 20.65
1628.00 1.98 20.73
1629.00 1.98 20.74
1630.00 1.98 20.75
1631.00 1.98 20.83
1632.00 1.98 20.78
1633.00 1.97 20.86
1634.00 1.95 20.89
1635.00 1.97 20.88
1636.00 1.98 20.90
1637.00 1.99 20.85
1638.00 1.99 20.92
1639.00 2.01 20.91
1640.00 2.01 20.96
1641.00 2.02 20.93
1642.00 2.03 20.93
1643.00 2.03 20.91
1644.00 2.01 20.93
1645.00 2.00 20.93
1646.00 1.98 20.88
1647.00 1.98 20.86
1648.00 2.00 20.83
1649.00 2.02 20.82
1650.00 2.00 20.74
1651.00 1.98 20.76
1652.00 1.98 20.76
1653.00 1.98 20.75
1654.00 1.97 20.73
1655.00 1.98 20.75
1656.00 1.97 20.73
1657.00 1.98 20.71
1658.00 1.97 20.70
1659.00 1.99 20.66
1660.00 2.01 20.68
1661.00 2.01 20.76
1662.00 2.00 20.76
1663.00 2.00 20.76
1664.00 2.01 20.70
1665.00 2.03 20.63
1666.00 2.03 20.62
1667.00 2.05 20.53
1668.00 2.03 20.51
1669.00 2.04 20.47
1670.00 2.04 20.46
1671.00 2.05 20.37
1672.00 2.05 20.32
1673.00 2.05 20.26
1674.00 2.05 20.19
1675.00 2.05 20.19
1676.00 2.06 20.21
1677.00 2.07 20.25
1678.00 2.09 20.19
1679.00 2.10 20.19
1680.00 2.12 20.19
1681.00 2.11 20.25
1682.00 2.11 20.27
1683.00 2.11 20.33
1684.00 2.09 20.25
1685.00 2.08 20.21
1686.00 2.07 20.13
1687.00 2.06 20.16
1688.00 2.07 20.02
1689.00 2.08 20.03
1690.00 2.07 19.94
1691.00 2.08 19.96
1692.00 2.08 19.97
1693.00 2.07 19.96
1694.00 2.05 19.96
1695.00 2.04 19.97
1696.00 2.03 19.92
1697.00 2.02 19.86
1698.00 2.02 19.84
1699.00 2.02 19.78
1700.00 2.03 19.84
1701.00 2.03 19.85
1702.00 2.04 19.84
1703.00 2.05 19.86
1704.00 2.03 19.88
1705.00 2.03 19.89
1706.00 2.03 19.88
1707.00 2.04 19.87
1708.00 2.01 19.84
1709.00 1.99 19.84
1710.00 2.00 19.74
1711.00 2.01 19.82
1712.00 2.02 19.81
1713.00 2.02 19.81
1714.00 2.02 19.84
1715.00 2.03 19.83
1716.00 2.03 19.87
1717.00 2.03 19.82
1718.00 2.03 19.83
1719.00 2.03 19.84
1720.00 2.03 19.89
1721.00 2.05 19.88
1722.00 2.08 19.87
1723.00 2.08 19.86
1724.00 2.07 19.92
1725.00 2.07 19.91
1726.00 2.05 19.95
1727.00 2.07 19.86
1728.00 2.06 19.93
1729.00 2.08 19.92
1730.00 2.07 20.02
1731.00 2.10 20.01
1732.00 2.12 20.11
1733.00 2.14 20.05
1734.00 2.16 20.09
1735.00 2.17 20.12
1736.00 2.18 20.10
1737.00 2.17 20.09
1738.00 2.19 20.03
1739.00 2.21 20.00
1740.00 2.21 20.03
1741.00 2.19 20.01
1742.00 2.18 19.97
1743.00 2.17 20.00
1744.00 2.16 20.04
1745.00 2.16 20.00
1746.00 2.17 19.98
1747.00 2.15 19.94
1748.00 2.16 20.01
1749.00 2.16 19.98
1750.00 2.17 20.07
1751.00 2.17 20.09
1752.00 2.15 20.16
1753.00 2.17 20.12
1754.00 2.16 20.10
1755.00 2.15 20.16
1756.00 2.16 20.16
1757.00 2.17 20.12
1758.00 2.18 20.05
1759.00 2.16 20.05
1760.00 2.16 20.06
1761.00 2.15 20.07
1762.00 2.13 20.02
1763.00 2.10 19.99
1764.00 2.10 20.00
1765.00 2.12 20.06
1766.00 2.12 20.11
1767.00 2.12 20.07
1768.00 2.13 20.04
1769.00 2.14 20.07
1770.00 2.16 20.07
1771.00 2.18 20.06
1772.00 2.19 19.99
1773.00 2.17 20.00
1774.00 2.17 19.94
1775.00 2.16 19.84
1776.00 2.17 19.90
1777.00 2.18 19.88
1778.00 2.19 19.96
1779.00 2.19 19.94
1780.00 2.21 20.01
1781.00 2.20 19.97
1782.00 2.20 19.95
1783.00 2.21 19.93
1784.00 2.20 19.90
1785.00 2.21 19.85
1786.00 2.20 19.89
1787.00 2.23 19.87
1788.00 2.21 19.92
1789.00 2.22 20.02
1790.00 2.21 20.03
1791.00 2.20 20.10
1792.00 2.22 20.01
1793.00 2.19 20.05
1794.00 2.20 19.98
1795.00 2.20 19.96
1796.00 2.20 19.95
1797.00 2.20 19.94
1798.00 2.20 19.92
1799.00 2.22 19.97
1800.00 2.24 20.03
1801.00 2.25 20.02
1802.00 2.26 20.11
1803.00 2.25 20.17
1804.00 2.24 20.20
1805.00 2.26 20.27
1806.00 2.26 20.25
1807.00 2.28 20.30
1808.00 2.29 20.35
1809.00 2.31 20.36
1810.00 2.32 20.43
1811.00 2.32 20.40
1812.00 2.29 20.39
1813.00 2.28 20.29
1814.00 2.27 20.23
1815.00 2.29 20.25
1816.00 2.30 20.22
1817.00 2.29 20.27
1818.00 2.30 20.26
1819.00 2.31 20.27
1820.00 2.33 20.20
1821.00 2.32 20.21
1822.00 2.31 20.23
1823.00 2.28 20.20
1824.00 2.26 20.19
1825.00 2.28 20.24
1826.00 2.27 20.24
1827.00 2.28 20.35
1828.00 2.28 20.32
1829.00 2.27 20.33
1830.00 2.27 20.34
1831.00 2.25 20.26
1832.00 2.28 20.21
1833.00 2.27 20.30
1834.00 2.30 20.22
1835.00 2.28 20.17
1836.00 2.28 20.15
1837.00 2.26 20.13
1838.00 2.26 20.13
1839.00 2.25 20.15
1840.00 2.25 20.09
1841.00 2.26 20.09
1842.00 2.29 20.08
1843.00 2.28 20.16
1844.00 2.30 20.16
1845.00 2.30 20.19
1846.00 2.31 20.17
1847.00 2.31 20.24
1848.00 2.31 20.27
1849.00 2.32 20.21
1850.00 2.31 20.14
1851.00 2.31 20.12
1852.00 2.30 20.03
1853.00 2.31 20.05
1854.00 2.30 20.05
1855.00 2.31 20.06
1856.00 2.31 20.03
1857.00 2.31 20.01
1858.00 2.32 19.99
1859.00 2.32 20.00
1860.00 2.30 19.95
1861.00 2.29 19.95
1862.00 2.27 19.99
1863.00 2.26 20.14
1864.00 2.24 20.08
1865.00 2.22 20.13
1866.00 2.25 20.11
1867.00 2.25 20.13
1868.00 2.30 20.19
1869.00 2.30 20.12
1870.00 2.32 20.15
1871.00 2.32 20.07
1872.00 2.33 20.05
1873.00 2.34 20.05
1874.00 2.35 20.11
1875.00 2.37 20.16
1876.00 2.36 20.17
1877.00 2.37 20.07
1878.00 2.37 20.01
1879.00 2.39 19.98
1880.00 2.40 19.96
1881.00 2.39 19.93
1882.00 2.39 20.01
1883.00 2.38 20.00
1884.00 2.38 20.00
1885.00 2.38 20.00
1886.00 2.39 20.04
1887.00 2.39 19.91
1888.00 2.41 19.85
1889.00 2.40 19.80
1890.00 2.42 19.71
1891.00 2.41 19.76
1892.00 2.44 19.68
1893.00 2.46 19.70
1894.00 2.46 19.69
1895.00 2.45 19.71
1896.00 2.45 19.77
1897.00 2.44 19.77
1898.00 2.44 19.83
1899.00 2.45 19.85
1900.00 2.47 19.92
1901.00 2.47 19.89
1902.00 2.47 19.92
1903.00 2.48 19.92
1904.00 2.49 19.86
1905.00 2.49 19.80
1906.00 2.48 19.74
1907.00 2.46 19.71
1908.00 2.45 19.60
1909.00 2.44 19.57
1910.00 2.44 19.56
1911.00 2.44 19.55
1912.00 2.43 19.58
1913.00 2.44 19.62
1914.00 2.44 19.61
1915.00 2.44 19.53
1916.00 2.44 19.52
1917.00 2.44 19.45
1918.00 2.44 19.50
1919.00 2.44 19.50
1920.00 2.44 19.44
1921.00 2.45 19.49
1922.00 2.46 19.42
1923.00 2.48 19.47
1924.00 2.48 19.44
1925.00 2.51 19.42
1926.00 2.48 19.43
1927.00 2.50 19.43
1928.00 2.49 19.36
1929.00 2.50 19.42
1930.00 2.50 19.46
1931.00 2.51 19.45
1932.00 2.53 19.36
1933.00 2.55 19.31
1934.00 2.54 19.28
1935.00 2.55 19.33
1936.00 2.54 19.34
1937.00 2.55 19.34
1938.00 2.55 19.26
1939.00 2.56 19.23
1940.00 2.55 19.17
1941.00 2.55 19.19
1942.00 2.54 19.11
1943.00 2.55 19.09
1944.00 2.55 19.08
1945.00 2.54 19.10
1946.00 2.55 19.16
1947.00 2.54 19.16
1948.00 2.56 19.09
1949.00 2.56 19.07
1950.00 2.55 19.09
1951.00 2.55 19.16
1952.00 2.55 19.21
1953.00 2.54 19.24
1954.00 2.55 19.27
1955.00 2.57 19.22
1956.00 2.56 19.28
1957.00 2.56 19.25
1958.00 2.55 19.23
1959.00 2.55 19.18
1960.00 2.54 19.05
1961.00 2.54 19.05
1962.00 2.55 19.03
1963.00 2.54 19.04
1964.00 2.55 19.03
1965.00 2.53 18.96
1966.00 2.54 18.90
1967.00 2.53 18.87
1968.00 2.54 18.85
1969.00 2.52 18.86
1970.00 2.51 18.86
1971.00 2.52 18.86
1972.00 2.52 18.86
1973.00 2.53 18.85
1974.00 2.52 18.87
1975.00 2.51 18.83
1976.00 2.53 18.88
1977.00 2.54 18.90
1978.00 2.54 18.89
1979.00 2.53 18.87
1980.00 2.55 18.87
1981.00 2.56 18.87
1982.00 2.56 18.83
1983.00 2.57 18.81
1984.00 2.59 18.73
1985.00 2.62 18.66
1986.00 2.63 18.64
1987.00 2.67 18.59
1988.00 2.68 18.53
1989.00 2.71 18.56
1990.00 2.72 18.55
1991.00 2.73 18.56
1992.00 2.72 18.57
1993.00 2.70 18.60
1994.00 2.68 18.69
1995.00 2.68 18.60
1996.00 2.66 18.55
1997.00 2.66 18.52
1998.00 2.66 18.54
1999.00 2.68 18.52
2000.00 2.69 18.50
2001.00 2.70 18.52
2002.00 2.70 18.46
2003.00 2.70 18.43
2004.00 2.70 18.40
2005.00 2.71 18.38
2006.00 2.70 18.30
2007.00 2.69 18.32
2008.00 2.69 18.31
2009.00 2.70 18.22
2010.00 2.71 18.23
2011.00 2.72 18.19
2012.00 2.71 18.30
2013.00 2.72 18.29
2014.00 2.73 18.36
2015.00 2.72 18.31
2016.00 2.72 18.37
2017.00 2.72 18.27
2018.00 2.73 18.21
2019.00 2.72 18.13
2020.00 2.73 18.21
2021.00 2.73 18.20
2022.00 2.74 18.23
2023.00 2.72 18.17
2024.00 2.73 18.15
2025.00 2.72 18.16
2026.00 2.74 18.16
2027.00 2.76 18.13
2028.00 2.77 18.17
2029.00 2.77 18.14
2030.00 2.77 18.15
2031.00 2.78 18.13
2032.00 2.79 18.13
2033.00 2.81 18.10
2034.00 2.80 18.13
2035.00 2.80 18.13
2036.00 2.77 18.24
2037.00 2.77 18.29
2038.00 2.78 18.30
2039.00 2.77 18.29
2040.00 2.77 18.34
2041.00 2.77 18.25
2042.00 2.75 18.24
2043.00 2.74 18.16
2044.00 2.74 18.17
2045.00 2.74 18.14
2046.00 2.74 18.20
2047.00 2.73 18.21
2048.00 2.74 18.21
2049.00 2.75 18.27
2050.00 2.75 18.20
2051.00 2.76 18.20
2052.00 2.76 18.23
2053.00 2.77 18.23
2054.00 2.77 18.28
2055.00 2.75 18.15
2056.00 2.76 18.16
2057.00 2.75 18.10
2058.00 2.75 18.10
2059.00 2.74 18.01
2060.00 2.73 18.03
2061.00 2.72 17.90
2062.00 2.73 17.93
2063.00 2.74 17.92
2064.00 2.74 17.94
2065.00 2.73 17.97
2066.00 2.74 17.92
2067.00 2.73 17.94
2068.00 2.72 17.87
2069.00 2.70 17.90
2070.00 2.70 17.90
2071.00 2.70 17.91
2072.00 2.71 17.98
2073.00 2.69 17.95
2074.00 2.68 17.94
2075.00 2.69 17.90
2076.00 2.69 17.95
2077.00 2.68 18.01
2078.00 2.66 18.09
2079.00 2.66 18.03
2080.00 2.65 18.00
2081.00 2.66 17.96
2082.00 2.66 17.96
2083.00 2.67 17.98
2084.00 2.66 17.96
2085.00 2.67 17.94
2086.00 2.66 17.97
2087.00 2.65 17.93
2088.00 2.65 17.92
2089.00 2.63 17.89
2090.00 2.63 17.80
2091.00 2.64 17.78
2092.00 2.63 17.81
2093.00 2.63 17.85
2094.00 2.62 17.91
2095.00 2.62 17.93
2096.00 2.61 17.87
2097.00 2.61 17.80
2098.00 2.61 17.74
2099.00 2.58 17.73
2100.00 2.57 17.75
2101.00 2.58 17.80
2102.00 2.58 17.81
2103.00 2.57 17.79
2104.00 2.58 17.85
2105.00 2.59 17.84
2106.00 2.58 17.85
2107.00 2.57 17.84
2108.00 2.56 17.85
2109.00 2.55 17.86
2110.00 2.55 17.80
2111.00 2.53 17.76
2112.00 2.52 17.75
2113.00 2.52 17.75
2114.00 2.50 17.73
2115.00 2.48 17.74
2116.00 2.46 17.72
2117.00 2.46 17.76
2118.00 2.48 17.74
2119.00 2.48 17.83
2120.00 2.47 17.88
2121.00 2.48 17.94
2122.00 2.49 17.84
2123.00 2.48 17.84
2124.00 2.48 17.79
2125.00 2.46 17.78
2126.00 2.46 17.79
2127.00 2.47 17.73
2128.00 2.48 17.79
2129.00 2.48 17.82
2130.00 2.50 17.78
2131.00 2.49 17.86
2132.00 2.53 17.92
2133.00 2.54 17.91
2134.00 2.53 17.93
2135.00 2.52 17.99
2136.00 2.53 17.95
2137.00 2.54 18.02
2138.00 2.54 17.99
2139.00 2.54 17.92
2140.00 2.54 17.94
2141.00 2.56 17.95
2142.00 2.56 17.97
2143.00 2.57 17.93
2144.00 2.55 17.89
2145.00 2.55 17.85
2146.00 2.54 17.80
2147.00 2.53 17.76
2148.00 2.52 17.77
2149.00 2.54 17.74
2150.00 2.52 17.75
2151.00 2.52 17.74
2152.00 2.54 17.68
2153.00 2.54 17.69
2154.00 2.54 17.73
2155.00 2.53 17.77
2156.00 2.51 17.73
2157.00 2.48 17.66
2158.00 2.48 17.62
2159.00 2.47 17.58
2160.00 2.47 17.53
2161.00 2.45 17.52
2162.00 2.44 17.47
2163.00 2.45 17.51
2164.00 2.47 17.52
2165.00 2.47 17.57
2166.00 2.46 17.67
2167.00 2.46 17.73
2168.00 2.45 17.76
2169.00 2.43 17.75
2170.00 2.43 17.71
2171.00 2.42 17.65
2172.00 2.42 17.65
2173.00 2.40 17.70
2174.00 2.40 17.71
2175.00 2.41 17.76
2176.00 2.43 17.80
2177.00 2.44 17.82
2178.00 2.45 17.83
2179.00 2.44 17.89
2180.00 2.44 17.90
2181.00 2.44 17.82
2182.00 2.44 17.86
2183.00 2.44 17.89
2184.00 2.43 18.00
2185.00 2.44 17.92
2186.00 2.44 17.97
2187.00 2.43 17.97
2188.00 2.44 17.95
2189.00 2.42 17.95
2190.00 2.40 17.91
2191.00 2.40 17.95
2192.00 2.38 18.00
2193.00 2.37 17.98
2194.00 2.37 17.98
2195.00 2.37 18.02
2196.00 2.39 18.04
2197.00 2.37 17.99
2198.00 2.39 18.03
2199.00 2.40 17.99
2200.00 2.41 17.97
2201.00 2.40 17.98
2202.00 2.41 17.96
2203.00 2.40 17.95
2204.00 2.40 17.97
2205.00 2.39 17.98
2206.00 2.37 17.96
2207.00 2.35 17.92
2208.00 2.35 17.95
2209.00 2.36 17.96
2210.00 2.34 18.00
2211.00 2.34 18.02
2212.00 2.32 18.00
2213.00 2.30 17.99
2214.00 2.30 17.86
2215.00 2.30 17.89
2216.00 2.30 17.90
2217.00 2.27 17.87
2218.00 2.27 17.92
2219.00 2.27 17.83
2220.00 2.26 17.85
2221.00 2.26 17.92
2222.00 2.27 17.80
2223.00 2.26 17.81
2224.00 2.27 17.77
2225.00 2.26 17.83
2226.00 2.28 17.84
2227.00 2.28 17.81
2228.00 2.27 17.83
2229.00 2.27 17.85
2230.00 2.29 17.81
2231.00 2.29 17.78
2232.00 2.29 17.84
2233.00 2.30 17.79
2234.00 2.29 17.87
2235.00 2.30 17.88
2236.00 2.30 17.83
2237.00 2.31 17.82
2238.00 2.30 17.73
2239.00 2.29 17.74
2240.00 2.31 17.81
2241.00 2.31 17.82
2242.00 2.31 17.81
2243.00 2.31 17.83
2244.00 2.30 17.88
2245.00 2.29 17.83
2246.00 2.30 17.88
2247.00 2.31 17.86
2248.00 2.31 17.82
2249.00 2.30 17.81
2250.00 2.32 17.84
2251.00 2.32 17.83
2252.00 2.35 17.89
2253.00 2.35 17.85
2254.00 2.34 17.87
2255.00 2.34 17.84
2256.00 2.35 17.85
2257.00 2.34 17.78
2258.00 2.33 17.81
2259.00 2.32 17.79
2260.00 2.33 17.75
2261.00 2.32 17.75
2262.00 2.33 17.75
2263.00 2.34 17.72
2264.00 2.33 17.70
2265.00 2.33 17.65
2266.00 2.33 17.66
2267.00 2.34 17.63
2268.00 2.35 17.66
2269.00 2.33 17.71
2270.00 2.33 17.72
2271.00 2.32 17.71
2272.00 2.31 17.59
2273.00 2.31 17.56
2274.00 2.30 17.51
2275.00 2.27 17.60
2276.00 2.27 17.59
2277.00 2.29 17.65
2278.00 2.30 17.64
2279.00 2.32 17.63
2280.00 2.32 17.71
2281.00 2.32 17.72
2282.00 2.32 17.73
2283.00 2.31 17.74
2284.00 2.31 17.75
2285.00 2.33 17.81
2286.00 2.33 17.85
2287.00 2.34 17.87
2288.00 2.34 17.86
2289.00 2.34 17.86
2290.00 2.35 17.89
2291.00 2.35 17.93
2292.00 2.36 17.95
2293.00 2.37 18.00
2294.00 2.38 17.96
2295.00 2.39 17.95
2296.00 2.40 17.88
2297.00 2.38 17.93
2298.00 2.39 17.99
2299.00 2.39 18.00
2300.00 2.40 17.99
2301.00 2.39 17.96
2302.00 2.38 18.00
2303.00 2.40 18.01
2304.00 2.41 18.01
2305.00 2.41 18.08
2306.00 2.39 17.99
2307.00 2.39 18.01
2308.00 2.38 17.95
2309.00 2.37 17.99
2310.00 2.38 17.95
2311.00 2.38 17.93
2312.00 2.39 18.01
2313.00 2.40 18.04
2314.00 2.39 18.14
2315.00 2.41 18.16
2316.00 2.40 18.16
2317.00 2.41 18.17
2318.00 2.41 18.11
2319.00 2.42 18.09
2320.00 2.41 18.11
2321.00 2.42 18.07
2322.00 2.43 18.09
2323.00 2.43 18.09
2324.00 2.42 18.14
2325.00 2.42 18.14
2326.00 2.42 18.14
2327.00 2.42 18.16
2328.00 2.44 18.16
2329.00 2.45 18.26
2330.00 2.46 18.28
2331.00 2.46 18.29
2332.00 2.46 18.30
2333.00 2.46 18.31
2334.00 2.47 18.31
2335.00 2.47 18.30
2336.00 2.48 18.26
2337.00 2.47 18.21
2338.00 2.46 18.26
2339.00 2.47 18.30
2340.00 2.47 18.25
2341.00 2.47 18.26
2342.00 2.47 18.25
2343.00 2.46 18.24
2344.00 2.47 18.23
2345.00 2.46 18.20
2346.00 2.47 18.21
2347.00 2.49 18.20
2348.00 2.47 18.21
2349.00 2.47 18.20
2350.00 2.49 18.25
2351.00 2.50 18.31
2352.00 2.49 18.26
2353.00 2.49 18.31
2354.00 2.48 18.28
2355.00 2.50 18.26
2356.00 2.51 18.24
2357.00 2.51 18.24
2358.00 2.50 18.21
2359.00 2.49 18.15
2360.00 2.48 18.11
2361.00 2.49 18.04
2362.00 2.48 18.04
2363.00 2.49 18.02
2364.00 2.48 17.99
2365.00 2.48 17.96
2366.00 2.49 17.96
2367.00 2.50 18.01
2368.00 2.49 17.97
2369.00 2.48 17.99
2370.00 2.49 18.00
2371.00 2.50 18.12
2372.00 2.50 18.13
2373.00 2.50 18.14
2374.00 2.49 18.14
2375.00 2.50 18.15
2376.00 2.47 18.15
2377.00 2.46 18.13
2378.00 2.45 18.14
2379.00 2.43 18.13
2380.00 2.42 18.18
2381.00 2.43 18.14
2382.00 2.43 18.21
2383.00 2.43 18.21
2384.00 2.43 18.17
2385.00 2.43 18.23
2386.00 2.42 18.22
2387.00 2.42 18.30
2388.00 2.42 18.34
2389.00 2.41 18.38
2390.00 2.41 18.34
2391.00 2.40 18.34
2392.00 2.42 18.31
2393.00 2.40 18.26
2394.00 2.38 18.26
2395.00 2.37 18.24
2396.00 2.37 18.29
2397.00 2.37 18.31
2398.00 2.37 18.25
2399.00 2.37 18.30
2400.00 2.36 18.30
2401.00 2.37 18.37
2402.00 2.35 18.33
2403.00 2.36 18.32
2404.00 2.34 18.31
2405.00 2.35 18.29
2406.00 2.36 18.28
2407.00 2.36 18.31
2408.00 2.35 18.33
2409.00 2.34 18.28
2410.00 2.34 18.27
2411.00 2.33 18.31
2412.00 2.35 18.32
2413.00 2.37 18.35
2414.00 2.35 18.36
2415.00 2.36 18.32
2416.00 2.37 18.33
2417.00 2.37 18.34
2418.00 2.35 18.35
2419.00 2.34 18.42
2420.00 2.36 18.44
2421.00 2.36 18.35
2422.00 2.37 18.41
2423.00 2.36 18.37
2424.00 2.36 18.34
2425.00 2.37 18.29
2426.00 2.37 18.28
2427.00 2.38 18.26
2428.00 2.38 18.19
2429.00 2.40 18.21
2430.00 2.41 18.16
2431.00 2.40 18.25
2432.00 2.42 18.24
2433.00 2.42 18.26
2434.00 2.42 18.27
2435.00 2.41 18.27
2436.00 2.42 18.26
2437.00 2.42 18.28
2438.00 2.40 18.17
2439.00 2.40 18.16
2440.00 2.41 18.17
2441.00 2.42 18.21
2442.00 2.42 18.27
2443.00 2.42 18.30
2444.00 2.43 18.27
2445.00 2.45 18.30
2446.00 2.45 18.31
2447.00 2.46 18.26
2448.00 2.46 18.28
2449.00 2.47 18.30
2450.00 2.48 18.28
2451.00 2.46 18.28
2452.00 2.44 18.22
2453.00 2.40 18.20
2454.00 2.40 18.24
2455.00 2.40 18.28
2456.00 2.39 18.26
2457.00 2.38 18.27
2458.00 2.39 18.27
2459.00 2.38 18.32
2460.00 2.39 18.32
2461.00 2.39 18.38
2462.00 2.39 18.35
2463.00 2.41 18.33
2464.00 2.40 18.34
2465.00 2.38 18.35
2466.00 2.37 18.39
2467.00 2.37 18.44
2468.00 2.37 18.47
2469.00 2.37 18.46
2470.00 2.35 18.44
2471.00 2.35 18.52
2472.00 2.36 18.44
2473.00 2.36 18.46
2474.00 2.35 18.47
2475.00 2.34 18.54
2476.00 2.34 18.59
2477.00 2.34 18.64
2478.00 2.33 18.69
2479.00 2.35 18.73
2480.00 2.36 18.76
2481.00 2.37 18.87
2482.00 2.36 18.92
2483.00 2.37 18.88
2484.00 2.36 18.85
2485.00 2.35 18.88
2486.00 2.33 18.97
2487.00 2.34 18.91
2488.00 2.34 18.94
2489.00 2.34 18.97
2490.00 2.36 18.95
2491.00 2.34 18.94
2492.00 2.35 18.94
2493.00 2.35 18.89
2494.00 2.35 18.89
2495.00 2.36 18.86
2496.00 2.35 18.91
2497.00 2.36 18.89
2498.00 2.36 18.86
2499.00 2.35 18.84
2500.00 2.35 18.86
2501.00 2.35 18.84
2502.00 2.36 18.87
2503.00 2.36 18.87
2504.00 2.36 18.89
2505.00 2.37 18.86
2506.00 2.38 18.87
2507.00 2.38 18.88
2508.00 2.38 18.90
2509.00 2.36 18.91
2510.00 2.36 18.92
2511.00 2.36 18.91
2512.00 2.38 18.91
2513.00 2.38 18.83
2514.00 2.40 18.85
2515.00 2.39 18.86
2516.00 2.39 18.92
2517.00 2.37 18.90
2518.00 2.37 18.98
2519.00 2.36 18.95
2520.00 2.35 18.99
2521.00 2.35 19.01
2522.00 2.34 19.01
2523.00 2.34 18.96
2524.00 2.34 18.96
2525.00 2.34 18.96
2526.00 2.34 18.96
2527.00 2.32 18.98
2528.00 2.33 18.99
2529.00 2.34 19.00
2530.00 2.34 18.95
2531.00 2.33 18.92
2532.00 2.33 18.91
2533.00 2.32 18.87
2534.00 2.32 18.91
2535.00 2.32 18.93
2536.00 2.31 18.93
2537.00 2.29 18.83
2538.00 2.28 18.86
2539.00 2.28 18.85
2540.00 2.26 18.82
2541.00 2.26 18.84
2542.00 2.26 18.85
2543.00 2.26 18.88
2544.00 2.27 18.89
2545.00 2.25 18.96
2546.00 2.25 18.98
2547.00 2.24 18.99
2548.00 2.24 18.89
2549.00 2.26 18.91
2550.00 2.27 18.90
2551.00 2.25 18.89
2552.00 2.27 18.86
2553.00 2.26 18.87
2554.00 2.27 18.84
2555.00 2.27 18.78
2556.00 2.28 18.79
2557.00 2.30 18.76
2558.00 2.29 18.78
2559.00 2.30 18.84
2560.00 2.32 18.86
2561.00 2.34 18.93
2562.00 2.34 18.90
2563.00 2.35 18.90
2564.00 2.34 18.91
2565.00 2.35 19.01
2566.00 2.36 19.10
2567.00 2.37 19.10
2568.00 2.37 18.97
2569.00 2.35 18.96
2570.00 2.34 18.92
2571.00 2.36 18.95
2572.00 2.36 18.97
2573.00 2.36 18.98
2574.00 2.37 19.01
2575.00 2.37 19.01
2576.00 2.35 18.99
2577.00 2.36 19.00
2578.00 2.35 18.97
2579.00 2.35 19.04
2580.00 2.34 18.96
2581.00 2.34 19.00
2582.00 2.33 19.02
2583.00 2.35 19.02
2584.00 2.35 19.02
2585.00 2.35 19.03
2586.00 2.36 19.06
2587.00 2.37 19.08
2588.00 2.37 19.06
2589.00 2.37 19.12
2590.00 2.38 19.11
2591.00 2.39 19.15
2592.00 2.41 19.11
2593.00 2.41 19.10
2594.00 2.42 19.15
2595.00 2.41 19.22
2596.00 2.39 19.23
2597.00 2.40 19.22
2598.00 2.38 19.21
2599.00 2.36 19.14
2600.00 2.36 19.13
2601.00 2.36 19.09
2602.00 2.35 19.11
2603.00 2.35 19.15
2604.00 2.35 19.17
2605.00 2.38 19.17
2606.00 2.37 19.19
2607.00 2.38 19.14
2608.00 2.39 19.13
2609.00 2.39 19.04
2610.00 2.37 19.08
2611.00 2.38 19.10
2612.00 2.37 19.06
2613.00 2.38 19.02
2614.00 2.36 19.06
2615.00 2.34 19.09
2616.00 2.33 19.05
2617.00 2.34 18.96
2618.00 2.35 19.00
2619.00 2.35 18.91
2620.00 2.35 18.95
2621.00 2.36 18.93
2622.00 2.36 18.94
2623.00 2.36 18.94
2624.00 2.36 18.92
2625.00 2.35 18.96
2626.00 2.37 18.97
2627.00 2.36 18.95
2628.00 2.37 18.92
2629.00 2.39 18.96
2630.00 2.39 18.94
2631.00 2.38 18.95
2632.00 2.38 18.98
2633.00 2.39 19.00
2634.00 2.38 19.07
2635.00 2.39 19.14
2636.00 2.38 19.08
2637.00 2.39 19.06
2638.00 2.37 19.09
2639.00 2.40 19.08
2640.00 2.40 19.01
2641.00 2.38 18.95
2642.00 2.36 18.94
2643.00 2.36 19.02
2644.00 2.38 19.00
2645.00 2.37 18.96
2646.00 2.38 18.96
2647.00 2.37 18.90
2648.00 2.37 18.92
2649.00 2.39 18.87
2650.00 2.38 18.87
2651.00 2.38 18.86
2652.00 2.40 18.82
2653.00 2.38 18.88
2654.00 2.38 18.86
2655.00 2.39 18.82
2656.00 2.38 18.84
2657.00 2.38 18.82
2658.00 2.37 18.86
2659.00 2.36 18.83
2660.00 2.40 18.84
2661.00 2.39 18.81
2662.00 2.39 18.85
2663.00 2.38 18.89
2664.00 2.38 18.96
2665.00 2.37 18.93
2666.00 2.36 18.97
2667.00 2.38 19.00
2668.00 2.37 19.01
2669.00 2.37 19.02
2670.00 2.37 19.02
2671.00 2.35 18.93
2672.00 2.35 18.90
2673.00 2.34 18.88
2674.00 2.34 18.93
2675.00 2.35 18.96
2676.00 2.34 18.90
2677.00 2.33 18.89
2678.00 2.32 18.83
2679.00 2.32 18.82
2680.00 2.32 18.82
2681.00 2.30 18.82
2682.00 2.31 18.80
2683.00 2.30 18.77
2684.00 2.31 18.75
2685.00 2.31 18.76
2686.00 2.31 18.82
2687.00 2.31 18.86
2688.00 2.31 18.88
2689.00 2.31 18.84
2690.00 2.32 18.88
2691.00 2.31 18.87
2692.00 2.32 18.87
2693.00 2.31 18.88
2694.00 2.32 18.91
2695.00 2.34 18.84
2696.00 2.33 18.88
2697.00 2.32 18.83
2698.00 2.31 18.76
2699.00 2.31 18.80
2700.00 2.31 18.81
2701.00 2.32 18.80
2702.00 2.31 18.77
2703.00 2.30 18.79
2704.00 2.29 18.86
2705.00 2.30 18.86
2706.00 2.30 18.91
2707.00 2.31 18.94
2708.00 2.30 19.01
2709.00 2.28 19.01
2710.00 2.30 18.98
2711.00 2.29 18.99
2712.00 2.29 19.03
2713.00 2.28 19.04
2714.00 2.29 19.03
2715.00 2.29 19.01
2716.00 2.28 18.94
2717.00 2.29 18.98
2718.00 2.28 18.94
2719.00 2.27 18.91
2720.00 2.27 18.89
2721.00 2.27 18.85
2722.00 2.26 18.87
2723.00 2.28 18.91
2724.00 2.27 18.91
2725.00 2.27 18.94
2726.00 2.28 18.90
2727.00 2.28 18.93
2728.00 2.30 18.90
2729.00 2.30 18.99
2730.00 2.30 19.00
2731.00 2.30 18.99
2732.00 2.31 19.07
2733.00 2.31 19.06
2734.00 2.31 19.04
2735.00 2.30 19.00
2736.00 2.29 19.06
2737.00 2.29 19.09
2738.00 2.29 19.05
2739.00 2.28 19.03
2740.00 2.29 19.02
2741.00 2.27 19.02
2742.00 2.27 19.04
2743.00 2.25 18.99
2744.00 2.24 18.98
2745.00 2.23 19.00
2746.00 2.21 19.05
2747.00 2.22 19.05
2748.00 2.21 19.04
2749.00 2.20 18.98
2750.00 2.22 18.98
2751.00 2.21 19.00
2752.00 2.22 18.99
2753.00 2.21 19.02
2754.00 2.23 19.05
2755.00 2.23 19.00
2756.00 2.23 19.02
2757.00 2.23 19.03
2758.00 2.23 19.02
2759.00 2.23 19.04
2760.00 2.24 18.98
2761.00 2.24 19.02
2762.00 2.21 19.04
2763.00 2.24 19.05
2764.00 2.26 19.08
2765.00 2.25 19.05
2766.00 2.26 19.04
2767.00 2.23 18.98
2768.00 2.23 18.90
2769.00 2.23 18.93
2770.00 2.23 18.90
2771.00 2.23 18.89
2772.00 2.21 18.83
2773.00 2.21 18.83
2774.00 2.21 18.82
2775.00 2.19 18.86
2776.00 2.19 18.92
2777.00 2.17 18.87
2778.00 2.18 18.89
2779.00 2.19 18.87
2780.00 2.19 18.89
2781.00 2.22 18.95
2782.00 2.21 18.96
2783.00 2.22 19.00
2784.00 2.23 18.97
2785.00 2.22 18.96
2786.00 2.22 18.88
2787.00 2.22 18.94
2788.00 2.21 19.01
2789.00 2.21 18.96
2790.00 2.20 19.01
2791.00 2.20 19.03
2792.00 2.19 18.98
2793.00 2.19 19.02
2794.00 2.20 19.00
2795.00 2.22 19.00
2796.00 2.22 18.98
2797.00 2.22 18.98
2798.00 2.22 19.04
2799.00 2.22 19.11
2800.00 2.23 19.05
2801.00 2.25 19.10
2802.00 2.26 19.04
2803.00 2.27 19.08
2804.00 2.26 19.08
2805.00 2.26 19.13
2806.00 2.24 19.15
2807.00 2.26 19.16
2808.00 2.26 19.16
2809.00 2.26 19.19
2810.00 2.26 19.18
2811.00 2.28 19.13
2812.00 2.26 19.12
2813.00 2.29 19.25
2814.00 2.30 19.27
2815.00 2.31 19.30
2816.00 2.32 19.27
2817.00 2.32 19.36
2818.00 2.32 19.32
2819.00 2.32 19.30
2820.00 2.31 19.37
2821.00 2.31 19.36
2822.00 2.32 19.33
2823.00 2.31 19.32
2824.00 2.32 19.34
2825.00 2.32 19.33
2826.00 2.32 19.39
2827.00 2.32 19.42
2828.00 2.32 19.43
2829.00 2.31 19.46
2830.00 2.31 19.47
2831.00 2.30 19.52
2832.00 2.27 19.54
2833.00 2.28 19.52
2834.00 2.28 19.51
2835.00 2.28 19.54
2836.00 2.28 19.51
2837.00 2.29 19.41
2838.00 2.28 19.43
2839.00 2.28 19.45
2840.00 2.27 19.40
2841.00 2.27 19.45
2842.00 2.26 19.45
2843.00 2.26 19.41
2844.00 2.25 19.33
2845.00 2.26 19.33
2846.00 2.26 19.34
2847.00 2.26 19.37
2848.00 2.27 19.38
2849.00 2.27 19.39
2850.00 2.28 19.37
2851.00 2.27 19.35
2852.00 2.26 19.36
2853.00 2.26 19.30
2854.00 2.25 19.24
2855.00 2.24 19.24
2856.00 2.23 19.21
2857.00 2.23 19.23
2858.00 2.23 19.27
2859.00 2.24 19.30
2860.00 2.25 19.27
2861.00 2.26 19.30
2862.00 2.26 19.29
2863.00 2.27 19.33
2864.00 2.27 19.36
2865.00 2.26 19.36
2866.00 2.28 19.32
2867.00 2.27 19.32
2868.00 2.28 19.35
2869.00 2.28 19.38
2870.00 2.27 19.41
2871.00 2.26 19.38
2872.00 2.26 19.42
2873.00 2.25 19.43
2874.00 2.25 19.44
2875.00 2.25 19.48
2876.00 2.26 19.47
2877.00 2.25 19.46
2878.00 2.25 19.38
2879.00 2.25 19.43
2880.00 2.25 19.45
2881.00 2.25 19.45
2882.00 2.22 19.47
2883.00 2.22 19.50
2884.00 2.23 19.52
2885.00 2.26 19.47
2886.00 2.28 19.49
2887.00 2.27 19.46
2888.00 2.28 19.57
2889.00 2.29 19.61
2890.00 2.30 19.61
2891.00 2.30 19.62
2892.00 2.29 19.66
2893.00 2.31 19.66
2894.00 2.32 19.71
2895.00 2.32 19.68
2896.00 2.31 19.71
2897.00 2.31 19.70
2898.00 2.31 19.67
2899.00 2.31 19.68
2900.00 2.31 19.69
2901.00 2.30 19.70
2902.00 2.29 19.70
2903.00 2.29 19.65
2904.00 2.29 19.60
2905.00 2.28 19.59
2906.00 2.27 19.61
2907.00 2.27 19.54
2908.00 2.27 19.52
2909.00 2.27 19.52
2910.00 2.28 19.53
2911.00 2.27 19.54
2912.00 2.27 19.54
2913.00 2.28 19.58
2914.00 2.29 19.56
2915.00 2.30 19.61
2916.00 2.30 19.54
2917.00 2.30 19.49
2918.00 2.27 19.53
2919.00 2.26 19.58
2920.00 2.25 19.57
2921.00 2.26 19.58
2922.00 2.27 19.57
2923.00 2.25 19.67
2924.00 2.26 19.68
2925.00 2.26 19.62
2926.00 2.26 19.66
2927.00 2.26 19.60
2928.00 2.25 19.57
2929.00 2.26 19.60
2930.00 2.27 19.54
2931.00 2.26 19.62
2932.00 2.29 19.64
2933.00 2.27 19.65
2934.00 2.27 19.70
2935.00 2.27 19.69
2936.00 2.27 19.70
2937.00 2.27 19.71
2938.00 2.26 19.74
2939.00 2.27 19.80
2940.00 2.28 19.80
2941.00 2.27 19.79
2942.00 2.29 19.75
2943.00 2.30 19.74
2944.00 2.31 19.77
2945.00 2.31 19.82
2946.00 2.30 19.85
2947.00 2.29 19.90
2948.00 2.30 19.84
2949.00 2.30 19.80
2950.00 2.30 19.74
2951.00 2.30 19.69
2952.00 2.29 19.68
2953.00 2.30 19.70
2954.00 2.31 19.74
2955.00 2.30 19.74
2956.00 2.31 19.71
2957.00 2.31 19.68
2958.00 2.31 19.69
2959.00 2.32 19.72
2960.00 2.32 19.71
2961.00 2.32 19.73
2962.00 2.33 19.78
2963.00 2.33 19.78
2964.00 2.32 19.83
2965.00 2.32 19.79
2966.00 2.32 19.80
2967.00 2.32 19.84
2968.00 2.34 19.82
2969.00 2.33 19.79
2970.00 2.35 19.79
2971.00 2.34 19.83
2972.00 2.35 19.82
2973.00 2.35 19.85
2974.00 2.34 19.86
2975.00 2.35 19.86
2976.00 2.34 19.86
2977.00 2.32 19.84
2978.00 2.32 19.84
2979.00 2.31 19.77
2980.00 2.32 19.76
2981.00 2.32 19.76
2982.00 2.34 19.78
2983.00 2.34 19.86
2984.00 2.33 19.82
2985.00 2.34 19.78
2986.00 2.35 19.79
2987.00 2.36 19.85
2988.00 2.37 19.86
2989.00 2.35 19.83
2990.00 2.34 19.86
2991.00 2.35 19.86
2992.00 2.35 19.84
2993.00 2.35 19.77
2994.00 2.35 19.80
2995.00 2.36 19.90
2996.00 2.36 19.87
2997.00 2.36 19.87
2998.00 2.36 19.81
2999.00 2.36 19.77
3000.00 2.36 19.86
3001.00 2.38 19.92
3002.00 2.37 19.87
3003.00 2.37 19.83
3004.00 2.35 19.85
3005.00 2.37 19.86
3006.00 2.35 19.78
3007.00 2.35 19.82
3008.00 2.35 19.83
3009.00 2.35 19.76
3010.00 2.35 19.80
3011.00 2.34 19.81
3012.00 2.32 19.78
3013.00 2.32 19.77
3014.00 2.31 19.75
3015.00 2.31 19.71
3016.00 2.31 19.71
3017.00 2.30 19.75
3018.00 2.30 19.79
3019.00 2.31 19.76
3020.00 2.32 19.75
3021.00 2.34 19.75
3022.00 2.35 19.74
3023.00 2.35 19.73
3024.00 2.36 19.73
3025.00 2.36 19.71
3026.00 2.38 19.69
3027.00 2.36 19.74
3028.00 2.35 19.74
3029.00 2.36 19.73
3030.00 2.37 19.72
3031.00 2.38 19.71
3032.00 2.35 19.72
3033.00 2.35 19.69
3034.00 2.36 19.75
3035.00 2.35 19.72
3036.00 2.36 19.70
3037.00 2.35 19.66
3038.00 2.35 19.64
3039.00 2.37 19.72
3040.00 2.37 19.80
3041.00 2.38 19.82
3042.00 2.40 19.89
3043.00 2.40 19.91
3044.00 2.40 19.92
3045.00 2.39 19.86
3046.00 2.40 19.84
3047.00 2.40 19.83
3048.00 2.38 19.83
3049.00 2.39 19.84
3050.00 2.39 19.88
3051.00 2.41 19.87
3052.00 2.42 19.84
3053.00 2.40 19.86
3054.00 2.40 19.82
3055.00 2.40 19.86
3056.00 2.38 19.88
3057.00 2.38 19.94
3058.00 2.38 19.90
3059.00 2.38 19.89
3060.00 2.39 19.86
3061.00 2.39 19.84
3062.00 2.41 19.86
3063.00 2.41 19.89
3064.00 2.41 19.83
3065.00 2.40 19.80
3066.00 2.41 19.75
3067.00 2.42 19.77
3068.00 2.42 19.78
3069.00 2.40 19.75
3070.00 2.42 19.76
3071.00 2.42 19.80
3072.00 2.42 19.80
3073.00 2.43 19.76
3074.00 2.42 19.75
3075.00 2.41 19.83
3076.00 2.40 19.80
3077.00 2.40 19.81
3078.00 2.38 19.80
3079.00 2.39 19.81
3080.00 2.41 19.79
3081.00 2.39 19.77
3082.00 2.41 19.78
3083.00 2.41 19.75
3084.00 2.40 19.73
3085.00 2.40 19.71
3086.00 2.39 19.73
3087.00 2.38 19.77
3088.00 2.37 19.83
3089.00 2.36 19.81
3090.00 2.36 19.76
3091.00 2.36 19.78
3092.00 2.35 19.73
3093.00 2.36 19.76
3094.00 2.34 19.72
3095.00 2.33 19.71
3096.00 2.31 19.74
3097.00 2.32 19.70
3098.00 2.31 19.71
3099.00 2.33 19.68
3100.00 2.31 19.68
3101.00 2.31 19.68
