0.00 3.14 33.58
1.00 3.14 33.58
2.00 3.14 33.58
3.00 3.14 33.58
4.00 3.14 33.58
5.00 3.14 33.58
6.00 3.14 33.58
7.00 3.14 33.58
8.00 3.14 33.58
9.00 3.14 33.58
10.00 3.14 33.58
11.00 3.14 33.58
12.00 3.14 33.58
13.00 3.14 33.58
14.00 3.14 33.58
15.00 3.14 33.58
16.00 3.14 33.58
17.00 3.14 33.58
18.00 3.14 33.58
19.00 3.14 33.58
20.00 3.14 33.58
21.00 3.14 33.58
22.00 3.14 33.58
23.00 3.14 33.58
24.00 3.14 33.58
25.00 3.14 33.58
26.00 3.14 33.58
27.00 3.14 33.58
28.00 3.14 33.58
29.00 3.14 33.58
30.00 3.14 33.58
31.00 3.14 33.58
32.00 3.14 33.58
33.00 3.14 33.58
34.00 3.14 33.58
35.00 3.14 33.58
36.00 3.14 33.58
37.00 3.14 33.58
38.00 3.14 33.58
39.00 3.14 33.58
40.00 3.14 33.58
41.00 3.14 33.58
42.00 3.14 33.58
43.00 3.14 33.58
44.00 3.14 33.58
45.00 3.14 33.58
46.00 3.14 33.58
47.00 3.14 33.58
48.00 3.14 33.58
49.00 3.14 33.58
50.00 3.14 33.58
51.00 3.14 33.58
52.00 3.14 33.58
53.00 3.14 33.58
54.00 3.14 33.58
55.00 3.14 33.58
56.00 3.14 33.58
57.00 3.14 33.58
58.00 3.14 33.58
59.00 3.14 33.58
60.00 3.14 33.58
61.00 3.14 33.58
62.00 3.14 33.58
63.00 3.14 33.58
64.00 3.14 33.58
65.00 3.14 33.58
66.00 3.14 33.58
67.00 3.14 33.58
68.00 3.14 33.58
69.00 3.14 33.58
70.00 3.14 33.58
71.00 3.14 33.58
72.00 3.14 33.58
73.00 3.14 33.58
74.00 3.14 33.58
75.00 3.14 33.58
76.00 3.14 33.58
77.00 3.14 33.58
78.00 3.14 33.58
79.00 3.14 33.58
80.00 3.14 33.58
81.00 3.14 33.58
82.00 3.14 33.58
83.00 3.14 33.58
84.00 3.14 33.58
85.00 3.14 33.58
86.00 3.14 33.58
87.00 3.14 33.58
88.00 3.14 33.58
89.00 3.14 33.58
90.00 3.14 33.58
91.00 3.14 33.58
92.00 3.14 33.58
93.00 3.14 33.58
94.00 3.14 33.58
95.00 3.14 33.58
96.00 3.14 33.58
97.00 3.14 33.58
98.00 3.14 33.58
99.00 3.14 33.58
100.00 3.14 33.58
101.00 3.14 33.58
102.00 3.14 33.58
103.00 3.14 33.58
104.00 3.14 33.58
105.00 3.14 33.58
106.00 3.14 33.58
107.00 3.14 33.58
108.00 3.14 33.58
109.00 3.14 33.58
110.00 3.14 33.58
111.00 3.14 33.58
112.00 3.14 33.58
113.00 3.14 33.58
114.00 3.14 33.58
115.00 3.14 33.58
116.00 3.14 33.58
117.00 3.14 33.58
118.00 3.14 33.58
119.00 3.14 33.58
120.00 3.14 33.58
121.00 3.14 33.58
122.00 3.14 33.58
123.00 3.14 33.58
124.00 3.14 33.58
125.00 3.14 33.58
126.00 3.14 33.58
127.00 3.14 33.58
128.00 3.14 33.58
129.00 3.14 33.58
130.00 3.14 33.58
131.00 3.14 33.58
132.00 3.14 33.58
133.00 3.14 33.58
134.00 3.14 33.58
135.00 3.14 33.58
136.00 3.14 33.58
137.00 3.14 33.58
138.00 3.14 33.58
139.00 3.14 33.58
140.00 3.14 33.58
141.00 3.14 33.58
142.00 3.14 33.58
143.00 3.14 33.58
144.00 3.14 33.58
145.00 3.14 33.58
146.00 3.14 33.58
147.00 3.14 33.58
148.00 3.14 33.58
149.00 3.14 33.58
150.00 3.14 33.58
151.00 3.14 33.58
152.00 3.14 33.58
153.00 3.14 33.58
154.00 3.14 33.58
155.00 3.14 33.58
156.00 3.14 33.58
157.00 3.14 33.58
158.00 3.14 33.58
159.00 3.14 33.58
160.00 3.14 33.58
161.00 3.14 33.58
162.00 3.14 33.58
163.00 3.14 33.58
164.00 3.14 33.58
165.00 3.14 33.58
166.00 3.14 33.58
167.00 3.14 33.58
168.00 3.14 33.58
169.00 3.14 33.58
170.00 3.14 33.58
171.00 3.14 33.58
172.00 3.14 33.58
173.00 3.14 33.58
174.00 3.14 33.58
175.00 3.14 33.58
176.00 3.14 33.58
177.00 3.14 33.58
178.00 3.14 33.58
179.00 3.14 33.58
180.00 3.14 33.58
181.00 3.14 33.58
182.00 3.14 33.58
183.00 3.14 33.58
184.00 3.14 33.58
185.00 3.14 33.58
186.00 3.14 33.58
187.00 3.14 33.58
188.00 3.14 33.58
189.00 3.14 33.58
190.00 3.14 33.58
191.00 3.14 33.58
192.00 3.14 33.58
193.00 3.14 33.58
194.00 3.14 33.58
195.00 3.14 33.58
196.00 3.14 33.58
197.00 3.14 33.58
198.00 3.14 33.58
199.00 3.14 33.58
200.00 3.14 33.58
201.00 3.14 33.58
202.00 3.14 33.58
203.00 3.14 33.58
204.00 3.14 33.58
205.00 3.14 33.58
206.00 3.14 33.58
207.00 3.14 33.58
208.00 3.14 33.58
209.00 3.14 33.58
210.00 3.14 33.58
211.00 3.14 33.58
212.00 3.14 33.58
213.00 3.14 33.58
214.00 3.14 33.58
215.00 3.14 33.58
216.00 3.14 33.58
217.00 3.14 33.58
218.00 3.14 33.58
219.00 3.14 33.58
220.00 3.14 33.58
221.00 3.14 33.58
222.00 3.14 33.58
223.00 3.14 33.58
224.00 3.14 33.58
225.00 3.14 33.58
226.00 3.14 33.58
227.00 3.14 33.58
228.00 3.14 33.58
229.00 3.14 33.58
230.00 3.14 33.58
231.00 3.14 33.58
232.00 3.14 33.58
233.00 3.14 33.58
234.00 3.14 33.58
235.00 3.14 33.58
236.00 3.14 33.58
237.00 3.14 33.58
238.00 3.14 33.58
239.00 3.14 33.58
240.00 3.14 33.58
241.00 3.14 33.58
242.00 3.14 33.58
243.00 3.14 33.58
244.00 3.14 33.58
245.00 3.14 33.58
246.00 3.14 33.58
247.00 3.14 33.58
248.00 3.14 33.58
249.00 3.14 33.58
250.00 3.14 33.58
251.00 3.14 33.58
252.00 3.14 33.58
253.00 3.14 33.58
254.00 3.14 33.58
255.00 3.14 33.58
256.00 3.14 33.58
257.00 3.14 33.58
258.00 3.14 33.58
259.00 3.14 33.58
260.00 3.14 33.58
261.00 3.14 33.58
262.00 3.14 33.58
263.00 3.14 33.58
264.00 3.14 33.58
265.00 3.14 33.58
266.00 3.14 33.58
267.00 3.14 33.58
268.00 3.14 33.58
269.00 3.14 33.58
270.00 3.14 33.58
271.00 3.14 33.58
272.00 3.14 33.58
273.00 3.14 33.58
274.00 3.14 33.58
275.00 3.14 33.58
276.00 3.14 33.58
277.00 3.14 33.58
278.00 3.14 33.58
279.00 3.14 33.58
280.00 3.14 33.58
281.00 3.14 33.58
282.00 3.14 33.58
283.00 3.14 33.58
284.00 3.14 33.58
285.00 3.14 33.58
286.00 3.14 33.58
287.00 3.14 33.58
288.00 3.14 33.58
289.00 3.14 33.58
290.00 3.14 33.58
291.00 3.14 33.58
292.00 3.14 33.58
293.00 3.14 33.58
294.00 3.14 33.58
295.00 3.14 33.58
296.00 3.14 33.58
297.00 3.14 33.58
298.00 3.14 33.58
299.00 3.14 33.58
300.00 3.14 33.58
301.00 3.14 33.58
302.00 3.14 33.58
303.00 3.14 33.58
304.00 3.14 33.58
305.00 3.14 33.58
306.00 3.14 33.58
307.00 3.14 33.58
308.00 3.14 33.58
309.00 3.14 33.58
310.00 3.14 33.58
311.00 3.14 33.58
312.00 3.14 33.58
313.00 3.14 33.58
314.00 3.14 33.58
315.00 3.14 33.58
316.00 3.14 33.58
317.00 3.14 33.58
318.00 3.14 33.58
319.00 3.14 33.58
320.00 3.14 33.58
321.00 3.14 33.58
322.00 3.14 33.58
323.00 3.14 33.58
324.00 3.14 33.58
325.00 3.14 33.58
326.00 3.14 33.58
327.00 3.14 33.58
328.00 3.14 33.58
329.00 3.14 33.58
330.00 3.14 33.58
331.00 3.14 33.58
332.00 3.14 33.58
333.00 3.14 33.58
334.00 3.14 33.58
335.00 3.14 33.58
336.00 3.14 33.58
337.00 3.14 33.58
338.00 3.14 33.58
339.00 3.14 33.58
340.00 3.14 33.58
341.00 3.14 33.58
342.00 3.14 33.58
343.00 3.14 33.58
344.00 3.14 33.58
345.00 3.14 33.58
346.00 3.14 33.58
347.00 3.14 33.58
348.00 3.14 33.58
349.00 3.14 33.58
350.00 3.14 33.58
351.00 3.14 33.58
352.00 3.14 33.58
353.00 3.14 33.58
354.00 3.14 33.58
355.00 3.14 33.58
356.00 3.14 33.58
357.00 3.14 33.58
358.00 3.14 33.58
359.00 3.14 33.58
360.00 3.14 33.58
361.00 3.14 33.58
362.00 3.14 33.58
363.00 3.14 33.58
364.00 3.14 33.58
365.00 3.14 33.58
366.00 3.14 33.58
367.00 3.14 33.58
368.00 3.14 33.58
369.00 3.14 33.58
370.00 3.14 33.58
371.00 3.14 33.58
372.00 3.14 33.58
373.00 3.14 33.58
374.00 3.14 33.58
375.00 3.14 33.58
376.00 3.14 33.58
377.00 3.14 33.58
378.00 3.14 33.58
379.00 3.14 33.58
380.00 3.14 33.58
381.00 3.14 33.58
382.00 3.14 33.58
383.00 3.14 33.58
384.00 3.14 33.58
385.00 3.14 33.58
386.00 3.14 33.58
387.00 3.14 33.58
388.00 3.14 33.58
389.00 3.14 33.58
390.00 3.14 33.58
391.00 3.14 33.58
392.00 3.14 33.58
393.00 3.14 33.58
394.00 3.14 33.58
395.00 3.14 33.58
396.00 3.14 33.58
397.00 3.14 33.58
398.00 3.14 33.58
399.00 3.14 33.58
400.00 3.14 33.58
401.00 3.13 33.51
402.00 3.12 33.41
403.00 3.11 33.40
404.00 3.10 33.39
405.00 3.08 33.37
406.00 3.08 33.30
407.00 3.05 33.25
408.00 3.03 33.14
409.00 3.01 33.10
410.00 2.98 33.11
411.00 2.96 33.06
412.00 2.93 32.97
413.00 2.94 32.90
414.00 2.93 32.88
415.00 2.92 32.87
416.00 2.92 32.84
417.00 2.91 32.83
418.00 2.90 32.90
419.00 2.87 32.84
420.00 2.85 32.89
421.00 2.84 32.78
422.00 2.86 32.79
423.00 2.86 32.75
424.00 2.85 32.76
425.00 2.85 32.75
426.00 2.85 32.78
427.00 2.85 32.78
428.00 2.84 32.79
429.00 2.85 32.85
430.00 2.88 32.88
431.00 2.93 32.86
432.00 2.95 32.80
433.00 2.98 32.74
434.00 3.00 32.70
435.00 3.02 32.69
436.00 3.04 32.63
437.00 3.05 32.64
438.00 3.07 32.62
439.00 3.10 32.60
440.00 3.10 32.64
441.00 3.09 32.65
442.00 3.10 32.64
443.00 3.11 32.56
444.00 3.10 32.54
445.00 3.07 32.51
446.00 3.06 32.49
447.00 3.06 32.44
448.00 3.07 32.40
449.00 3.09 32.36
450.00 3.08 32.33
451.00 3.07 32.44
452.00 3.07 32.44
453.00 3.06 32.48
454.00 3.05 32.45
455.00 3.03 32.42
456.00 3.02 32.44
457.00 3.02 32.41
458.00 3.02 32.42
459.00 3.01 32.39
460.00 2.97 32.41
461.00 2.96 32.38
462.00 2.95 32.28
463.00 2.92 32.30
464.00 2.92 32.28
465.00 2.90 32.32
466.00 2.91 32.26
467.00 2.91 32.26
468.00 2.91 32.19
469.00 2.91 32.17
470.00 2.93 32.17
471.00 2.93 32.10
472.00 2.93 32.17
473.00 2.94 32.16
474.00 2.96 32.09
475.00 2.96 32.07
476.00 2.95 32.13
477.00 2.96 32.13
478.00 2.96 32.04
479.00 2.97 31.99
480.00 2.97 31.95
481.00 2.96 31.88
482.00 2.93 31.72
483.00 2.92 31.61
484.00 2.92 31.56
485.00 2.93 31.43
486.00 2.91 31.32
487.00 2.89 31.26
488.00 2.90 31.23
489.00 2.91 31.28
490.00 2.94 31.35
491.00 2.93 31.39
492.00 2.92 31.45
493.00 2.93 31.46
494.00 2.95 31.43
495.00 2.96 31.41
496.00 2.96 31.37
497.00 2.95 31.41
498.00 2.95 31.34
499.00 2.93 31.26
500.00 2.95 31.31
501.00 2.96 31.19
502.00 2.95 31.14
503.00 2.95 31.14
504.00 2.96 31.05
505.00 2.95 31.01
506.00 2.96 30.93
507.00 2.95 30.84
508.00 2.94 30.75
509.00 2.94 30.76
510.00 2.93 30.72
511.00 2.94 30.79
512.00 2.97 30.72
513.00 2.98 30.65
514.00 2.99 30.61
515.00 2.98 30.61
516.00 3.00 30.53
517.00 3.01 30.53
518.00 3.01 30.55
519.00 3.00 30.53
520.00 2.99 30.58
521.00 2.98 30.62
522.00 2.96 30.64
523.00 2.93 30.57
524.00 2.91 30.46
525.00 2.90 30.45
526.00 2.89 30.40
527.00 2.89 30.37
528.00 2.88 30.39
529.00 2.89 30.39
530.00 2.92 30.40
531.00 2.93 30.38
532.00 2.93 30.40
533.00 2.94 30.32
534.00 2.96 30.24
535.00 2.99 30.25
536.00 3.02 30.27
537.00 3.02 30.26
538.00 3.00 30.26
539.00 2.98 30.24
540.00 2.95 30.22
541.00 2.96 30.30
542.00 2.96 30.44
543.00 2.97 30.48
544.00 2.97 30.57
545.00 2.96 30.60
546.00 2.96 30.65
547.00 2.97 30.64
548.00 2.97 30.68
549.00 2.97 30.71
550.00 2.98 30.70
551.00 2.98 30.63
552.00 2.98 30.67
553.00 3.00 30.62
554.00 3.01 30.65
555.00 3.02 30.63
556.00 3.02 30.69
557.00 3.02 30.63
558.00 3.03 30.54
559.00 3.04 30.48
560.00 3.05 30.46
561.00 3.05 30.52
562.00 3.06 30.51
563.00 3.06 30.53
564.00 3.05 30.46
565.00 3.04 30.45
566.00 3.04 30.47
567.00 3.03 30.40
568.00 3.03 30.36
569.00 3.03 30.32
570.00 3.02 30.36
571.00 3.02 30.33
572.00 3.00 30.34
573.00 3.01 30.32
574.00 3.01 30.36
575.00 2.98 30.39
576.00 2.96 30.36
577.00 2.94 30.40
578.00 2.94 30.34
579.00 2.93 30.34
580.00 2.93 30.25
581.00 2.90 30.26
582.00 2.88 30.31
583.00 2.88 30.33
584.00 2.88 30.29
585.00 2.88 30.34
586.00 2.89 30.37
587.00 2.91 30.33
588.00 2.94 30.33
589.00 2.96 30.26
590.00 2.97 30.28
591.00 2.99 30.33
592.00 2.99 30.34
593.00 3.01 30.28
594.00 3.02 30.20
595.00 3.02 30.16
596.00 2.99 30.12
597.00 2.98 30.10
598.00 2.97 30.11
599.00 2.96 30.05
600.00 2.95 30.14
601.00 2.95 30.26
602.00 2.94 30.28
603.00 2.93 30.30
604.00 2.91 30.28
605.00 2.89 30.31
606.00 2.89 30.32
607.00 2.90 30.30
608.00 2.90 30.34
609.00 2.91 30.35
610.00 2.92 30.34
611.00 2.92 30.32
612.00 2.93 30.29
613.00 2.95 30.29
614.00 2.96 30.25
615.00 2.97 30.26
616.00 2.98 30.24
617.00 2.98 30.25
618.00 2.98 30.25
619.00 2.95 30.24
620.00 2.93 30.20
621.00 2.90 30.15
622.00 2.88 30.11
623.00 2.88 30.11
624.00 2.90 30.06
625.00 2.92 30.03
626.00 2.93 30.09
627.00 2.93 30.13
628.00 2.94 30.11
629.00 2.95 30.08
630.00 2.95 30.04
631.00 2.96 30.04
632.00 2.96 29.98
633.00 2.97 30.00
634.00 2.99 30.03
635.00 3.00 30.04
636.00 3.02 30.10
637.00 3.02 30.14
638.00 3.03 30.11
639.00 3.00 30.08
640.00 3.00 30.08
641.00 3.00 30.11
642.00 3.00 30.09
643.00 3.01 30.13
644.00 3.03 30.16
645.00 3.04 30.15
646.00 3.01 30.10
647.00 3.00 30.06
648.00 2.98 30.11
649.00 2.99 30.14
650.00 3.00 30.13
651.00 3.02 30.05
652.00 3.01 29.95
653.00 3.02 29.92
654.00 3.03 29.85
655.00 3.04 29.88
656.00 3.04 29.85
657.00 3.06 29.76
658.00 3.06 29.67
659.00 3.06 29.66
660.00 3.05 29.62
661.00 3.06 29.66
662.00 3.08 29.68
663.00 3.11 29.69
664.00 3.10 29.63
665.00 3.09 29.57
666.00 3.10 29.58
667.00 3.09 29.54
668.00 3.09 29.58
669.00 3.07 29.50
670.00 3.10 29.59
671.00 3.10 29.52
672.00 3.08 29.56
673.00 3.06 29.61
674.00 3.03 29.61
675.00 3.02 29.58
676.00 3.02 29.56
677.00 3.01 29.57
678.00 3.01 29.57
679.00 3.01 29.54
680.00 3.00 29.48
681.00 3.01 29.43
682.00 3.03 29.40
683.00 3.05 29.37
684.00 3.05 29.34
685.00 3.04 29.31
686.00 3.05 29.33
687.00 3.05 29.30
688.00 3.04 29.32
689.00 3.04 29.24
690.00 3.05 29.19
691.00 3.07 29.16
692.00 3.08 29.25
693.00 3.07 29.24
694.00 3.07 29.18
695.00 3.07 29.16
696.00 3.08 29.15
697.00 3.08 29.15
698.00 3.07 29.21
699.00 3.06 29.10
700.00 3.03 29.03
701.00 3.02 28.95
702.00 3.04 28.92
703.00 3.08 28.86
704.00 3.10 28.87
705.00 3.10 28.81
706.00 3.09 28.80
707.00 3.06 28.66
708.00 3.03 28.71
709.00 3.03 28.76
710.00 3.04 28.83
711.00 3.06 28.73
712.00 3.06 28.69
713.00 3.06 28.64
714.00 3.06 28.60
715.00 3.05 28.59
716.00 3.03 28.61
717.00 2.99 28.62
718.00 2.96 28.66
719.00 2.94 28.61
720.00 2.93 28.62
721.00 2.93 28.52
722.00 2.93 28.49
723.00 2.93 28.44
724.00 2.94 28.47
725.00 2.95 28.42
726.00 2.94 28.47
727.00 2.95 28.52
728.00 2.95 28.50
729.00 2.98 28.53
730.00 3.00 28.52
731.00 2.97 28.47
732.00 2.96 28.47
733.00 2.94 28.36
734.00 2.93 28.37
735.00 2.93 28.37
736.00 2.93 28.43
737.00 2.92 28.42
738.00 2.91 28.39
739.00 2.88 28.40
740.00 2.87 28.35
741.00 2.85 28.26
742.00 2.86 28.25
743.00 2.84 28.23
744.00 2.84 28.18
745.00 2.81 28.19
746.00 2.79 28.13
747.00 2.76 28.16
748.00 2.76 28.09
749.00 2.76 28.16
750.00 2.74 28.19
751.00 2.74 28.17
752.00 2.72 28.19
753.00 2.71 28.13
754.00 2.69 28.19
755.00 2.69 28.13
756.00 2.67 28.05
757.00 2.68 27.96
758.00 2.69 27.93
759.00 2.72 27.85
760.00 2.73 27.84
761.00 2.71 27.89
762.00 2.72 27.90
763.00 2.70 27.92
764.00 2.69 27.93
765.00 2.69 27.85
766.00 2.67 27.85
767.00 2.68 27.85
768.00 2.70 27.82
769.00 2.72 27.81
770.00 2.71 27.84
771.00 2.70 27.83
772.00 2.70 27.90
773.00 2.70 27.91
774.00 2.72 27.87
775.00 2.73 27.91
776.00 2.76 27.90
777.00 2.79 27.94
778.00 2.83 27.91
779.00 2.84 27.91
780.00 2.84 27.94
781.00 2.84 27.87
782.00 2.82 27.82
783.00 2.82 27.73
784.00 2.80 27.78
785.00 2.82 27.71
786.00 2.81 27.74
787.00 2.83 27.68
788.00 2.85 27.69
789.00 2.85 27.68
790.00 2.85 27.67
791.00 2.83 27.68
792.00 2.83 27.71
793.00 2.83 27.87
794.00 2.84 27.90
795.00 2.85 27.88
796.00 2.86 27.87
797.00 2.86 27.86
798.00 2.87 27.88
799.00 2.88 27.95
800.00 2.91 27.95
801.00 2.90 27.95
802.00 2.92 27.96
803.00 2.91 27.91
804.00 2.93 27.85
805.00 2.96 27.74
806.00 2.96 27.76
807.00 2.97 27.77
808.00 2.94 27.76
809.00 2.91 27.69
810.00 2.87 27.63
811.00 2.85 27.58
812.00 2.83 27.55
813.00 2.83 27.52
814.00 2.81 27.53
815.00 2.80 27.54
816.00 2.79 27.61
817.00 2.78 27.62
818.00 2.79 27.64
819.00 2.80 27.69
820.00 2.80 27.77
821.00 2.80 27.73
822.00 2.78 27.69
823.00 2.75 27.65
824.00 2.73 27.67
825.00 2.73 27.64
826.00 2.75 27.62
827.00 2.76 27.55
828.00 2.76 27.47
829.00 2.75 27.52
830.00 2.75 27.51
831.00 2.72 27.53
832.00 2.73 27.50
833.00 2.74 27.47
834.00 2.76 27.46
835.00 2.75 27.43
836.00 2.74 27.45
837.00 2.75 27.45
838.00 2.77 27.48
839.00 2.77 27.51
840.00 2.78 27.53
841.00 2.76 27.52
842.00 2.74 27.41
843.00 2.72 27.36
844.00 2.70 27.29
845.00 2.68 27.18
846.00 2.68 27.22
847.00 2.67 27.17
848.00 2.64 27.13
849.00 2.64 27.02
850.00 2.65 27.06
851.00 2.66 27.05
852.00 2.69 27.08
853.00 2.71 27.06
854.00 2.74 27.05
855.00 2.73 27.04
856.00 2.75 27.08
857.00 2.75 27.05
858.00 2.76 27.00
859.00 2.78 27.03
860.00 2.79 26.97
861.00 2.80 26.99
862.00 2.78 26.99
863.00 2.78 27.02
864.00 2.79 27.02
865.00 2.80 26.93
866.00 2.78 26.89
867.00 2.77 26.85
868.00 2.78 26.86
869.00 2.77 26.88
870.00 2.77 26.89
871.00 2.77 26.95
872.00 2.76 26.99
873.00 2.75 26.92
874.00 2.75 26.91
875.00 2.74 26.88
876.00 2.74 26.92
877.00 2.75 26.92
878.00 2.76 26.90
879.00 2.77 26.85
880.00 2.79 26.88
881.00 2.79 26.92
882.00 2.80 26.97
883.00 2.80 27.01
884.00 2.80 26.99
885.00 2.77 26.90
886.00 2.76 26.87
887.00 2.75 26.83
888.00 2.75 26.77
889.00 2.75 26.79
890.00 2.74 26.81
891.00 2.71 26.77
892.00 2.70 26.78
893.00 2.68 26.68
894.00 2.67 26.70
895.00 2.67 26.65
896.00 2.66 26.66
897.00 2.67 26.55
898.00 2.66 26.53
899.00 2.65 26.54
900.00 2.64 26.56
901.00 2.64 26.54
902.00 2.63 26.57
903.00 2.62 26.49
904.00 2.62 26.44
905.00 2.62 26.42
906.00 2.61 26.42
907.00 2.58 26.33
908.00 2.54 26.26
909.00 2.52 26.26
910.00 2.51 26.22
911.00 2.49 26.23
912.00 2.45 26.11
913.00 2.42 25.94
914.00 2.39 25.80
915.00 2.35 25.78
916.00 2.30 25.70
917.00 2.26 25.67
918.00 2.24 25.62
919.00 2.22 25.51
920.00 2.19 25.46
921.00 2.17 25.34
922.00 2.15 25.25
923.00 2.12 25.16
924.00 2.09 25.08
925.00 2.06 25.06
926.00 2.03 24.97
927.00 2.01 25.00
928.00 2.02 24.94
929.00 2.01 24.97
930.00 1.98 24.94
931.00 1.97 24.86
932.00 1.95 24.91
933.00 1.95 24.91
934.00 1.96 24.93
935.00 1.99 24.88
936.00 1.98 24.90
937.00 1.97 24.81
938.00 1.96 24.77
939.00 1.99 24.75
940.00 1.98 24.76
941.00 1.98 24.82
942.00 1.99 24.80
943.00 1.98 24.78
944.00 2.00 24.73
945.00 1.99 24.75
946.00 1.99 24.75
947.00 1.99 24.73
948.00 1.98 24.72
949.00 1.97 24.75
950.00 1.97 24.77
951.00 1.97 24.75
952.00 1.95 24.73
953.00 1.96 24.73
954.00 1.95 24.76
955.00 1.93 24.69
956.00 1.92 24.70
957.00 1.92 24.61
958.00 1.91 24.63
959.00 1.92 24.62
960.00 1.94 24.53
961.00 1.96 24.59
962.00 1.98 24.49
963.00 1.99 24.50
964.00 1.98 24.39
965.00 1.99 24.36
966.00 1.99 24.32
967.00 1.98 24.24
968.00 1.96 24.29
969.00 1.97 24.25
970.00 1.97 24.27
971.00 1.97 24.24
972.00 1.97 24.25
973.00 1.98 24.25
974.00 1.97 24.24
975.00 1.96 24.26
976.00 1.97 24.17
977.00 1.96 24.16
978.00 1.97 24.04
979.00 1.95 24.08
980.00 1.97 24.06
981.00 1.96 24.07
982.00 1.97 24.09
983.00 1.94 24.11
984.00 1.95 24.15
985.00 1.94 24.14
986.00 1.95 24.11
987.00 1.94 24.16
988.00 1.96 24.22
989.00 1.96 24.27
990.00 1.95 24.20
991.00 1.94 24.18
992.00 1.92 24.16
993.00 1.92 24.12
994.00 1.90 24.11
995.00 1.92 24.16
996.00 1.92 24.14
997.00 1.93 24.11
998.00 1.95 24.10
999.00 1.94 24.10
1000.00 1.93 24.16
1001.00 1.91 24.19
1002.00 1.90 24.27
1003.00 1.90 24.25
1004.00 1.91 24.32
1005.00 1.92 24.39
1006.00 1.92 24.42
1007.00 1.93 24.36
1008.00 1.94 24.30
1009.00 1.94 24.35
1010.00 1.93 24.34
1011.00 1.93 24.33
1012.00 1.94 24.28
1013.00 1.94 24.22
1014.00 1.94 24.19
1015.00 1.95 24.14
1016.00 1.94 24.17
1017.00 1.93 24.09
1018.00 1.93 24.03
1019.00 1.90 23.97
1020.00 1.90 23.95
1021.00 1.90 23.94
1022.00 1.90 23.93
1023.00 1.89 23.90
1024.00 1.90 23.85
1025.00 1.90 23.84
1026.00 1.90 23.81
1027.00 1.90 23.72
1028.00 1.90 23.72
1029.00 1.90 23.72
1030.00 1.89 23.75
1031.00 1.89 23.80
1032.00 1.90 23.82
1033.00 1.90 23.89
1034.00 1.90 23.85
1035.00 1.91 23.87
1036.00 1.90 23.88
1037.00 1.90 23.93
1038.00 1.92 23.87
1039.00 1.93 23.91
1040.00 1.94 23.85
1041.00 1.91 23.84
1042.00 1.90 23.79
1043.00 1.88 23.78
1044.00 1.90 23.77
1045.00 1.91 23.84
1046.00 1.93 23.83
1047.00 1.93 23.73
1048.00 1.92 23.78
1049.00 1.93 23.84
1050.00 1.92 23.77
1051.00 1.90 23.71
1052.00 1.89 23.67
1053.00 1.88 23.64
1054.00 1.90 23.57
1055.00 1.91 23.45
1056.00 1.91 23.41
1057.00 1.94 23.39
1058.00 1.91 23.42
1059.00 1.90 23.47
1060.00 1.90 23.58
1061.00 1.89 23.62
1062.00 1.91 23.61
1063.00 1.91 23.64
1064.00 1.93 23.66
1065.00 1.91 23.67
1066.00 1.90 23.61
1067.00 1.89 23.56
1068.00 1.88 23.53
1069.00 1.86 23.56
1070.00 1.88 23.60
1071.00 1.89 23.48
1072.00 1.91 23.40
1073.00 1.92 23.33
1074.00 1.90 23.29
1075.00 1.89 23.23
1076.00 1.89 23.16
1077.00 1.87 23.18
1078.00 1.87 23.20
1079.00 1.86 23.22
1080.00 1.85 23.20
1081.00 1.85 23.16
1082.00 1.87 23.19
1083.00 1.87 23.10
1084.00 1.85 23.13
1085.00 1.85 23.18
1086.00 1.86 23.18
1087.00 1.88 23.21
1088.00 1.87 23.19
1089.00 1.86 23.16
1090.00 1.85 23.22
1091.00 1.86 23.26
1092.00 1.85 23.29
1093.00 1.84 23.26
1094.00 1.83 23.21
1095.00 1.83 23.21
1096.00 1.83 23.18
1097.00 1.84 23.22
1098.00 1.86 23.25
1099.00 1.87 23.16
1100.00 1.86 23.07
1101.00 1.87 23.08
1102.00 1.89 23.11
1103.00 1.89 23.17
1104.00 1.88 23.09
1105.00 1.88 23.08
1106.00 1.89 22.97
1107.00 1.91 22.93
1108.00 1.90 22.96
1109.00 1.93 22.99
1110.00 1.95 22.94
1111.00 1.94 22.96
1112.00 1.93 22.85
1113.00 1.92 22.74
1114.00 1.93 22.70
1115.00 1.93 22.60
1116.00 1.93 22.60
1117.00 1.93 22.53
1118.00 1.92 22.51
1119.00 1.91 22.47
1120.00 1.91 22.37
1121.00 1.92 22.41
1122.00 1.92 22.39
1123.00 1.91 22.41
1124.00 1.87 22.44
1125.00 1.87 22.48
1126.00 1.86 22.51
1127.00 1.84 22.47
1128.00 1.84 22.39
1129.00 1.84 22.38
1130.00 1.83 22.41
1131.00 1.82 22.37
1132.00 1.83 22.36
1133.00 1.83 22.33
1134.00 1.84 22.36
1135.00 1.84 22.32
1136.00 1.84 22.34
1137.00 1.84 22.37
1138.00 1.82 22.39
1139.00 1.83 22.32
1140.00 1.81 22.25
1141.00 1.81 22.26
1142.00 1.81 22.30
1143.00 1.80 22.33
1144.00 1.84 22.30
1145.00 1.83 22.21
1146.00 1.85 22.22
1147.00 1.84 22.20
1148.00 1.83 22.12
1149.00 1.83 22.11
1150.00 1.86 22.09
1151.00 1.87 22.13
1152.00 1.88 22.10
1153.00 1.89 22.13
1154.00 1.88 22.13
1155.00 1.89 22.13
1156.00 1.90 22.09
1157.00 1.91 22.09
1158.00 1.92 22.05
1159.00 1.93 22.12
1160.00 1.90 22.06
1161.00 1.90 22.04
1162.00 1.90 21.96
1163.00 1.92 22.04
1164.00 1.92 22.02
1165.00 1.91 22.01
1166.00 1.90 22.04
1167.00 1.93 21.97
1168.00 1.95 21.96
1169.00 1.95 21.88
1170.00 1.94 21.85
1171.00 1.95 21.85
1172.00 1.95 21.87
1173.00 1.96 21.88
1174.00 1.96 21.81
1175.00 1.93 21.90
1176.00 1.93 21.89
1177.00 1.92 21.96
1178.00 1.92 22.00
1179.00 1.92 22.01
1180.00 1.93 21.95
1181.00 1.91 21.86
1182.00 1.93 21.85
1183.00 1.93 21.84
1184.00 1.93 21.86
1185.00 1.92 21.81
1186.00 1.91 21.80
1187.00 1.91 21.79
1188.00 1.91 21.76
1189.00 1.91 21.76
1190.00 1.94 21.76
1191.00 1.92 21.72
1192.00 1.93 21.71
1193.00 1.89 21.70
1194.00 1.89 21.69
1195.00 1.88 21.63
1196.00 1.90 21.55
1197.00 1.89 21.53
1198.00 1.90 21.48
1199.00 1.91 21.50
1200.00 1.93 21.42
1201.00 1.92 21.42
1202.00 1.93 21.47
1203.00 1.93 21.48
1204.00 1.92 21.42
1205.00 1.91 21.36
1206.00 1.90 21.27
1207.00 1.89 21.26
1208.00 1.87 21.25
1209.00 1.86 21.23
1210.00 1.85 21.21
1211.00 1.86 21.19
1212.00 1.85 21.11
1213.00 1.85 21.12
1214.00 1.85 21.09
1215.00 1.86 21.04
1216.00 1.86 21.09
1217.00 1.88 21.09
1218.00 1.87 21.10
1219.00 1.89 21.07
1220.00 1.92 21.12
1221.00 1.93 21.13
1222.00 1.93 21.16
1223.00 1.94 21.15
1224.00 1.92 21.01
1225.00 1.91 20.91
1226.00 1.90 20.85
1227.00 1.90 20.84
1228.00 1.88 20.82
1229.00 1.86 20.85
1230.00 1.85 20.79
1231.00 1.83 20.80
1232.00 1.82 20.73
1233.00 1.82 20.85
1234.00 1.80 20.77
1235.00 1.80 20.77
1236.00 1.80 20.76
1237.00 1.81 20.72
1238.00 1.81 20.67
1239.00 1.82 20.68
1240.00 1.81 20.70
1241.00 1.82 20.66
1242.00 1.81 20.69
1243.00 1.81 20.62
1244.00 1.78 20.64
1245.00 1.78 20.69
1246.00 1.79 20.73
1247.00 1.80 20.70
1248.00 1.80 20.65
1249.00 1.79 20.66
1250.00 1.78 20.57
1251.00 1.77 20.48
1252.00 1.76 20.42
1253.00 1.75 20.36
1254.00 1.74 20.32
1255.00 1.75 20.29
1256.00 1.75 20.34
1257.00 1.75 20.41
1258.00 1.73 20.35
1259.00 1.70 20.34
1260.00 1.70 20.31
1261.00 1.70 20.32
1262.00 1.71 20.28
1263.00 1.71 20.34
1264.00 1.69 20.31
1265.00 1.71 20.23
1266.00 1.69 20.20
1267.00 1.68 20.19
1268.00 1.67 20.16
1269.00 1.70 20.13
1270.00 1.67 20.12
1271.00 1.69 20.13
1272.00 1.67 20.13
1273.00 1.66 20.03
1274.00 1.65 20.11
1275.00 1.64 20.05
1276.00 1.66 20.08
1277.00 1.66 19.99
1278.00 1.66 20.03
1279.00 1.66 20.00
1280.00 1.67 20.05
1281.00 1.68 19.97
1282.00 1.68 19.95
1283.00 1.68 19.91
1284.00 1.69 19.90
1285.00 1.68 19.86
1286.00 1.70 19.89
1287.00 1.71 19.80
1288.00 1.73 19.87
1289.00 1.71 19.83
1290.00 1.73 19.86
1291.00 1.73 19.82
1292.00 1.73 19.81
1293.00 1.73 19.81
1294.00 1.73 19.78
1295.00 1.74 19.81
1296.00 1.73 19.76
1297.00 1.73 19.75
1298.00 1.73 19.71
1299.00 1.73 19.73
1300.00 1.75 19.70
1301.00 1.75 19.63
1302.00 1.76 19.62
1303.00 1.75 19.56
1304.00 1.75 19.52
1305.00 1.75 19.44
1306.00 1.76 19.42
1307.00 1.76 19.30
1308.00 1.75 19.23
1309.00 1.74 19.18
1310.00 1.74 19.15
1311.00 1.73 19.15
1312.00 1.72 19.10
1313.00 1.72 19.10
1314.00 1.71 19.11
1315.00 1.72 19.13
1316.00 1.70 19.12
1317.00 1.73 19.11
1318.00 1.74 19.08
1319.00 1.76 19.13
1320.00 1.75 19.15
1321.00 1.75 19.15
1322.00 1.75 19.18
1323.00 1.74 19.18
1324.00 1.76 19.22
1325.00 1.75 19.15
1326.00 1.76 19.02
1327.00 1.75 19.02
1328.00 1.76 19.01
1329.00 1.76 19.01
1330.00 1.76 18.97
1331.00 1.75 18.99
1332.00 1.75 19.01
1333.00 1.75 18.99
1334.00 1.77 18.96
1335.00 1.76 18.97
1336.00 1.77 18.97
1337.00 1.76 19.04
1338.00 1.76 19.04
1339.00 1.75 19.06
1340.00 1.74 19.08
1341.00 1.73 19.05
1342.00 1.72 19.01
1343.00 1.72 19.04
1344.00 1.72 19.04
1345.00 1.73 19.00
1346.00 1.73 19.07
1347.00 1.73 18.99
1348.00 1.75 19.04
1349.00 1.76 18.95
1350.00 1.76 18.95
1351.00 1.78 18.87
1352.00 1.76 18.87
1353.00 1.76 18.88
1354.00 1.78 18.88
1355.00 1.78 18.84
1356.00 1.77 18.86
1357.00 1.78 18.79
1358.00 1.77 18.83
1359.00 1.80 18.80
1360.00 1.79 18.76
1361.00 1.79 18.78
1362.00 1.78 18.75
1363.00 1.78 18.72
1364.00 1.76 18.69
1365.00 1.74 18.71
1366.00 1.75 18.67
1367.00 1.73 18.66
1368.00 1.75 18.56
1369.00 1.73 18.50
1370.00 1.74 18.48
1371.00 1.74 18.42
1372.00 1.74 18.42
1373.00 1.73 18.44
1374.00 1.74 18.50
1375.00 1.74 18.53
1376.00 1.77 18.54
1377.00 1.76 18.53
1378.00 1.74 18.51
1379.00 1.73 18.49
1380.00 1.72 18.46
1381.00 1.72 18.34
1382.00 1.71 18.29
1383.00 1.70 18.29
1384.00 1.69 18.30
1385.00 1.69 18.32
1386.00 1.69 18.32
1387.00 1.71 18.28
1388.00 1.71 18.27
1389.00 1.72 18.23
1390.00 1.73 18.27
1391.00 1.73 18.20
1392.00 1.71 18.26
1393.00 1.69 18.27
1394.00 1.70 18.28
1395.00 1.72 18.26
1396.00 1.74 18.22
1397.00 1.75 18.25
1398.00 1.74 18.30
1399.00 1.74 18.30
1400.00 1.74 18.28
1401.00 1.74 18.22
1402.00 1.72 18.26
1403.00 1.71 18.18
1404.00 1.70 18.06
1405.00 1.70 18.03
1406.00 1.68 18.07
1407.00 1.67 18.11
1408.00 1.66 18.10
1409.00 1.66 18.05
1410.00 1.67 18.07
1411.00 1.68 17.97
1412.00 1.69 17.88
1413.00 1.69 17.86
1414.00 1.69 17.81
1415.00 1.69 17.82
1416.00 1.70 17.86
1417.00 1.70 17.94
1418.00 1.71 17.97
1419.00 1.72 17.96
1420.00 1.72 17.94
1421.00 1.70 17.97
1422.00 1.71 17.88
1423.00 1.70 17.82
1424.00 1.71 17.77
1425.00 1.72 17.70
1426.00 1.73 17.80
1427.00 1.73 17.83
1428.00 1.72 17.94
1429.00 1.74 17.85
1430.00 1.75 17.92
1431.00 1.75 17.88
1432.00 1.73 17.99
1433.00 1.72 17.95
1434.00 1.74 17.96
1435.00 1.73 17.90
1436.00 1.75 17.83
1437.00 1.73 17.78
1438.00 1.76 17.83
1439.00 1.76 17.83
1440.00 1.76 17.88
1441.00 1.77 17.91
1442.00 1.73 17.89
1443.00 1.74 17.93
1444.00 1.74 17.89
1445.00 1.74 17.96
1446.00 1.75 17.93
1447.00 1.75 17.96
1448.00 1.75 17.91
1449.00 1.74 17.86
1450.00 1.74 17.88
1451.00 1.75 17.83
1452.00 1.74 17.77
1453.00 1.73 17.84
1454.00 1.74 17.85
1455.00 1.72 17.97
1456.00 1.70 17.94
1457.00 1.71 17.97
1458.00 1.71 17.92
1459.00 1.73 17.92
1460.00 1.73 17.94
1461.00 1.72 17.91
1462.00 1.73 17.94
1463.00 1.73 17.92
1464.00 1.73 17.84
1465.00 1.73 17.89
1466.00 1.74 17.82
1467.00 1.74 17.81
1468.00 1.73 17.72
1469.00 1.73 17.78
1470.00 1.72 17.85
1471.00 1.71 17.89
1472.00 1.70 17.90
1473.00 1.71 17.87
1474.00 1.73 17.97
1475.00 1.74 17.90
1476.00 1.77 17.93
1477.00 1.78 17.87
1478.00 1.78 17.86
1479.00 1.79 17.78
1480.00 1.79 17.89
1481.00 1.80 17.86
1482.00 1.81 17.94
1483.00 1.82 18.00
1484.00 1.80 18.00
1485.00 1.81 18.05
1486.00 1.81 18.05
1487.00 1.81 18.05
1488.00 1.80 18.03
1489.00 1.80 18.06
1490.00 1.77 18.06
1491.00 1.78 17.99
1492.00 1.78 17.85
1493.00 1.77 17.92
1494.00 1.75 17.90
1495.00 1.74 17.89
1496.00 1.76 17.91
1497.00 1.79 17.87
1498.00 1.79 17.83
1499.00 1.78 17.81
1500.00 1.78 17.86
1501.00 1.77 17.77
1502.00 1.76 17.76
1503.00 1.76 17.73
1504.00 1.75 17.73
1505.00 1.74 17.70
1506.00 1.72 17.71
1507.00 1.74 17.69
1508.00 1.74 17.68
1509.00 1.77 17.69
1510.00 1.76 17.73
1511.00 1.77 17.71
1512.00 1.79 17.76
1513.00 1.79 17.68
1514.00 1.80 17.72
1515.00 1.80 17.68
1516.00 1.81 17.74
1517.00 1.78 17.73
1518.00 1.79 17.76
1519.00 1.79 17.67
1520.00 1.78 17.69
1521.00 1.77 17.64
1522.00 1.79 17.58
1523.00 1.80 17.50
1524.00 1.79 17.54
1525.00 1.79 17.56
1526.00 1.78 17.60
1527.00 1.76 17.67
1528.00 1.79 17.63
1529.00 1.80 17.60
1530.00 1.82 17.64
1531.00 1.80 17.64
1532.00 1.81 17.63
1533.00 1.82 17.53
1534.00 1.83 17.42
1535.00 1.84 17.39
1536.00 1.84 17.39
1537.00 1.85 17.40
1538.00 1.85 17.43
1539.00 1.83 17.41
1540.00 1.82 17.38
1541.00 1.80 17.43
1542.00 1.79 17.39
1543.00 1.79 17.31
1544.00 1.79 17.18
1545.00 1.77 17.21
1546.00 1.78 17.20
1547.00 1.76 17.20
1548.00 1.76 17.17
1549.00 1.75 17.24
1550.00 1.75 17.23
1551.00 1.75 17.30
1552.00 1.76 17.24
1553.00 1.75 17.26
1554.00 1.77 17.17
1555.00 1.78 17.24
1556.00 1.77 17.24
1557.00 1.76 17.29
1558.00 1.75 17.30
1559.00 1.75 17.23
1560.00 1.74 17.18
1561.00 1.74 17.13
1562.00 1.76 17.19
1563.00 1.76 17.18
1564.00 1.76 17.14
1565.00 1.77 17.07
1566.00 1.77 17.11
1567.00 1.76 17.10
1568.00 1.78 17.15
1569.00 1.76 17.18
1570.00 1.76 17.21
1571.00 1.74 17.17
1572.00 1.74 17.16
1573.00 1.71 17.24
1574.00 1.71 17.29
1575.00 1.73 17.22
1576.00 1.73 17.24
1577.00 1.72 17.12
1578.00 1.72 17.09
1579.00 1.72 17.08
1580.00 1.74 17.03
1581.00 1.74 17.04
1582.00 1.73 16.99
1583.00 1.72 16.95
1584.00 1.71 16.95
1585.00 1.71 16.91
1586.00 1.72 16.94
1587.00 1.73 16.96
1588.00 1.73 16.98
1589.00 1.72 16.99
1590.00 1.74 17.01
1591.00 1.73 17.09
1592.00 1.76 17.02
1593.00 1.76 17.09
1594.00 1.78 17.11
1595.00 1.78 17.17
1596.00 1.79 17.10
1597.00 1.78 17.13
1598.00 1.80 17.06
1599.00 1.79 17.13
1600.00 1.78 17.08
1601.00 1.77 17.15
1602.00 1.76 17.08
1603.00 1.74 17.08
1604.00 1.74 17.08
1605.00 1.70 17.09
1606.00 1.70 17.15
1607.00 1.69 17.13
1608.00 1.70 17.17
1609.00 1.72 17.07
1610.00 1.73 17.09
1611.00 1.75 17.11
1612.00 1.74 17.11
1613.00 1.73 17.08
1614.00 1.73 17.12
1615.00 1.74 17.10
1616.00 1.73 17.18
1617.00 1.71 17.18
1618.00 1.71 17.23
1619.00 1.72 17.13
1620.00 1.71 17.07
1621.00 1.70 17.07
1622.00 1.70 17.08
1623.00 1.69 17.04
1624.00 1.70 16.98
1625.00 1.71 16.92
1626.00 1.74 16.97
1627.00 1.77 16.91
1628.00 1.79 16.89
1629.00 1.83 16.87
1630.00 1.82 16.89
1631.00 1.84 16.91
1632.00 1.84 16.96
1633.00 1.86 16.98
1634.00 1.85 16.93
1635.00 1.85 16.82
1636.00 1.86 16.80
1637.00 1.87 16.72
1638.00 1.86 16.63
1639.00 1.86 16.64
1640.00 1.85 16.63
1641.00 1.85 16.63
1642.00 1.84 16.65
1643.00 1.85 16.63
1644.00 1.85 16.70
1645.00 1.85 16.75
1646.00 1.85 16.69
1647.00 1.84 16.65
1648.00 1.84 16.63
1649.00 1.85 16.68
1650.00 1.85 16.68
1651.00 1.84 16.68
1652.00 1.82 16.71
1653.00 1.81 16.70
1654.00 1.81 16.69
1655.00 1.79 16.62
1656.00 1.80 16.60
1657.00 1.78 16.61
1658.00 1.80 16.52
1659.00 1.81 16.50
1660.00 1.81 16.47
1661.00 1.80 16.52
1662.00 1.82 16.51
1663.00 1.84 16.58
1664.00 1.85 16.54
1665.00 1.84 16.57
1666.00 1.84 16.61
1667.00 1.85 16.63
1668.00 1.82 16.58
1669.00 1.82 16.53
1670.00 1.82 16.43
1671.00 1.81 16.43
1672.00 1.82 16.40
1673.00 1.81 16.42
1674.00 1.81 16.33
1675.00 1.82 16.37
1676.00 1.82 16.33
1677.00 1.84 16.31
1678.00 1.85 16.19
1679.00 1.86 16.22
1680.00 1.86 16.15
1681.00 1.84 16.22
1682.00 1.83 16.21
1683.00 1.83 16.10
1684.00 1.88 16.01
1685.00 1.89 15.99
1686.00 1.91 15.94
1687.00 1.91 15.97
1688.00 1.92 15.89
1689.00 1.93 15.87
1690.00 1.90 15.81
1691.00 1.90 15.83
1692.00 1.89 15.84
1693.00 1.89 15.75
1694.00 1.89 15.69
1695.00 1.91 15.71
1696.00 1.90 15.65
1697.00 1.92 15.69
1698.00 1.92 15.63
1699.00 1.93 15.61
1700.00 1.92 15.61
1701.00 1.94 15.64
1702.00 1.93 15.67
1703.00 1.94 15.70
1704.00 1.93 15.67
1705.00 1.94 15.63
1706.00 1.94 15.65
1707.00 1.93 15.67
1708.00 1.92 15.67
1709.00 1.93 15.61
1710.00 1.96 15.58
1711.00 1.96 15.56
1712.00 1.96 15.66
1713.00 1.97 15.64
1714.00 1.99 15.64
1715.00 2.01 15.64
1716.00 2.01 15.66
1717.00 2.02 15.61
1718.00 2.01 15.61
1719.00 1.99 15.59
1720.00 2.01 15.62
1721.00 2.04 15.57
1722.00 2.05 15.59
1723.00 2.07 15.59
1724.00 2.09 15.63
1725.00 2.10 15.57
1726.00 2.13 15.52
1727.00 2.13 15.46
1728.00 2.15 15.46
1729.00 2.15 15.45
1730.00 2.16 15.47
1731.00 2.14 15.49
1732.00 2.15 15.55
1733.00 2.13 15.57
1734.00 2.13 15.57
1735.00 2.14 15.61
1736.00 2.14 15.62
1737.00 2.14 15.60
1738.00 2.11 15.58
1739.00 2.11 15.57
1740.00 2.12 15.55
1741.00 2.12 15.55
1742.00 2.11 15.56
1743.00 2.11 15.56
1744.00 2.12 15.55
1745.00 2.11 15.55
1746.00 2.10 15.51
1747.00 2.10 15.50
1748.00 2.09 15.52
1749.00 2.10 15.52
1750.00 2.10 15.51
1751.00 2.09 15.45
1752.00 2.09 15.43
1753.00 2.10 15.40
1754.00 2.10 15.46
1755.00 2.10 15.43
1756.00 2.09 15.44
1757.00 2.09 15.29
1758.00 2.08 15.24
1759.00 2.08 15.17
1760.00 2.09 15.17
1761.00 2.08 15.21
1762.00 2.08 15.17
1763.00 2.08 15.22
1764.00 2.09 15.14
1765.00 2.11 15.13
1766.00 2.09 15.12
1767.00 2.10 15.07
1768.00 2.11 15.01
1769.00 2.10 15.03
1770.00 2.13 15.07
1771.00 2.12 15.08
1772.00 2.12 15.02
1773.00 2.11 15.04
1774.00 2.11 15.04
1775.00 2.11 14.94
1776.00 2.11 14.94
1777.00 2.12 14.89
1778.00 2.14 14.90
1779.00 2.14 14.82
1780.00 2.17 14.84
1781.00 2.18 14.86
1782.00 2.19 14.87
1783.00 2.21 14.93
1784.00 2.24 14.90
1785.00 2.25 14.89
1786.00 2.24 14.84
1787.00 2.22 14.80
1788.00 2.25 14.76
1789.00 2.26 14.78
1790.00 2.28 14.76
1791.00 2.29 14.82
1792.00 2.30 14.85
1793.00 2.32 14.96
1794.00 2.33 15.05
1795.00 2.35 15.11
1796.00 2.35 15.18
1797.00 2.37 15.26
1798.00 2.36 15.27
1799.00 2.35 15.23
1800.00 2.33 15.11
1801.00 2.33 15.08
1802.00 2.32 15.03
1803.00 2.30 15.08
1804.00 2.29 15.13
1805.00 2.27 15.08
1806.00 2.29 15.10
1807.00 2.29 15.06
1808.00 2.30 15.08
1809.00 2.30 15.07
1810.00 2.31 15.06
1811.00 2.34 15.13
1812.00 2.33 15.07
1813.00 2.33 15.05
1814.00 2.32 15.04
1815.00 2.34 15.05
1816.00 2.35 15.00
1817.00 2.34 15.00
1818.00 2.35 14.95
1819.00 2.34 14.95
1820.00 2.34 14.88
1821.00 2.36 14.91
1822.00 2.36 14.96
1823.00 2.36 14.96
1824.00 2.38 14.89
1825.00 2.37 14.84
1826.00 2.37 14.77
1827.00 2.37 14.84
1828.00 2.34 14.90
1829.00 2.36 14.88
1830.00 2.37 14.87
1831.00 2.37 14.76
1832.00 2.39 14.74
1833.00 2.39 14.81
1834.00 2.41 14.84
1835.00 2.41 14.84
1836.00 2.40 14.82
1837.00 2.41 14.81
1838.00 2.40 14.83
1839.00 2.40 14.81
1840.00 2.43 14.82
1841.00 2.44 14.76
1842.00 2.45 14.73
1843.00 2.44 14.79
1844.00 2.45 14.81
1845.00 2.46 14.86
1846.00 2.45 14.76
1847.00 2.44 14.72
1848.00 2.45 14.74
1849.00 2.45 14.80
1850.00 2.45 14.84
1851.00 2.45 14.89
1852.00 2.45 14.92
1853.00 2.43 14.89
1854.00 2.43 14.88
1855.00 2.42 14.78
1856.00 2.43 14.80
1857.00 2.43 14.86
1858.00 2.43 14.84
1859.00 2.42 14.87
1860.00 2.41 14.85
1861.00 2.39 14.82
1862.00 2.39 14.83
1863.00 2.39 14.75
1864.00 2.39 14.85
1865.00 2.39 14.82
1866.00 2.40 14.83
1867.00 2.39 14.74
1868.00 2.40 14.70
1869.00 2.40 14.69
1870.00 2.40 14.69
1871.00 2.41 14.69
1872.00 2.40 14.67
1873.00 2.39 14.67
1874.00 2.40 14.63
1875.00 2.39 14.69
1876.00 2.38 14.66
1877.00 2.39 14.65
1878.00 2.41 14.70
1879.00 2.42 14.67
1880.00 2.42 14.67
1881.00 2.43 14.72
1882.00 2.42 14.83
1883.00 2.42 14.86
1884.00 2.41 14.89
1885.00 2.39 14.82
1886.00 2.39 14.73
1887.00 2.39 14.72
1888.00 2.37 14.73
1889.00 2.36 14.70
1890.00 2.34 14.65
1891.00 2.35 14.62
1892.00 2.34 14.57
1893.00 2.35 14.42
1894.00 2.34 14.47
1895.00 2.35 14.43
1896.00 2.35 14.45
1897.00 2.35 14.44
1898.00 2.37 14.46
1899.00 2.36 14.46
1900.00 2.38 14.48
1901.00 2.38 14.51
1902.00 2.39 14.51
1903.00 2.39 14.50
1904.00 2.38 14.45
1905.00 2.38 14.44
1906.00 2.40 14.46
1907.00 2.41 14.46
1908.00 2.40 14.46
1909.00 2.40 14.44
1910.00 2.38 14.41
1911.00 2.38 14.43
1912.00 2.40 14.31
1913.00 2.38 14.30
1914.00 2.37 14.22
1915.00 2.37 14.23
1916.00 2.36 14.28
1917.00 2.36 14.35
1918.00 2.35 14.31
1919.00 2.36 14.31
1920.00 2.34 14.22
1921.00 2.35 14.25
1922.00 2.35 14.20
1923.00 2.35 14.17
1924.00 2.35 14.12
1925.00 2.37 14.13
1926.00 2.37 14.21
1927.00 2.40 14.15
1928.00 2.39 14.13
1929.00 2.40 14.11
1930.00 2.40 14.02
1931.00 2.41 14.02
1932.00 2.40 14.02
1933.00 2.41 14.02
1934.00 2.41 14.02
1935.00 2.42 14.00
1936.00 2.42 14.08
1937.00 2.41 14.11
1938.00 2.42 14.21
1939.00 2.44 14.21
1940.00 2.44 14.17
1941.00 2.43 14.17
1942.00 2.42 14.17
1943.00 2.42 14.13
1944.00 2.43 14.20
1945.00 2.43 14.11
1946.00 2.43 14.23
1947.00 2.44 14.20
1948.00 2.44 14.13
1949.00 2.42 14.15
1950.00 2.40 14.07
1951.00 2.39 14.05
1952.00 2.37 13.99
1953.00 2.38 14.00
1954.00 2.38 13.93
1955.00 2.39 13.92
1956.00 2.37 13.91
1957.00 2.38 13.97
1958.00 2.38 14.04
1959.00 2.38 14.19
1960.00 2.38 14.12
1961.00 2.37 14.07
1962.00 2.38 14.06
1963.00 2.38 13.99
1964.00 2.38 13.96
1965.00 2.38 13.91
1966.00 2.37 13.95
1967.00 2.35 13.98
1968.00 2.37 14.00
1969.00 2.38 13.96
1970.00 2.41 14.01
1971.00 2.41 13.96
1972.00 2.41 14.07
1973.00 2.43 14.00
1974.00 2.42 14.07
1975.00 2.43 14.03
1976.00 2.43 14.08
1977.00 2.42 14.01
1978.00 2.40 14.05
1979.00 2.40 13.99
1980.00 2.40 14.00
1981.00 2.39 14.00
1982.00 2.37 14.02
1983.00 2.36 14.06
1984.00 2.35 14.04
1985.00 2.36 14.03
1986.00 2.35 14.04
1987.00 2.33 14.05
1988.00 2.34 14.06
1989.00 2.33 14.13
1990.00 2.33 14.11
1991.00 2.32 14.11
1992.00 2.31 14.15
1993.00 2.31 14.12
1994.00 2.32 14.14
1995.00 2.32 14.12
1996.00 2.31 14.13
1997.00 2.31 14.10
1998.00 2.31 14.07
1999.00 2.32 14.05
2000.00 2.32 14.04
2001.00 2.30 14.06
2002.00 2.30 14.08
2003.00 2.31 14.09
2004.00 2.32 14.13
2005.00 2.33 14.14
2006.00 2.33 14.15
2007.00 2.33 14.19
2008.00 2.31 14.13
2009.00 2.31 14.17
2010.00 2.30 14.15
2011.00 2.31 14.18
2012.00 2.30 14.18
2013.00 2.29 14.18
2014.00 2.30 14.13
2015.00 2.29 14.12
2016.00 2.28 14.06
2017.00 2.27 14.07
2018.00 2.29 14.06
2019.00 2.31 14.05
2020.00 2.28 14.06
2021.00 2.28 14.05
2022.00 2.29 14.12
2023.00 2.29 14.13
2024.00 2.29 14.12
2025.00 2.28 14.10
2026.00 2.27 14.01
2027.00 2.27 14.02
2028.00 2.29 14.10
2029.00 2.27 14.09
2030.00 2.27 14.13
2031.00 2.29 14.16
2032.00 2.28 14.13
2033.00 2.29 14.09
2034.00 2.27 14.11
2035.00 2.29 14.07
2036.00 2.28 14.00
2037.00 2.28 14.03
2038.00 2.30 14.13
2039.00 2.30 14.14
2040.00 2.30 14.06
2041.00 2.31 14.03
2042.00 2.32 14.11
2043.00 2.32 14.11
2044.00 2.31 14.12
2045.00 2.29 14.14
2046.00 2.29 14.18
2047.00 2.27 14.18
2048.00 2.27 14.21
2049.00 2.26 14.22
2050.00 2.27 14.30
2051.00 2.27 14.32
2052.00 2.27 14.30
2053.00 2.26 14.37
2054.00 2.26 14.40
2055.00 2.24 14.36
2056.00 2.25 14.36
2057.00 2.24 14.35
2058.00 2.24 14.32
2059.00 2.22 14.30
2060.00 2.22 14.31
2061.00 2.23 14.29
2062.00 2.25 14.26
2063.00 2.25 14.29
2064.00 2.24 14.33
2065.00 2.23 14.28
2066.00 2.21 14.33
2067.00 2.21 14.33
2068.00 2.22 14.28
2069.00 2.21 14.24
2070.00 2.19 14.23
2071.00 2.18 14.21
2072.00 2.17 14.20
2073.00 2.20 14.17
2074.00 2.19 14.18
2075.00 2.20 14.23
2076.00 2.20 14.15
2077.00 2.20 14.12
2078.00 2.20 14.09
2079.00 2.21 14.08
2080.00 2.19 14.05
2081.00 2.19 14.05
2082.00 2.18 14.03
2083.00 2.17 14.06
2084.00 2.16 14.09
2085.00 2.17 14.07
2086.00 2.19 14.11
2087.00 2.18 14.22
2088.00 2.18 14.22
2089.00 2.17 14.22
2090.00 2.19 14.18
2091.00 2.19 14.18
2092.00 2.21 14.22
2093.00 2.21 14.24
2094.00 2.20 14.21
2095.00 2.20 14.24
2096.00 2.20 14.23
2097.00 2.23 14.25
2098.00 2.22 14.25
2099.00 2.22 14.25
2100.00 2.22 14.29
2101.00 2.24 14.27
2102.00 2.23 14.30
2103.00 2.24 14.30
2104.00 2.23 14.33
2105.00 2.22 14.41
2106.00 2.20 14.43
2107.00 2.20 14.47
2108.00 2.22 14.47
2109.00 2.20 14.48
2110.00 2.21 14.56
2111.00 2.21 14.60
2112.00 2.20 14.59
2113.00 2.20 14.59
2114.00 2.19 14.63
2115.00 2.20 14.69
2116.00 2.19 14.64
2117.00 2.20 14.68
2118.00 2.20 14.65
2119.00 2.22 14.68
2120.00 2.22 14.62
2121.00 2.22 14.70
2122.00 2.22 14.62
2123.00 2.22 14.63
2124.00 2.23 14.61
2125.00 2.24 14.66
2126.00 2.24 14.65
2127.00 2.24 14.61
2128.00 2.25 14.64
2129.00 2.24 14.64
2130.00 2.23 14.71
2131.00 2.24 14.69
2132.00 2.25 14.65
2133.00 2.24 14.69
2134.00 2.22 14.60
2135.00 2.23 14.61
2136.00 2.22 14.60
2137.00 2.22 14.64
2138.00 2.21 14.66
2139.00 2.22 14.67
2140.00 2.21 14.73
2141.00 2.22 14.77
2142.00 2.24 14.77
2143.00 2.23 14.78
2144.00 2.24 14.73
2145.00 2.24 14.72
2146.00 2.24 14.71
2147.00 2.23 14.68
2148.00 2.21 14.67
2149.00 2.20 14.71
2150.00 2.19 14.66
2151.00 2.19 14.70
2152.00 2.19 14.70
2153.00 2.19 14.65
2154.00 2.17 14.62
2155.00 2.18 14.65
2156.00 2.18 14.56
2157.00 2.17 14.60
2158.00 2.18 14.53
2159.00 2.17 14.56
2160.00 2.17 14.59
2161.00 2.15 14.56
2162.00 2.16 14.57
2163.00 2.16 14.59
2164.00 2.16 14.60
2165.00 2.16 14.63
2166.00 2.18 14.66
2167.00 2.19 14.70
2168.00 2.19 14.70
2169.00 2.19 14.68
2170.00 2.18 14.71
2171.00 2.18 14.70
2172.00 2.18 14.69
2173.00 2.17 14.74
2174.00 2.16 14.76
2175.00 2.15 14.73
2176.00 2.15 14.76
2177.00 2.15 14.78
2178.00 2.14 14.79
2179.00 2.14 14.83
2180.00 2.13 14.78
2181.00 2.14 14.85
2182.00 2.14 14.89
2183.00 2.13 14.94
2184.00 2.14 15.04
2185.00 2.11 15.01
2186.00 2.12 15.01
2187.00 2.10 15.00
2188.00 2.09 14.97
2189.00 2.07 15.00
2190.00 2.05 14.97
2191.00 2.04 14.99
2192.00 2.03 14.97
2193.00 2.04 14.95
2194.00 2.02 14.89
2195.00 2.00 14.84
2196.00 1.99 14.88
2197.00 1.99 14.84
2198.00 1.98 14.77
2199.00 2.00 14.81
2200.00 2.01 14.83
2201.00 2.01 14.78
2202.00 2.03 14.79
2203.00 2.03 14.83
2204.00 2.01 14.76
2205.00 2.03 14.79
2206.00 2.03 14.82
2207.00 2.04 14.86
2208.00 2.04 14.85
2209.00 2.03 14.91
2210.00 2.03 14.91
2211.00 2.04 14.94
2212.00 2.03 14.88
2213.00 2.03 14.90
2214.00 2.02 14.89
2215.00 2.04 14.91
2216.00 2.04 14.91
2217.00 2.05 14.87
2218.00 2.04 14.92
2219.00 2.04 14.88
2220.00 2.04 14.89
2221.00 2.05 14.81
2222.00 2.05 14.80
2223.00 2.03 14.79
2224.00 2.04 14.81
2225.00 2.03 14.81
2226.00 2.00 14.85
2227.00 2.00 14.90
2228.00 2.00 14.86
2229.00 2.01 14.83
2230.00 2.01 14.80
2231.00 2.00 14.82
2232.00 2.00 14.89
2233.00 1.99 14.88
2234.00 2.00 14.91
2235.00 2.01 14.93
2236.00 2.00 14.98
2237.00 2.01 15.05
2238.00 2.01 15.05
2239.00 2.01 15.01
2240.00 2.03 15.06
2241.00 2.00 15.01
2242.00 2.00 15.00
2243.00 1.99 15.01
2244.00 2.00 15.04
2245.00 2.01 15.05
2246.00 1.98 15.04
2247.00 1.99 15.08
2248.00 2.00 15.13
2249.00 2.00 15.18
2250.00 2.02 15.28
2251.00 2.02 15.21
2252.00 2.03 15.26
2253.00 2.02 15.18
2254.00 2.04 15.20
2255.00 2.03 15.20
2256.00 2.05 15.07
2257.00 2.04 15.02
2258.00 2.02 14.99
2259.00 2.02 14.99
2260.00 2.03 15.07
2261.00 2.04 15.08
2262.00 2.05 15.06
2263.00 2.04 15.13
2264.00 2.05 15.07
2265.00 2.04 15.07
2266.00 2.03 15.09
2267.00 2.02 15.03
2268.00 2.02 15.02
2269.00 2.02 14.97
2270.00 2.02 15.02
2271.00 2.03 15.06
2272.00 2.03 15.06
2273.00 2.00 15.08
2274.00 2.01 15.01
2275.00 2.00 15.05
2276.00 2.01 15.09
2277.00 2.00 15.11
2278.00 2.01 15.11
2279.00 2.02 15.09
2280.00 2.01 15.07
2281.00 2.03 15.08
2282.00 2.02 15.07
2283.00 2.00 15.08
2284.00 2.01 15.11
2285.00 2.02 15.14
2286.00 2.02 15.20
2287.00 2.02 15.15
2288.00 2.00 15.19
2289.00 2.02 15.15
2290.00 2.03 15.15
2291.00 2.03 15.15
2292.00 2.03 15.16
2293.00 2.02 15.31
2294.00 2.01 15.31
2295.00 2.02 15.27
2296.00 2.03 15.21
2297.00 2.03 15.22
2298.00 2.04 15.15
2299.00 2.02 15.17
2300.00 2.03 15.15
2301.00 2.04 15.07
2302.00 2.02 15.03
2303.00 2.03 14.97
2304.00 2.02 14.94
2305.00 2.03 14.87
2306.00 2.05 14.90
2307.00 2.07 14.89
2308.00 2.08 14.90
2309.00 2.08 14.80
2310.00 2.08 14.81
2311.00 2.08 14.82
2312.00 2.09 14.80
2313.00 2.09 14.84
2314.00 2.11 14.86
2315.00 2.10 14.90
2316.00 2.09 14.93
2317.00 2.11 14.92
2318.00 2.13 14.95
2319.00 2.13 15.02
2320.00 2.14 15.06
2321.00 2.15 15.04
2322.00 2.16 15.03
2323.00 2.13 15.04
2324.00 2.13 15.03
2325.00 2.13 15.01
2326.00 2.13 15.04
2327.00 2.13 15.00
2328.00 2.14 14.97
2329.00 2.14 15.08
2330.00 2.13 15.06
2331.00 2.13 15.04
2332.00 2.15 15.05
2333.00 2.14 15.03
2334.00 2.15 15.09
2335.00 2.15 15.16
2336.00 2.15 15.25
2337.00 2.16 15.25
2338.00 2.16 15.25
2339.00 2.15 15.19
2340.00 2.16 15.19
2341.00 2.16 15.29
2342.00 2.16 15.29
2343.00 2.16 15.28
2344.00 2.17 15.31
2345.00 2.18 15.31
2346.00 2.17 15.30
2347.00 2.18 15.29
2348.00 2.19 15.30
2349.00 2.19 15.34
2350.00 2.20 15.37
2351.00 2.20 15.45
2352.00 2.20 15.35
2353.00 2.20 15.35
2354.00 2.19 15.39
2355.00 2.19 15.33
2356.00 2.18 15.36
2357.00 2.17 15.40
2358.00 2.18 15.40
2359.00 2.19 15.42
2360.00 2.18 15.48
2361.00 2.18 15.53
2362.00 2.16 15.58
2363.00 2.15 15.51
2364.00 2.14 15.52
2365.00 2.13 15.44
2366.00 2.14 15.40
2367.00 2.14 15.41
2368.00 2.14 15.43
2369.00 2.16 15.44
2370.00 2.13 15.40
2371.00 2.13 15.40
2372.00 2.14 15.38
2373.00 2.14 15.37
2374.00 2.16 15.43
2375.00 2.16 15.49
2376.00 2.17 15.49
2377.00 2.17 15.50
2378.00 2.17 15.50
2379.00 2.17 15.45
2380.00 2.16 15.42
2381.00 2.15 15.45
2382.00 2.14 15.46
2383.00 2.14 15.53
2384.00 2.13 15.52
2385.00 2.12 15.48
2386.00 2.14 15.45
2387.00 2.12 15.38
2388.00 2.14 15.43
2389.00 2.13 15.45
2390.00 2.13 15.46
2391.00 2.13 15.40
2392.00 2.13 15.45
2393.00 2.12 15.45
2394.00 2.12 15.48
2395.00 2.11 15.42
2396.00 2.10 15.41
2397.00 2.10 15.41
2398.00 2.11 15.40
2399.00 2.10 15.40
2400.00 2.10 15.32
2401.00 2.12 15.36
2402.00 2.11 15.35
2403.00 2.12 15.34
2404.00 2.15 15.39
2405.00 2.17 15.43
2406.00 2.19 15.37
2407.00 2.18 15.35
2408.00 2.18 15.33
2409.00 2.18 15.33
2410.00 2.19 15.40
2411.00 2.19 15.46
2412.00 2.19 15.52
2413.00 2.20 15.59
2414.00 2.19 15.60
2415.00 2.19 15.63
2416.00 2.19 15.63
2417.00 2.19 15.68
2418.00 2.20 15.76
2419.00 2.19 15.78
2420.00 2.20 15.77
2421.00 2.20 15.73
2422.00 2.20 15.70
2423.00 2.20 15.70
2424.00 2.19 15.68
2425.00 2.21 15.76
2426.00 2.20 15.77
2427.00 2.21 15.81
2428.00 2.21 15.79
2429.00 2.22 15.75
2430.00 2.23 15.80
2431.00 2.23 15.80
2432.00 2.23 15.81
2433.00 2.24 15.77
2434.00 2.22 15.78
2435.00 2.24 15.87
2436.00 2.22 15.88
2437.00 2.23 15.94
2438.00 2.21 15.90
2439.00 2.21 15.94
2440.00 2.22 15.91
2441.00 2.20 15.92
2442.00 2.19 15.96
2443.00 2.17 15.88
2444.00 2.17 15.83
2445.00 2.16 15.87
2446.00 2.15 15.93
2447.00 2.15 15.87
2448.00 2.15 15.88
2449.00 2.15 15.91
2450.00 2.13 15.88
2451.00 2.14 15.87
2452.00 2.16 15.94
2453.00 2.14 15.91
2454.00 2.18 16.03
2455.00 2.17 15.99
2456.00 2.19 16.03
2457.00 2.20 16.00
2458.00 2.17 16.05
2459.00 2.18 16.08
2460.00 2.19 16.10
2461.00 2.19 16.10
2462.00 2.20 16.07
2463.00 2.17 16.02
2464.00 2.17 16.06
2465.00 2.16 16.05
2466.00 2.15 16.02
2467.00 2.16 15.97
2468.00 2.16 15.99
2469.00 2.17 16.05
2470.00 2.17 16.09
2471.00 2.16 16.15
2472.00 2.16 16.17
2473.00 2.16 16.12
2474.00 2.16 16.09
2475.00 2.15 16.09
2476.00 2.13 16.07
2477.00 2.13 16.04
2478.00 2.12 16.05
2479.00 2.10 16.01
2480.00 2.10 16.02
2481.00 2.09 16.06
2482.00 2.08 16.08
2483.00 2.09 16.04
2484.00 2.09 16.12
2485.00 2.10 16.16
2486.00 2.10 16.12
2487.00 2.10 16.13
2488.00 2.12 16.10
2489.00 2.11 16.09
2490.00 2.12 16.05
2491.00 2.11 16.11
2492.00 2.09 16.04
2493.00 2.08 16.04
2494.00 2.08 16.08
2495.00 2.07 16.06
2496.00 2.07 16.06
2497.00 2.08 16.00
2498.00 2.08 15.99
2499.00 2.08 15.97
2500.00 2.08 15.95
2501.00 2.06 15.93
2502.00 2.07 15.93
2503.00 2.07 15.96
2504.00 2.09 16.03
2505.00 2.11 16.10
2506.00 2.12 16.03
2507.00 2.12 16.06
2508.00 2.13 16.09
2509.00 2.12 16.10
2510.00 2.12 16.12
2511.00 2.11 16.08
2512.00 2.11 16.15
2513.00 2.13 16.12
2514.00 2.15 16.17
2515.00 2.15 16.14
2516.00 2.14 16.14
2517.00 2.13 16.09
2518.00 2.15 16.11
2519.00 2.15 16.13
2520.00 2.15 16.16
2521.00 2.13 16.13
2522.00 2.13 16.14
2523.00 2.13 16.21
2524.00 2.13 16.23
2525.00 2.13 16.25
2526.00 2.12 16.24
2527.00 2.11 16.25
2528.00 2.12 16.26
2529.00 2.11 16.22
2530.00 2.11 16.23
2531.00 2.11 16.26
2532.00 2.10 16.27
2533.00 2.11 16.28
2534.00 2.09 16.33
2535.00 2.10 16.33
2536.00 2.11 16.31
2537.00 2.10 16.37
2538.00 2.10 16.37
2539.00 2.10 16.39
2540.00 2.11 16.36
2541.00 2.12 16.34
2542.00 2.11 16.35
2543.00 2.10 16.29
2544.00 2.12 16.29
2545.00 2.12 16.28
2546.00 2.13 16.32
2547.00 2.12 16.30
2548.00 2.11 16.38
2549.00 2.12 16.36
2550.00 2.13 16.33
2551.00 2.13 16.38
2552.00 2.13 16.33
2553.00 2.11 16.40
2554.00 2.09 16.34
2555.00 2.11 16.30
2556.00 2.10 16.25
2557.00 2.12 16.21
2558.00 2.11 16.22
2559.00 2.11 16.19
2560.00 2.09 16.12
2561.00 2.10 16.15
2562.00 2.10 16.14
2563.00 2.11 16.15
2564.00 2.12 16.12
2565.00 2.11 16.14
2566.00 2.11 16.11
2567.00 2.11 16.11
2568.00 2.11 16.10
2569.00 2.12 16.06
2570.00 2.11 16.03
2571.00 2.12 16.04
2572.00 2.12 15.97
2573.00 2.11 15.93
2574.00 2.12 15.91
2575.00 2.11 15.88
2576.00 2.13 15.94
2577.00 2.12 16.00
2578.00 2.14 15.99
2579.00 2.15 15.92
2580.00 2.13 15.95
2581.00 2.12 15.89
2582.00 2.10 15.87
2583.00 2.10 15.94
2584.00 2.10 15.91
2585.00 2.11 15.90
2586.00 2.12 15.94
2587.00 2.10 15.97
2588.00 2.11 15.93
2589.00 2.11 15.91
2590.00 2.12 15.91
2591.00 2.12 15.95
2592.00 2.14 15.99
2593.00 2.13 16.03
2594.00 2.14 16.03
2595.00 2.11 16.05
2596.00 2.13 16.08
2597.00 2.13 16.06
2598.00 2.13 16.07
2599.00 2.13 16.08
2600.00 2.10 16.04
2601.00 2.10 15.95
2602.00 2.10 15.92
2603.00 2.10 15.91
2604.00 2.09 15.94
2605.00 2.08 16.03
2606.00 2.10 16.09
2607.00 2.10 16.09
2608.00 2.10 16.13
2609.00 2.10 16.10
2610.00 2.10 16.16
2611.00 2.09 16.11
2612.00 2.11 16.13
2613.00 2.11 16.13
2614.00 2.10 16.09
2615.00 2.10 16.09
2616.00 2.12 16.04
2617.00 2.11 16.07
2618.00 2.12 16.09
2619.00 2.12 16.03
2620.00 2.11 16.04
2621.00 2.11 16.02
2622.00 2.10 16.06
2623.00 2.11 15.99
2624.00 2.12 16.05
2625.00 2.13 16.01
2626.00 2.13 15.98
2627.00 2.15 15.94
2628.00 2.16 15.84
2629.00 2.15 15.86
2630.00 2.15 15.80
2631.00 2.14 15.80
2632.00 2.13 15.80
2633.00 2.12 15.79
2634.00 2.12 15.80
2635.00 2.12 15.82
2636.00 2.09 15.86
2637.00 2.08 15.88
2638.00 2.08 15.94
2639.00 2.10 15.97
2640.00 2.10 15.98
2641.00 2.10 16.05
2642.00 2.13 16.06
2643.00 2.12 16.09
2644.00 2.11 16.16
2645.00 2.14 16.22
2646.00 2.14 16.22
2647.00 2.15 16.22
2648.00 2.15 16.24
2649.00 2.15 16.28
2650.00 2.15 16.25
2651.00 2.14 16.27
2652.00 2.13 16.29
2653.00 2.13 16.26
2654.00 2.10 16.18
2655.00 2.10 16.19
2656.00 2.09 16.20
2657.00 2.11 16.16
2658.00 2.10 16.19
2659.00 2.09 16.15
2660.00 2.09 16.18
2661.00 2.10 16.17
2662.00 2.12 16.15
2663.00 2.14 16.23
2664.00 2.13 16.29
2665.00 2.12 16.33
2666.00 2.12 16.31
2667.00 2.14 16.30
2668.00 2.11 16.27
2669.00 2.11 16.34
2670.00 2.09 16.36
2671.00 2.09 16.38
2672.00 2.10 16.42
2673.00 2.11 16.46
2674.00 2.13 16.51
2675.00 2.13 16.45
2676.00 2.12 16.44
2677.00 2.14 16.42
2678.00 2.14 16.37
2679.00 2.14 16.35
2680.00 2.14 16.43
2681.00 2.12 16.41
2682.00 2.12 16.48
2683.00 2.11 16.51
2684.00 2.10 16.43
2685.00 2.10 16.47
2686.00 2.08 16.46
2687.00 2.07 16.54
2688.00 2.07 16.52
2689.00 2.06 16.47
2690.00 2.06 16.48
2691.00 2.03 16.52
2692.00 2.04 16.55
2693.00 2.06 16.59
2694.00 2.05 16.58
2695.00 2.07 16.61
2696.00 2.08 16.55
2697.00 2.08 16.52
2698.00 2.08 16.46
2699.00 2.08 16.53
2700.00 2.07 16.55
2701.00 2.07 16.51
2702.00 2.06 16.50
2703.00 2.06 16.50
2704.00 2.07 16.57
2705.00 2.06 16.63
2706.00 2.04 16.57
2707.00 2.06 16.54
2708.00 2.06 16.55
2709.00 2.08 16.59
2710.00 2.10 16.59
2711.00 2.11 16.56
2712.00 2.11 16.58
2713.00 2.11 16.61
2714.00 2.10 16.64
2715.00 2.11 16.64
2716.00 2.12 16.61
2717.00 2.09 16.56
2718.00 2.09 16.54
2719.00 2.08 16.52
2720.00 2.08 16.54
2721.00 2.08 16.53
2722.00 2.09 16.50
2723.00 2.09 16.49
2724.00 2.10 16.56
2725.00 2.10 16.53
2726.00 2.10 16.51
2727.00 2.07 16.49
2728.00 2.07 16.53
2729.00 2.06 16.49
2730.00 2.06 16.49
2731.00 2.07 16.42
2732.00 2.08 16.41
2733.00 2.07 16.43
2734.00 2.09 16.40
2735.00 2.09 16.41
2736.00 2.10 16.41
2737.00 2.11 16.44
2738.00 2.10 16.50
2739.00 2.11 16.48
2740.00 2.10 16.46
2741.00 2.10 16.45
2742.00 2.09 16.46
2743.00 2.12 16.49
2744.00 2.11 16.51
2745.00 2.12 16.54
2746.00 2.12 16.56
2747.00 2.13 16.55
2748.00 2.14 16.55
2749.00 2.13 16.50
2750.00 2.13 16.52
2751.00 2.14 16.55
2752.00 2.17 16.55
2753.00 2.16 16.50
2754.00 2.15 16.57
2755.00 2.14 16.52
2756.00 2.13 16.52
2757.00 2.15 16.60
2758.00 2.15 16.61
2759.00 2.16 16.64
2760.00 2.16 16.67
2761.00 2.17 16.74
2762.00 2.15 16.75
2763.00 2.16 16.78
2764.00 2.16 16.82
2765.00 2.15 16.87
2766.00 2.14 16.81
2767.00 2.15 16.78
2768.00 2.14 16.81
2769.00 2.13 16.76
2770.00 2.12 16.67
2771.00 2.10 16.67
2772.00 2.10 16.63
2773.00 2.12 16.58
2774.00 2.12 16.52
2775.00 2.11 16.47
2776.00 2.12 16.52
2777.00 2.12 16.54
2778.00 2.13 16.55
2779.00 2.13 16.57
2780.00 2.13 16.54
2781.00 2.12 16.47
2782.00 2.13 16.49
2783.00 2.13 16.50
2784.00 2.14 16.53
2785.00 2.14 16.60
2786.00 2.15 16.57
2787.00 2.17 16.59
2788.00 2.15 16.56
2789.00 2.14 16.57
2790.00 2.14 16.61
2791.00 2.15 16.60
2792.00 2.14 16.54
2793.00 2.13 16.56
2794.00 2.14 16.55
2795.00 2.13 16.43
2796.00 2.12 16.42
2797.00 2.11 16.42
2798.00 2.09 16.42
2799.00 2.09 16.42
2800.00 2.08 16.45
2801.00 2.09 16.45
2802.00 2.08 16.43
2803.00 2.08 16.42
2804.00 2.08 16.44
2805.00 2.06 16.44
2806.00 2.08 16.43
2807.00 2.08 16.36
2808.00 2.07 16.32
2809.00 2.07 16.39
2810.00 2.06 16.39
2811.00 2.06 16.36
2812.00 2.07 16.38
2813.00 2.06 16.42
2814.00 2.08 16.39
2815.00 2.08 16.39
2816.00 2.07 16.43
2817.00 2.08 16.40
2818.00 2.07 16.40
2819.00 2.08 16.43
2820.00 2.08 16.39
2821.00 2.08 16.36
2822.00 2.09 16.36
2823.00 2.09 16.37
2824.00 2.08 16.40
2825.00 2.08 16.40
2826.00 2.08 16.38
2827.00 2.07 16.37
2828.00 2.08 16.33
2829.00 2.09 16.32
2830.00 2.11 16.31
2831.00 2.10 16.24
2832.00 2.08 16.23
