0 96
1 93
2 101
3 103
4 102
5 99
6 98
7 121
8 111
9 114
10 98
11 101
12 97
13 116
14 109
15 105
16 120
17 113
18 121
19 110
20 123
21 113
22 114
23 107
24 116
25 120
26 114
27 116
28 112
29 110
30 92
31 102
32 92
33 103
34 108
35 101
36 112
37 109
38 108
39 115
40 114
41 116
42 112
43 125
44 108
45 121
46 117
47 113
48 118
49 122
50 126
51 110
52 117
53 134
54 123
55 132
56 127
57 120
58 125
59 118
60 116
61 112
62 118
63 114
64 121
65 125
66 126
67 119
68 128
69 118
70 117
71 128
72 120
73 129
74 125
75 124
76 126
77 129
78 127
79 133
80 119
81 135
82 133
83 147
84 148
85 132
86 137
87 131
88 127
89 140
90 143
91 130
92 152
93 147
94 148
95 142
96 161
97 136
98 159
99 136
100 147
101 149
102 157
103 147
104 159
105 152
106 168
107 172
108 191
109 189
110 205
111 227
112 209
113 214
114 204
115 221
116 216
117 221
118 223
119 200
120 215
121 206
122 218
123 220
124 202
125 209
126 212
127 214
128 212
129 212
130 211
131 212
132 212
133 207
134 209
135 211
136 223
137 206
138 210
139 222
140 196
141 221
142 220
143 213
144 205
145 214
146 210
147 217
148 213
149 196
150 220
151 222
152 188
153 202
154 209
155 212
