0 88
1 82
2 83
3 89
4 83
5 89
6 78
7 84
8 82
9 84
10 73
11 85
12 76
13 81
14 77
15 91
16 83
17 84
18 91
19 88
20 86
21 96
22 90
23 87
24 91
25 94
26 99
27 106
28 93
29 94
30 98
31 103
32 94
33 96
34 100
35 96
36 88
37 96
38 103
39 93
40 107
41 100
42 102
43 101
44 91
45 90
46 100
47 97
48 100
49 101
50 103
51 106
52 105
53 101
54 108
55 108
56 94
57 95
58 110
59 113
60 100
61 103
62 96
63 102
64 103
65 104
66 113
67 95
68 105
69 104
70 105
71 105
72 111
73 107
74 103
75 114
76 111
77 114
78 104
79 112
80 97
81 95
82 99
83 99
84 96
85 110
86 122
87 119
88 115
89 118
90 109
91 119
92 116
93 111
94 120
95 109
96 121
97 120
98 118
99 131
100 131
101 124
102 145
103 124
104 121
105 117
106 123
107 130
108 124
109 116
110 112
111 117
112 115
113 122
114 130
115 130
116 135
117 135
118 138
119 138
120 137
121 143
122 132
123 124
124 132
125 138
126 137
127 143
128 147
129 155
130 153
131 132
132 145
133 148
134 137
135 137
136 136
137 144
138 154
139 143
140 155
141 159
142 154
143 170
144 166
145 175
146 174
147 173
