0 51
1 58
2 67
3 50
4 67
5 58
6 55
7 76
8 86
9 83
10 85
11 73
12 102
13 100
14 92
15 94
16 93
17 89
18 83
19 81
20 84
21 100
22 96
23 90
24 95
25 104
26 101
27 99
28 91
29 102
30 95
31 92
32 85
33 104
34 110
35 98
36 98
37 102
38 93
39 104
40 101
41 113
42 113
43 105
44 109
45 121
46 110
47 125
48 118
49 108
50 112
51 121
52 108
53 115
54 115
55 117
56 120
57 125
58 126
59 125
60 108
61 132
62 135
63 131
64 136
65 134
66 131
67 137
68 120
69 137
70 139
71 128
72 135
73 140
74 139
75 140
76 153
77 144
78 147
79 144
80 146
81 135
82 144
83 154
84 135
85 143
86 147
87 141
88 138
89 146
90 139
91 136
92 142
93 142
94 144
95 125
96 143
97 143
98 161
99 135
100 144
101 151
102 155
103 170
104 151
105 162
106 171
107 157
108 174
109 178
110 173
111 181
112 163
113 174
114 187
115 184
116 185
117 195
118 201
119 184
120 180
121 174
122 198
123 199
124 192
125 193
126 193
127 174
128 188
129 177
