0 45
1 44
2 41
3 39
4 42
5 47
6 50
7 51
8 50
9 47
10 43
11 48
12 43
13 39
14 45
15 41
16 50
17 45
18 44
19 45
20 40
21 37
22 42
23 46
24 38
25 46
26 44
27 45
28 45
29 45
30 42
31 45
32 52
33 44
34 59
35 67
36 77
37 78
38 78
39 67
40 68
41 72
42 65
43 76
44 72
45 80
46 76
47 90
48 95
49 98
50 86
51 95
52 104
53 85
54 80
55 84
56 79
57 96
58 84
59 73
60 87
61 89
62 94
63 80
64 82
65 86
66 85
67 78
68 105
69 93
70 85
71 91
72 93
73 82
74 94
75 76
76 94
77 98
78 106
79 93
80 101
81 94
82 107
83 96
84 96
85 106
86 93
87 107
88 109
89 88
90 101
91 99
92 97
93 87
94 94
95 94
96 97
97 109
98 108
99 110
100 108
101 110
102 106
103 108
104 110
105 107
106 105
107 112
108 113
109 119
110 116
111 119
112 121
113 115
114 98
115 111
116 122
117 121
118 114
119 111
120 112
121 123
122 125
123 114
124 126
125 121
126 105
127 107
128 119
129 119
130 122
131 126
132 126
133 138
134 133
135 126
136 128
137 136
138 128
139 140
140 135
141 137
142 140
143 147
144 138
145 139
146 137
147 137
148 145
149 143
