0 11
1 23
2 36
3 27
4 37
5 37
6 37
7 35
8 40
9 40
10 45
11 39
12 45
13 37
14 39
15 29
16 39
17 43
18 42
19 42
20 38
21 50
22 44
23 50
24 55
25 44
26 59
27 50
28 57
29 60
30 67
31 69
32 64
33 69
34 83
35 78
36 63
37 78
38 68
39 78
40 73
41 70
42 98
43 87
44 86
45 86
46 73
47 89
48 89
49 72
50 89
51 100
52 102
53 101
54 76
55 93
56 101
57 127
58 85
59 89
60 98
61 89
62 92
63 87
64 95
65 86
66 77
67 84
68 70
69 83
70 85
71 77
72 97
73 95
74 84
75 95
76 100
77 94
78 114
79 85
80 111
81 121
82 88
83 85
84 110
85 121
86 85
87 110
88 90
89 74
90 106
91 109
92 109
93 122
94 93
95 98
96 109
97 71
98 96
99 104
100 120
101 103
102 90
103 131
104 104
105 101
106 93
107 114
108 109
109 150
110 116
111 101
112 108
113 113
114 106
115 103
116 126
117 113
118 108
119 99
120 110
121 104
122 106
123 127
124 110
125 94
126 143
127 116
128 128
129 101
130 136
131 127
132 108
133 135
134 124
135 133
136 136
137 98
138 143
139 146
140 123
141 111
142 124
143 141
144 134
145 157
146 155
147 121
