0 3
1 3
2 0
3 0
4 3
5 2
6 2
7 2
8 2
9 2
10 2
11 3
12 3
13 3
14 0
15 1
16 3
17 1
18 6
19 4
20 6
21 2
22 4
23 0
24 7
25 1
26 1
27 1
28 3
29 4
30 3
31 2
32 2
33 3
34 2
35 3
36 0
37 1
38 4
39 2
40 3
41 2
42 23
43 26
44 32
45 37
46 36
47 37
48 38
49 36
50 31
51 30
52 34
53 34
54 46
55 47
56 40
57 42
58 36
59 49
60 60
61 61
62 65
63 67
64 75
65 74
66 84
67 78
68 69
69 67
70 75
71 77
72 78
73 88
74 76
75 86
76 87
77 76
78 87
79 82
80 80
81 77
82 68
83 78
84 78
85 72
86 87
87 86
88 85
89 91
90 86
91 83
92 89
93 85
94 65
95 79
96 90
97 89
98 84
99 75
100 84
101 82
102 84
103 89
104 84
105 80
106 85
107 78
108 79
109 96
110 90
111 98
112 88
113 104
114 93
115 87
116 82
117 93
118 98
119 104
120 102
121 97
122 107
123 97
124 93
125 95
126 96
127 101
128 101
129 103
130 104
131 108
132 107
133 109
134 102
135 102
136 109
137 100
