0 1
1 1
2 0
3 0
4 1
5 1
6 3
7 1
8 4
9 4
10 4
11 2
12 3
13 2
14 2
15 5
16 2
17 2
18 2
19 1
20 0
21 2
22 4
23 0
24 2
25 1
26 3
27 3
28 1
29 1
30 2
31 3
32 2
33 3
34 2
35 5
36 2
37 3
38 22
39 26
40 41
41 32
42 35
43 37
44 40
45 34
46 40
47 38
48 40
49 39
50 49
51 42
52 45
53 46
54 38
55 45
56 49
57 52
58 44
59 45
60 47
61 63
62 66
63 57
64 65
65 75
66 77
67 84
68 84
69 91
70 81
71 89
72 77
73 81
74 77
75 71
76 86
77 82
78 81
79 83
80 88
81 84
82 91
83 84
84 95
85 81
86 101
87 93
88 98
89 98
90 90
91 94
92 99
93 102
94 113
95 105
96 114
97 113
98 114
99 104
100 115
101 113
102 103
103 100
104 101
105 108
106 106
107 110
108 105
109 98
110 102
111 96
112 103
113 92
114 95
115 105
116 107
117 95
118 103
119 101
120 106
121 93
122 105
123 109
124 94
125 95
126 91
127 105
128 108
129 94
130 99
131 110
132 113
133 124
134 108
135 111
136 110
