0 12
1 27
2 28
3 29
4 31
5 28
6 38
7 38
8 43
9 43
10 42
11 41
12 42
13 46
14 47
15 43
16 42
17 46
18 50
19 45
20 48
21 51
22 47
23 59
24 51
25 53
26 70
27 54
28 72
29 67
30 64
31 78
32 67
33 69
34 61
35 78
36 67
37 63
38 62
39 82
40 75
41 81
42 65
43 81
44 97
45 70
46 78
47 78
48 91
49 70
50 67
51 82
52 67
53 72
54 89
55 68
56 88
57 77
58 58
59 107
60 87
61 86
62 77
63 85
64 96
65 104
66 109
67 89
68 88
69 85
70 102
71 83
72 122
73 101
74 79
75 95
76 128
77 106
78 119
79 96
80 89
81 112
82 120
83 104
84 83
85 103
86 84
87 112
88 68
89 102
90 134
91 106
92 96
93 104
94 101
95 126
96 103
97 117
98 116
99 114
100 131
101 110
102 102
103 97
104 108
105 116
106 101
107 125
108 122
109 115
110 142
111 132
112 115
113 116
114 116
115 122
116 143
117 135
118 155
119 128
120 129
121 132
122 138
123 168
124 125
125 143
126 136
127 111
128 138
129 135
130 147
131 93
132 136
133 125
134 164
135 118
136 130
137 140
138 142
139 138
140 140
141 142
142 129
143 177
144 146
145 151
146 119
147 148
148 140
149 146
150 146
151 133
152 157
153 104
