0 11
1 25
2 27
3 32
4 38
5 21
6 38
7 36
8 41
9 35
10 41
11 41
12 33
13 41
14 49
15 43
16 48
17 33
18 39
19 32
20 47
21 46
22 51
23 57
24 56
25 62
26 64
27 60
28 60
29 82
30 71
31 76
32 68
33 62
34 80
35 54
36 74
37 75
38 68
39 78
40 71
41 82
42 73
43 91
44 97
45 94
46 112
47 80
48 79
49 73
50 84
51 106
52 96
53 110
54 83
55 77
56 81
57 93
58 95
59 88
60 61
61 87
62 99
63 84
64 101
65 108
66 80
67 120
68 85
69 121
70 100
71 105
72 98
73 70
74 91
75 100
76 121
77 98
78 102
79 86
80 96
81 112
82 105
83 123
84 103
85 111
86 114
87 112
88 137
89 94
90 90
91 99
92 82
93 128
94 123
95 98
96 106
97 116
98 114
99 105
100 132
101 125
102 100
103 102
104 102
105 128
106 98
107 105
108 83
109 152
110 106
111 136
112 120
113 114
114 128
115 115
116 122
117 105
118 109
119 97
120 113
121 127
122 140
123 137
124 112
125 129
126 116
127 143
128 119
129 110
130 118
131 134
132 123
